Original population print time: 
[14742.0, 14743.0, 14744.0, 14744.0, 14747.0, 14751.0, 14891.0, 14892.0, 14894.0, 15121.0, 15122.0, 15128.0, 15132.0, 15135.0, 15434.0, 15446.0, 15452.0, 15591.0, 15598.0, 15599.0]
Generation 1 population print time: 
[14742.0, 14743.0, 14744.0, 14744.0, 14744.0, 14745.0, 14747.0, 14749.0, 14751.0, 14751.0, 14751.0, 14891.0, 14902.0, 15122.0, 15128.0, 15132.0, 15446.0, 15451.0, 15456.0, 15598.0]
Generation 2 population print time: 
[13922.0, 14742.0, 14743.0, 14744.0, 14744.0, 14744.0, 14745.0, 14749.0, 14751.0, 14751.0, 14751.0, 14902.0, 15119.0, 15126.0, 15126.0, 15130.0, 15440.0, 15449.0, 15451.0, 15464.0]
Generation 3 population print time: 
[13922.0, 13922.0, 14742.0, 14743.0, 14744.0, 14744.0, 14744.0, 14745.0, 14749.0, 14751.0, 14896.0, 14902.0, 15123.0, 15126.0, 15133.0, 15136.0, 15440.0, 15450.0, 15461.0, 15466.0]
Generation 4 population print time: 
[13922.0, 13922.0, 14742.0, 14742.0, 14743.0, 14744.0, 14744.0, 14749.0, 14896.0, 14896.0, 15128.0, 15131.0, 15131.0, 15133.0, 15135.0, 15440.0, 15440.0, 15450.0, 15450.0, 15466.0]
Generation 5 population print time: 
[13922.0, 13922.0, 13922.0, 13922.0, 13922.0, 14742.0, 14742.0, 14742.0, 14742.0, 14743.0, 14744.0, 15131.0, 15135.0, 15440.0, 15445.0, 15450.0, 15455.0, 15455.0, 15598.0, 16297.0]
Generation 6 population print time: 
[13922.0, 13922.0, 13922.0, 13922.0, 13922.0, 13922.0, 13922.0, 13922.0, 13922.0, 14742.0, 14742.0, 14743.0, 14744.0, 14744.0, 15126.0, 15135.0, 15439.0, 15441.0, 15455.0, 15594.0]
Generation 7 population print time: 
[7878.0, 13922.0, 13922.0, 13922.0, 13922.0, 13922.0, 13922.0, 13922.0, 13922.0, 13922.0, 13922.0, 13922.0, 13922.0, 13922.0, 14743.0, 14743.0, 15116.0, 15127.0, 15131.0, 15144.0]
Generation 8 population print time: 
[7878.0, 7878.0, 7878.0, 7878.0, 7878.0, 7878.0, 7878.0, 13922.0, 13922.0, 13922.0, 13922.0, 13922.0, 13922.0, 13922.0, 14897.0, 15124.0, 15131.0, 15453.0, 15455.0, 15598.0]
Generation 9 population print time: 
[7878.0, 7878.0, 7878.0, 7878.0, 7878.0, 7878.0, 7878.0, 7878.0, 7878.0, 7878.0, 7878.0, 7878.0, 7878.0, 7878.0, 14741.0, 14742.0, 15129.0, 15133.0, 15454.0, 15594.0]
