Original population print time: 
[12254.0, 12255.0, 12255.0, 12257.0, 12257.0, 12258.0, 12258.0, 12259.0, 12259.0, 12259.0, 12260.0, 12260.0, 12260.0, 12260.0, 12260.0, 12260.0, 12261.0, 12262.0, 12263.0, 12263.0]
Generation 1 population print time: 
[12254.0, 12255.0, 12255.0, 12255.0, 12255.0, 12257.0, 12257.0, 12257.0, 12258.0, 12259.0, 12260.0, 12260.0, 12260.0, 12260.0, 12260.0, 12261.0, 12262.0, 12262.0, 12262.0, 12263.0]
Generation 2 population print time: 
[12254.0, 12254.0, 12255.0, 12255.0, 12255.0, 12255.0, 12255.0, 12255.0, 12255.0, 12255.0, 12256.0, 12257.0, 12258.0, 12259.0, 12259.0, 12260.0, 12260.0, 12262.0, 12263.0, 12263.0]
Generation 3 population print time: 
[12254.0, 12254.0, 12254.0, 12255.0, 12255.0, 12255.0, 12255.0, 12255.0, 12255.0, 12258.0, 12258.0, 12258.0, 12260.0, 12261.0, 12262.0, 12262.0, 12262.0, 12263.0, 12263.0, 12263.0]
Generation 4 population print time: 
[12254.0, 12254.0, 12254.0, 12254.0, 12254.0, 12254.0, 12254.0, 12255.0, 12255.0, 12255.0, 12256.0, 12257.0, 12258.0, 12259.0, 12261.0, 12261.0, 12262.0, 12263.0, 12263.0, 12263.0]
Generation 5 population print time: 
[12254.0, 12254.0, 12254.0, 12254.0, 12254.0, 12254.0, 12254.0, 12254.0, 12254.0, 12254.0, 12254.0, 12254.0, 12256.0, 12256.0, 12257.0, 12259.0, 12259.0, 12261.0, 12261.0, 12262.0]
Generation 6 population print time: 
[12254.0, 12254.0, 12254.0, 12254.0, 12254.0, 12254.0, 12254.0, 12254.0, 12254.0, 12254.0, 12255.0, 12256.0, 12257.0, 12257.0, 12258.0, 12259.0, 12259.0, 12260.0, 12261.0, 12263.0]
Generation 7 population print time: 
[12254.0, 12254.0, 12254.0, 12254.0, 12254.0, 12254.0, 12254.0, 12254.0, 12257.0, 12258.0, 12258.0, 12258.0, 12258.0, 12259.0, 12260.0, 12260.0, 12261.0, 12262.0, 12263.0, 12263.0]
Generation 8 population print time: 
[12254.0, 12254.0, 12254.0, 12254.0, 12254.0, 12254.0, 12254.0, 12254.0, 12255.0, 12257.0, 12257.0, 12258.0, 12258.0, 12258.0, 12258.0, 12258.0, 12259.0, 12260.0, 12261.0, 12263.0]
Generation 9 population print time: 
[12253.0, 12254.0, 12254.0, 12254.0, 12254.0, 12254.0, 12254.0, 12254.0, 12255.0, 12257.0, 12257.0, 12258.0, 12258.0, 12259.0, 12259.0, 12259.0, 12260.0, 12261.0, 12263.0, 12263.0]
Generation 10 population print time: 
[12253.0, 12254.0, 12254.0, 12254.0, 12254.0, 12254.0, 12254.0, 12255.0, 12256.0, 12256.0, 12257.0, 12257.0, 12257.0, 12258.0, 12258.0, 12259.0, 12259.0, 12259.0, 12260.0, 12261.0]
Generation 11 population print time: 
[12253.0, 12253.0, 12254.0, 12254.0, 12254.0, 12254.0, 12254.0, 12254.0, 12254.0, 12255.0, 12256.0, 12256.0, 12256.0, 12257.0, 12259.0, 12260.0, 12260.0, 12261.0, 12261.0, 12261.0]
Generation 12 population print time: 
[12253.0, 12253.0, 12254.0, 12254.0, 12254.0, 12254.0, 12254.0, 12254.0, 12254.0, 12254.0, 12255.0, 12255.0, 12255.0, 12256.0, 12256.0, 12257.0, 12260.0, 12260.0, 12261.0, 12262.0]
Generation 13 population print time: 
[12253.0, 12253.0, 12253.0, 12253.0, 12254.0, 12254.0, 12254.0, 12254.0, 12254.0, 12255.0, 12256.0, 12257.0, 12258.0, 12259.0, 12259.0, 12260.0, 12260.0, 12261.0, 12261.0, 12262.0]
Generation 14 population print time: 
[12253.0, 12253.0, 12253.0, 12253.0, 12253.0, 12254.0, 12254.0, 12254.0, 12254.0, 12254.0, 12255.0, 12255.0, 12256.0, 12256.0, 12257.0, 12258.0, 12259.0, 12260.0, 12261.0, 12262.0]
Generation 15 population print time: 
[12253.0, 12253.0, 12253.0, 12253.0, 12253.0, 12253.0, 12254.0, 12254.0, 12256.0, 12256.0, 12257.0, 12258.0, 12259.0, 12259.0, 12260.0, 12260.0, 12260.0, 12260.0, 12260.0, 12261.0]
Generation 16 population print time: 
[12253.0, 12253.0, 12253.0, 12253.0, 12253.0, 12253.0, 12253.0, 12253.0, 12253.0, 12253.0, 12257.0, 12258.0, 12258.0, 12258.0, 12259.0, 12260.0, 12260.0, 12262.0, 12262.0, 12263.0]
Generation 17 population print time: 
[12253.0, 12253.0, 12253.0, 12253.0, 12253.0, 12253.0, 12253.0, 12253.0, 12253.0, 12253.0, 12253.0, 12254.0, 12255.0, 12256.0, 12258.0, 12258.0, 12259.0, 12260.0, 12261.0, 12263.0]
Generation 18 population print time: 
[12253.0, 12253.0, 12253.0, 12253.0, 12253.0, 12253.0, 12253.0, 12253.0, 12253.0, 12253.0, 12253.0, 12253.0, 12256.0, 12258.0, 12258.0, 12259.0, 12260.0, 12261.0, 12263.0, 12263.0]
Generation 19 population print time: 
[12253.0, 12253.0, 12253.0, 12253.0, 12253.0, 12253.0, 12253.0, 12253.0, 12253.0, 12253.0, 12253.0, 12254.0, 12254.0, 12255.0, 12256.0, 12258.0, 12259.0, 12261.0, 12262.0, 12263.0]
Generation 20 population print time: 
[12253.0, 12253.0, 12253.0, 12253.0, 12253.0, 12253.0, 12253.0, 12255.0, 12256.0, 12256.0, 12256.0, 12259.0, 12259.0, 12260.0, 12261.0, 12261.0, 12262.0, 12262.0, 12262.0, 12263.0]
Generation 21 population print time: 
[12253.0, 12253.0, 12253.0, 12253.0, 12253.0, 12253.0, 12253.0, 12253.0, 12256.0, 12257.0, 12258.0, 12259.0, 12259.0, 12260.0, 12261.0, 12261.0, 12262.0, 12262.0, 12262.0, 12263.0]
Generation 22 population print time: 
[12253.0, 12253.0, 12253.0, 12253.0, 12253.0, 12253.0, 12253.0, 12253.0, 12253.0, 12256.0, 12257.0, 12258.0, 12258.0, 12259.0, 12259.0, 12259.0, 12259.0, 12259.0, 12260.0, 12260.0]
Generation 23 population print time: 
[12253.0, 12253.0, 12253.0, 12253.0, 12253.0, 12253.0, 12253.0, 12253.0, 12253.0, 12253.0, 12256.0, 12256.0, 12257.0, 12257.0, 12259.0, 12259.0, 12259.0, 12259.0, 12262.0, 12262.0]
Generation 24 population print time: 
[12253.0, 12253.0, 12253.0, 12253.0, 12253.0, 12253.0, 12253.0, 12254.0, 12257.0, 12258.0, 12259.0, 12259.0, 12259.0, 12260.0, 12260.0, 12261.0, 12262.0, 12262.0, 12262.0, 12263.0]
Generation 25 population print time: 
[12253.0, 12253.0, 12253.0, 12253.0, 12253.0, 12253.0, 12253.0, 12254.0, 12256.0, 12258.0, 12258.0, 12258.0, 12259.0, 12259.0, 12259.0, 12260.0, 12261.0, 12262.0, 12262.0, 12263.0]
Generation 26 population print time: 
[12253.0, 12253.0, 12253.0, 12253.0, 12253.0, 12253.0, 12253.0, 12253.0, 12258.0, 12258.0, 12258.0, 12258.0, 12259.0, 12260.0, 12260.0, 12260.0, 12262.0, 12262.0, 12263.0, 12263.0]
Generation 27 population print time: 
[12253.0, 12253.0, 12253.0, 12253.0, 12253.0, 12253.0, 12253.0, 12253.0, 12253.0, 12257.0, 12258.0, 12258.0, 12259.0, 12260.0, 12260.0, 12261.0, 12262.0, 12262.0, 12263.0, 12264.0]
Generation 28 population print time: 
[12253.0, 12253.0, 12253.0, 12253.0, 12253.0, 12253.0, 12253.0, 12253.0, 12254.0, 12257.0, 12258.0, 12258.0, 12259.0, 12259.0, 12260.0, 12260.0, 12261.0, 12261.0, 12262.0, 12264.0]
Generation 29 population print time: 
[12253.0, 12253.0, 12253.0, 12253.0, 12253.0, 12253.0, 12253.0, 12253.0, 12253.0, 12254.0, 12254.0, 12257.0, 12257.0, 12259.0, 12259.0, 12259.0, 12260.0, 12260.0, 12261.0, 12261.0]
Generation 30 population print time: 
[12253.0, 12253.0, 12253.0, 12253.0, 12253.0, 12253.0, 12253.0, 12253.0, 12253.0, 12253.0, 12254.0, 12255.0, 12258.0, 12259.0, 12260.0, 12260.0, 12261.0, 12261.0, 12261.0, 12262.0]
Generation 31 population print time: 
[12253.0, 12253.0, 12253.0, 12253.0, 12253.0, 12253.0, 12253.0, 12253.0, 12253.0, 12254.0, 12255.0, 12257.0, 12258.0, 12259.0, 12260.0, 12260.0, 12261.0, 12262.0, 12262.0, 12262.0]
Generation 32 population print time: 
[12253.0, 12253.0, 12253.0, 12253.0, 12253.0, 12253.0, 12253.0, 12253.0, 12253.0, 12253.0, 12254.0, 12257.0, 12257.0, 12258.0, 12259.0, 12260.0, 12260.0, 12262.0, 12262.0, 12262.0]
Generation 33 population print time: 
[12253.0, 12253.0, 12253.0, 12253.0, 12253.0, 12253.0, 12254.0, 12255.0, 12257.0, 12257.0, 12257.0, 12258.0, 12258.0, 12259.0, 12260.0, 12261.0, 12262.0, 12262.0, 12262.0, 12264.0]
Generation 34 population print time: 
[12253.0, 12253.0, 12253.0, 12253.0, 12253.0, 12253.0, 12254.0, 12254.0, 12257.0, 12257.0, 12257.0, 12257.0, 12258.0, 12259.0, 12260.0, 12260.0, 12260.0, 12260.0, 12261.0, 12262.0]
Generation 35 population print time: 
[12253.0, 12253.0, 12253.0, 12253.0, 12253.0, 12253.0, 12253.0, 12253.0, 12253.0, 12254.0, 12256.0, 12257.0, 12258.0, 12260.0, 12260.0, 12260.0, 12260.0, 12261.0, 12262.0, 12262.0]
Generation 36 population print time: 
[12253.0, 12253.0, 12253.0, 12253.0, 12253.0, 12253.0, 12253.0, 12253.0, 12253.0, 12253.0, 12255.0, 12257.0, 12257.0, 12258.0, 12259.0, 12260.0, 12260.0, 12260.0, 12261.0, 12262.0]
Generation 37 population print time: 
[12253.0, 12253.0, 12253.0, 12253.0, 12253.0, 12253.0, 12253.0, 12253.0, 12253.0, 12253.0, 12257.0, 12257.0, 12258.0, 12259.0, 12259.0, 12259.0, 12260.0, 12260.0, 12260.0, 12262.0]
Generation 38 population print time: 
[12253.0, 12253.0, 12253.0, 12253.0, 12253.0, 12253.0, 12253.0, 12253.0, 12253.0, 12253.0, 12257.0, 12258.0, 12259.0, 12260.0, 12260.0, 12260.0, 12261.0, 12262.0, 12262.0, 12262.0]
Generation 39 population print time: 
[12253.0, 12253.0, 12253.0, 12253.0, 12253.0, 12253.0, 12253.0, 12253.0, 12253.0, 12254.0, 12257.0, 12257.0, 12257.0, 12257.0, 12258.0, 12258.0, 12258.0, 12261.0, 12261.0, 12261.0]
Generation 40 population print time: 
[12253.0, 12253.0, 12253.0, 12253.0, 12253.0, 12253.0, 12253.0, 12253.0, 12253.0, 12253.0, 12254.0, 12254.0, 12257.0, 12257.0, 12257.0, 12257.0, 12258.0, 12259.0, 12260.0, 12262.0]
Generation 41 population print time: 
[12253.0, 12253.0, 12253.0, 12253.0, 12253.0, 12253.0, 12253.0, 12253.0, 12253.0, 12253.0, 12254.0, 12254.0, 12254.0, 12254.0, 12256.0, 12257.0, 12258.0, 12258.0, 12261.0, 12263.0]
Generation 42 population print time: 
[12253.0, 12253.0, 12253.0, 12253.0, 12253.0, 12253.0, 12253.0, 12253.0, 12253.0, 12253.0, 12253.0, 12253.0, 12254.0, 12254.0, 12258.0, 12260.0, 12261.0, 12262.0, 12262.0, 12263.0]
Generation 43 population print time: 
[12253.0, 12253.0, 12253.0, 12253.0, 12253.0, 12253.0, 12253.0, 12253.0, 12253.0, 12255.0, 12258.0, 12258.0, 12260.0, 12260.0, 12260.0, 12260.0, 12260.0, 12262.0, 12262.0, 12263.0]
Generation 44 population print time: 
[12253.0, 12253.0, 12253.0, 12253.0, 12253.0, 12253.0, 12253.0, 12253.0, 12253.0, 12253.0, 12255.0, 12255.0, 12256.0, 12259.0, 12259.0, 12260.0, 12260.0, 12260.0, 12262.0, 12262.0]
Generation 45 population print time: 
[12253.0, 12253.0, 12253.0, 12253.0, 12253.0, 12253.0, 12256.0, 12256.0, 12257.0, 12257.0, 12258.0, 12259.0, 12259.0, 12260.0, 12260.0, 12260.0, 12260.0, 12260.0, 12261.0, 12262.0]
Generation 46 population print time: 
[12253.0, 12253.0, 12253.0, 12253.0, 12253.0, 12253.0, 12257.0, 12257.0, 12258.0, 12259.0, 12259.0, 12259.0, 12259.0, 12259.0, 12260.0, 12260.0, 12260.0, 12260.0, 12260.0, 12261.0]
Generation 47 population print time: 
[12253.0, 12253.0, 12253.0, 12253.0, 12253.0, 12253.0, 12253.0, 12253.0, 12253.0, 12253.0, 12253.0, 12257.0, 12257.0, 12258.0, 12258.0, 12260.0, 12260.0, 12260.0, 12262.0, 12262.0]
Generation 48 population print time: 
[12253.0, 12253.0, 12253.0, 12253.0, 12253.0, 12253.0, 12253.0, 12255.0, 12258.0, 12258.0, 12258.0, 12258.0, 12260.0, 12260.0, 12260.0, 12261.0, 12262.0, 12262.0, 12262.0, 12263.0]
Generation 49 population print time: 
[12253.0, 12253.0, 12253.0, 12253.0, 12253.0, 12253.0, 12253.0, 12255.0, 12257.0, 12258.0, 12258.0, 12260.0, 12260.0, 12260.0, 12261.0, 12261.0, 12261.0, 12261.0, 12262.0, 12264.0]
Generation 50 population print time: 
[12253.0, 12253.0, 12253.0, 12253.0, 12253.0, 12253.0, 12253.0, 12255.0, 12257.0, 12258.0, 12259.0, 12259.0, 12260.0, 12260.0, 12261.0, 12261.0, 12261.0, 12262.0, 12263.0, 12263.0]
Generation 51 population print time: 
[12253.0, 12253.0, 12253.0, 12253.0, 12253.0, 12253.0, 12255.0, 12257.0, 12258.0, 12259.0, 12260.0, 12260.0, 12260.0, 12261.0, 12261.0, 12261.0, 12262.0, 12263.0, 12263.0, 12263.0]
Generation 52 population print time: 
[12253.0, 12253.0, 12253.0, 12253.0, 12253.0, 12253.0, 12253.0, 12253.0, 12258.0, 12259.0, 12260.0, 12260.0, 12260.0, 12261.0, 12261.0, 12261.0, 12262.0, 12263.0, 12263.0, 12263.0]
Generation 53 population print time: 
[12253.0, 12253.0, 12253.0, 12253.0, 12253.0, 12253.0, 12253.0, 12255.0, 12255.0, 12257.0, 12257.0, 12257.0, 12258.0, 12258.0, 12260.0, 12260.0, 12260.0, 12261.0, 12263.0, 12263.0]
Generation 54 population print time: 
[12253.0, 12253.0, 12253.0, 12253.0, 12253.0, 12253.0, 12253.0, 12253.0, 12254.0, 12255.0, 12255.0, 12257.0, 12257.0, 12257.0, 12258.0, 12259.0, 12260.0, 12261.0, 12262.0, 12263.0]
Generation 55 population print time: 
[12253.0, 12253.0, 12253.0, 12253.0, 12253.0, 12253.0, 12253.0, 12253.0, 12253.0, 12253.0, 12253.0, 12254.0, 12254.0, 12254.0, 12254.0, 12255.0, 12258.0, 12258.0, 12259.0, 12260.0]
Generation 56 population print time: 
[12253.0, 12253.0, 12253.0, 12253.0, 12253.0, 12253.0, 12253.0, 12254.0, 12255.0, 12258.0, 12258.0, 12258.0, 12258.0, 12258.0, 12259.0, 12259.0, 12260.0, 12260.0, 12261.0, 12262.0]
Generation 57 population print time: 
[12253.0, 12253.0, 12253.0, 12253.0, 12253.0, 12253.0, 12253.0, 12253.0, 12254.0, 12257.0, 12258.0, 12258.0, 12259.0, 12259.0, 12259.0, 12260.0, 12260.0, 12261.0, 12263.0, 12264.0]
Generation 58 population print time: 
[12253.0, 12253.0, 12253.0, 12253.0, 12253.0, 12253.0, 12253.0, 12253.0, 12255.0, 12255.0, 12257.0, 12257.0, 12258.0, 12259.0, 12259.0, 12259.0, 12260.0, 12260.0, 12261.0, 12263.0]
Generation 59 population print time: 
[12253.0, 12253.0, 12253.0, 12253.0, 12253.0, 12253.0, 12253.0, 12253.0, 12253.0, 12255.0, 12257.0, 12258.0, 12259.0, 12259.0, 12259.0, 12259.0, 12260.0, 12260.0, 12261.0, 12261.0]
Generation 60 population print time: 
[12253.0, 12253.0, 12253.0, 12253.0, 12253.0, 12253.0, 12253.0, 12253.0, 12253.0, 12253.0, 12253.0, 12255.0, 12257.0, 12258.0, 12259.0, 12259.0, 12259.0, 12260.0, 12261.0, 12261.0]
Generation 61 population print time: 
[12253.0, 12253.0, 12253.0, 12253.0, 12253.0, 12253.0, 12253.0, 12253.0, 12253.0, 12256.0, 12258.0, 12259.0, 12259.0, 12259.0, 12260.0, 12260.0, 12260.0, 12261.0, 12261.0, 12262.0]
Generation 62 population print time: 
[12253.0, 12253.0, 12253.0, 12253.0, 12253.0, 12253.0, 12253.0, 12255.0, 12256.0, 12257.0, 12257.0, 12259.0, 12259.0, 12260.0, 12260.0, 12260.0, 12260.0, 12260.0, 12261.0, 12262.0]
Generation 63 population print time: 
[12253.0, 12253.0, 12253.0, 12253.0, 12253.0, 12253.0, 12253.0, 12254.0, 12256.0, 12256.0, 12256.0, 12256.0, 12257.0, 12257.0, 12258.0, 12259.0, 12260.0, 12261.0, 12261.0, 12261.0]
Generation 64 population print time: 
[12253.0, 12253.0, 12253.0, 12253.0, 12253.0, 12253.0, 12253.0, 12254.0, 12254.0, 12256.0, 12256.0, 12256.0, 12257.0, 12257.0, 12259.0, 12260.0, 12261.0, 12261.0, 12261.0, 12261.0]
Generation 65 population print time: 
[12253.0, 12253.0, 12253.0, 12253.0, 12253.0, 12253.0, 12253.0, 12253.0, 12254.0, 12254.0, 12255.0, 12256.0, 12257.0, 12259.0, 12261.0, 12261.0, 12261.0, 12261.0, 12262.0, 12263.0]
Generation 66 population print time: 
[12253.0, 12253.0, 12253.0, 12253.0, 12253.0, 12253.0, 12253.0, 12253.0, 12255.0, 12258.0, 12259.0, 12259.0, 12259.0, 12260.0, 12261.0, 12261.0, 12261.0, 12261.0, 12263.0, 12263.0]
Generation 67 population print time: 
[12253.0, 12253.0, 12253.0, 12253.0, 12253.0, 12253.0, 12253.0, 12253.0, 12253.0, 12255.0, 12255.0, 12255.0, 12258.0, 12258.0, 12259.0, 12260.0, 12261.0, 12261.0, 12262.0, 12263.0]
Generation 68 population print time: 
[12253.0, 12253.0, 12253.0, 12253.0, 12253.0, 12253.0, 12253.0, 12253.0, 12253.0, 12253.0, 12256.0, 12257.0, 12258.0, 12259.0, 12260.0, 12261.0, 12261.0, 12262.0, 12263.0, 12263.0]
Generation 69 population print time: 
[12253.0, 12253.0, 12253.0, 12253.0, 12253.0, 12253.0, 12253.0, 12253.0, 12254.0, 12255.0, 12256.0, 12258.0, 12259.0, 12259.0, 12260.0, 12260.0, 12261.0, 12262.0, 12262.0, 12263.0]
Generation 70 population print time: 
[12253.0, 12253.0, 12253.0, 12253.0, 12253.0, 12253.0, 12253.0, 12253.0, 12254.0, 12256.0, 12258.0, 12259.0, 12259.0, 12259.0, 12260.0, 12261.0, 12261.0, 12262.0, 12262.0, 12262.0]
Generation 71 population print time: 
[12253.0, 12253.0, 12253.0, 12253.0, 12253.0, 12253.0, 12253.0, 12253.0, 12253.0, 12253.0, 12253.0, 12253.0, 12254.0, 12258.0, 12258.0, 12258.0, 12259.0, 12259.0, 12260.0, 12260.0]
Generation 72 population print time: 
[12253.0, 12253.0, 12253.0, 12253.0, 12253.0, 12253.0, 12253.0, 12253.0, 12254.0, 12254.0, 12257.0, 12257.0, 12258.0, 12258.0, 12258.0, 12259.0, 12261.0, 12261.0, 12263.0, 12264.0]
Generation 73 population print time: 
[12253.0, 12253.0, 12253.0, 12253.0, 12253.0, 12253.0, 12253.0, 12253.0, 12253.0, 12253.0, 12254.0, 12255.0, 12257.0, 12259.0, 12260.0, 12261.0, 12262.0, 12263.0, 12263.0, 12264.0]
Generation 74 population print time: 
[12253.0, 12253.0, 12253.0, 12253.0, 12253.0, 12253.0, 12255.0, 12256.0, 12257.0, 12257.0, 12259.0, 12260.0, 12260.0, 12260.0, 12261.0, 12262.0, 12263.0, 12264.0, 12264.0, 12264.0]
Generation 75 population print time: 
[12253.0, 12253.0, 12253.0, 12253.0, 12253.0, 12253.0, 12253.0, 12253.0, 12256.0, 12257.0, 12258.0, 12259.0, 12259.0, 12260.0, 12260.0, 12260.0, 12262.0, 12262.0, 12264.0, 12264.0]
Generation 76 population print time: 
[12253.0, 12253.0, 12253.0, 12253.0, 12253.0, 12253.0, 12253.0, 12253.0, 12253.0, 12253.0, 12254.0, 12254.0, 12255.0, 12257.0, 12258.0, 12259.0, 12259.0, 12260.0, 12262.0, 12263.0]
Generation 77 population print time: 
[12253.0, 12253.0, 12253.0, 12253.0, 12253.0, 12253.0, 12253.0, 12253.0, 12253.0, 12253.0, 12254.0, 12254.0, 12254.0, 12255.0, 12258.0, 12258.0, 12259.0, 12260.0, 12261.0, 12262.0]
Generation 78 population print time: 
[12253.0, 12253.0, 12253.0, 12253.0, 12253.0, 12253.0, 12253.0, 12253.0, 12253.0, 12253.0, 12254.0, 12255.0, 12255.0, 12256.0, 12257.0, 12258.0, 12258.0, 12260.0, 12262.0, 12262.0]
Generation 79 population print time: 
[12253.0, 12253.0, 12253.0, 12253.0, 12253.0, 12253.0, 12253.0, 12253.0, 12253.0, 12254.0, 12255.0, 12255.0, 12257.0, 12258.0, 12260.0, 12261.0, 12261.0, 12263.0, 12263.0, 12263.0]
Generation 80 population print time: 
[12253.0, 12253.0, 12253.0, 12253.0, 12253.0, 12253.0, 12253.0, 12253.0, 12253.0, 12254.0, 12254.0, 12255.0, 12255.0, 12257.0, 12257.0, 12258.0, 12260.0, 12260.0, 12261.0, 12261.0]
Generation 81 population print time: 
[12253.0, 12253.0, 12253.0, 12253.0, 12253.0, 12253.0, 12253.0, 12253.0, 12253.0, 12253.0, 12253.0, 12253.0, 12256.0, 12257.0, 12257.0, 12259.0, 12260.0, 12260.0, 12261.0, 12263.0]
Generation 82 population print time: 
[12253.0, 12253.0, 12253.0, 12253.0, 12253.0, 12253.0, 12253.0, 12253.0, 12253.0, 12254.0, 12255.0, 12257.0, 12257.0, 12258.0, 12260.0, 12260.0, 12261.0, 12261.0, 12263.0, 12263.0]
Generation 83 population print time: 
[12253.0, 12253.0, 12253.0, 12253.0, 12253.0, 12253.0, 12253.0, 12253.0, 12253.0, 12253.0, 12253.0, 12253.0, 12255.0, 12258.0, 12259.0, 12260.0, 12260.0, 12260.0, 12260.0, 12261.0]
Generation 84 population print time: 
[12253.0, 12253.0, 12253.0, 12253.0, 12253.0, 12253.0, 12253.0, 12253.0, 12253.0, 12253.0, 12254.0, 12255.0, 12257.0, 12257.0, 12258.0, 12259.0, 12260.0, 12260.0, 12260.0, 12261.0]
Generation 85 population print time: 
[12253.0, 12253.0, 12253.0, 12253.0, 12253.0, 12253.0, 12253.0, 12253.0, 12253.0, 12254.0, 12255.0, 12255.0, 12255.0, 12257.0, 12257.0, 12258.0, 12259.0, 12260.0, 12262.0, 12262.0]
Generation 86 population print time: 
[12253.0, 12253.0, 12253.0, 12253.0, 12253.0, 12253.0, 12253.0, 12253.0, 12254.0, 12254.0, 12254.0, 12255.0, 12257.0, 12257.0, 12257.0, 12259.0, 12259.0, 12260.0, 12261.0, 12262.0]
Generation 87 population print time: 
[12253.0, 12253.0, 12253.0, 12253.0, 12253.0, 12253.0, 12253.0, 12253.0, 12253.0, 12253.0, 12253.0, 12254.0, 12256.0, 12259.0, 12259.0, 12260.0, 12261.0, 12262.0, 12262.0, 12263.0]
Generation 88 population print time: 
[12253.0, 12253.0, 12253.0, 12253.0, 12253.0, 12253.0, 12253.0, 12253.0, 12253.0, 12253.0, 12254.0, 12258.0, 12259.0, 12260.0, 12260.0, 12260.0, 12261.0, 12262.0, 12262.0, 12263.0]
Generation 89 population print time: 
[12253.0, 12253.0, 12253.0, 12253.0, 12253.0, 12253.0, 12253.0, 12253.0, 12254.0, 12258.0, 12258.0, 12259.0, 12260.0, 12260.0, 12260.0, 12260.0, 12261.0, 12261.0, 12261.0, 12262.0]
Generation 90 population print time: 
[12253.0, 12253.0, 12253.0, 12253.0, 12253.0, 12253.0, 12253.0, 12253.0, 12253.0, 12254.0, 12257.0, 12259.0, 12259.0, 12259.0, 12259.0, 12260.0, 12260.0, 12261.0, 12263.0, 12263.0]
Generation 91 population print time: 
[12253.0, 12253.0, 12253.0, 12253.0, 12253.0, 12253.0, 12253.0, 12253.0, 12253.0, 12253.0, 12253.0, 12256.0, 12257.0, 12258.0, 12259.0, 12259.0, 12260.0, 12260.0, 12261.0, 12261.0]
Generation 92 population print time: 
[12253.0, 12253.0, 12253.0, 12253.0, 12253.0, 12253.0, 12253.0, 12253.0, 12253.0, 12254.0, 12256.0, 12257.0, 12259.0, 12259.0, 12260.0, 12261.0, 12261.0, 12261.0, 12262.0, 12263.0]
Generation 93 population print time: 
[12253.0, 12253.0, 12253.0, 12253.0, 12253.0, 12253.0, 12253.0, 12253.0, 12253.0, 12254.0, 12254.0, 12256.0, 12259.0, 12259.0, 12259.0, 12260.0, 12260.0, 12260.0, 12261.0, 12261.0]
Generation 94 population print time: 
[12253.0, 12253.0, 12253.0, 12253.0, 12253.0, 12253.0, 12253.0, 12253.0, 12253.0, 12254.0, 12255.0, 12257.0, 12258.0, 12258.0, 12259.0, 12259.0, 12260.0, 12260.0, 12261.0, 12261.0]
Generation 95 population print time: 
[12253.0, 12253.0, 12253.0, 12253.0, 12253.0, 12253.0, 12253.0, 12253.0, 12254.0, 12255.0, 12257.0, 12258.0, 12258.0, 12259.0, 12260.0, 12261.0, 12261.0, 12261.0, 12262.0, 12262.0]
Generation 96 population print time: 
[12253.0, 12253.0, 12253.0, 12253.0, 12253.0, 12253.0, 12253.0, 12254.0, 12256.0, 12258.0, 12258.0, 12258.0, 12258.0, 12258.0, 12259.0, 12260.0, 12261.0, 12262.0, 12263.0, 12263.0]
Generation 97 population print time: 
[12253.0, 12253.0, 12253.0, 12253.0, 12253.0, 12253.0, 12253.0, 12253.0, 12257.0, 12257.0, 12258.0, 12258.0, 12258.0, 12258.0, 12259.0, 12260.0, 12261.0, 12262.0, 12263.0, 12264.0]
Generation 98 population print time: 
[12253.0, 12253.0, 12253.0, 12253.0, 12253.0, 12253.0, 12253.0, 12253.0, 12254.0, 12256.0, 12257.0, 12257.0, 12258.0, 12259.0, 12260.0, 12261.0, 12261.0, 12262.0, 12263.0, 12263.0]
Generation 99 population print time: 
[12253.0, 12253.0, 12253.0, 12253.0, 12253.0, 12253.0, 12253.0, 12254.0, 12254.0, 12255.0, 12257.0, 12257.0, 12258.0, 12259.0, 12260.0, 12261.0, 12261.0, 12262.0, 12262.0, 12263.0]
Generation 100 population print time: 
[12253.0, 12253.0, 12253.0, 12253.0, 12253.0, 12253.0, 12253.0, 12253.0, 12254.0, 12254.0, 12256.0, 12256.0, 12257.0, 12258.0, 12260.0, 12260.0, 12261.0, 12261.0, 12262.0, 12263.0]
