Original population configuration: 
[(array([[11,  2],
       [ 6,  9],
       [ 1,  4],
       [ 2,  9]]), array([3, 1, 2, 2]), 13110.0), (array([[ 7,  2],
       [ 9,  1],
       [14,  7],
       [ 2,  9]]), array([3, 2, 3, 2]), 15303.0), (array([[ 7,  5],
       [ 1,  7],
       [13,  7],
       [ 2,  0]]), array([2, 1, 2, 2]), 17547.0), (array([[ 5,  6],
       [ 7,  3],
       [ 3,  2],
       [13,  9]]), array([2, 1, 2, 1]), 17550.0), (array([[ 0,  5],
       [ 3, 10],
       [13,  1],
       [14, 10]]), array([1, 1, 2, 0]), 17761.0), (array([[ 3,  4],
       [ 7,  3],
       [13,  7],
       [14,  0]]), array([2, 1, 3, 2]), 17763.0), (array([[ 3,  6],
       [ 7,  4],
       [12,  8],
       [13,  5]]), array([2, 1, 2, 2]), 17765.0), (array([[ 3,  9],
       [ 7,  3],
       [12,  9],
       [13,  6]]), array([1, 1, 3, 1]), 17768.0), (array([[ 6,  5],
       [ 2,  3],
       [ 9,  9],
       [14,  9]]), array([1, 2, 3, 3]), 19139.0), (array([[ 0,  6],
       [ 8,  4],
       [12,  7],
       [13,  9]]), array([1, 2, 1, 2]), 19548.0), (array([[ 7, 10],
       [10,  5],
       [ 4,  5],
       [13,  9]]), array([1, 1, 1, 1]), 19559.0), (array([[ 7,  1],
       [ 4,  7],
       [ 8,  9],
       [15,  4]]), array([2, 2, 1, 3]), 19560.0), (array([[ 0,  3],
       [ 3,  7],
       [ 8,  4],
       [11,  8]]), array([1, 2, 2, 2]), 19737.0), (array([[ 8,  3],
       [ 6,  4],
       [10,  5],
       [ 4,  9]]), array([1, 0, 2, 3]), 19818.0), (array([[ 5,  1],
       [ 4,  6],
       [ 6,  8],
       [11, 10]]), array([3, 3, 1, 1]), 19832.0), (array([[ 3,  6],
       [ 8,  5],
       [11,  4],
       [14, 10]]), array([2, 0, 2, 0]), 20120.0), (array([[10,  9],
       [ 4,  8],
       [12,  1],
       [ 4,  2]]), array([1, 1, 3, 1]), 20384.0), (array([[ 1,  6],
       [ 8,  6],
       [11,  1],
       [13,  7]]), array([1, 2, 3, 1]), 20987.0), (array([[8, 1],
       [6, 6],
       [2, 6],
       [0, 1]]), array([3, 2, 2, 1]), 20990.0), (array([[ 2,  5],
       [ 8,  7],
       [10,  4],
       [13,  9]]), array([2, 2, 1, 1]), 22086.0)]
Generation 1 population configuration: 
[(array([[11,  2],
       [ 6,  9],
       [ 1,  4],
       [ 2,  9]]), array([3, 1, 2, 2]), 13110.0), (array([[11.,  2.],
       [ 6.,  9.],
       [ 1.,  4.],
       [ 2.,  9.]]), array([3, 1, 2, 2]), 13110.0), (array([[11.,  2.],
       [ 6.,  9.],
       [ 1.,  4.],
       [ 2.,  9.]]), array([3, 1, 2, 2]), 13110.0), (array([[11.,  2.],
       [ 6.,  9.],
       [ 1.,  4.],
       [ 2.,  9.]]), array([3, 1, 2, 2]), 13110.0), (array([[11.,  2.],
       [ 6.,  9.],
       [ 1.,  4.],
       [ 2.,  9.]]), array([3, 1, 2, 2]), 13110.0), (array([[ 7,  2],
       [ 9,  1],
       [14,  7],
       [ 2,  9]]), array([3, 2, 3, 2]), 15303.0), (array([[12,  2],
       [ 8,  3],
       [ 8, 10],
       [ 1,  7]]), array([2, 3, 1, 2]), 16776.0), (array([[ 7,  5],
       [ 1,  7],
       [13,  7],
       [ 2,  0]]), array([2, 1, 2, 2]), 17547.0), (array([[ 7.,  5.],
       [ 1.,  7.],
       [13.,  7.],
       [ 2.,  0.]]), array([2, 1, 2, 2]), 17547.0), (array([[ 7.,  5.],
       [ 1.,  7.],
       [13.,  7.],
       [ 2.,  0.]]), array([2, 1, 2, 2]), 17547.0), (array([[ 5,  6],
       [ 7,  3],
       [ 3,  2],
       [13,  9]]), array([2, 1, 2, 1]), 17550.0), (array([[ 9,  6],
       [ 7,  4],
       [12,  2],
       [ 0,  5]]), array([2, 3, 2, 1]), 17555.0), (array([[ 0,  5],
       [ 3, 10],
       [13,  1],
       [14, 10]]), array([1, 1, 2, 0]), 17761.0), (array([[ 0.,  5.],
       [ 3., 10.],
       [13.,  1.],
       [14., 10.]]), array([1, 1, 2, 0]), 17761.0), (array([[ 0.,  5.],
       [ 3., 10.],
       [13.,  1.],
       [14., 10.]]), array([1, 1, 2, 0]), 17761.0), (array([[ 3,  4],
       [ 7,  3],
       [13,  7],
       [14,  0]]), array([2, 1, 3, 2]), 17763.0), (array([[ 4,  3],
       [12,  3],
       [ 8, 10],
       [14,  1]]), array([2, 2, 1, 3]), 17763.0), (array([[ 3,  5],
       [ 5,  3],
       [ 0, 10],
       [12,  7]]), array([0, 1, 1, 2]), 18805.0), (array([[ 4,  5],
       [ 4,  7],
       [11,  6],
       [14,  1]]), array([0, 2, 3, 3]), 19550.0), (array([[ 3,  7],
       [ 6,  2],
       [10,  7],
       [14,  6]]), array([0, 2, 2, 2]), 19551.0)]
Generation 2 population configuration: 
[(array([[11,  2],
       [ 6,  9],
       [ 1,  4],
       [ 2,  9]]), array([3, 1, 2, 2]), 13110.0), (array([[11.,  2.],
       [ 6.,  9.],
       [ 1.,  4.],
       [ 2.,  9.]]), array([3, 1, 2, 2]), 13110.0), (array([[11.,  2.],
       [ 6.,  9.],
       [ 1.,  4.],
       [ 2.,  9.]]), array([3, 1, 2, 2]), 13110.0), (array([[11.,  2.],
       [ 6.,  9.],
       [ 1.,  4.],
       [ 2.,  9.]]), array([3, 1, 2, 2]), 13110.0), (array([[11.,  2.],
       [ 6.,  9.],
       [ 1.,  4.],
       [ 2.,  9.]]), array([3, 1, 2, 2]), 13110.0), (array([[11.,  2.],
       [ 6.,  9.],
       [ 1.,  4.],
       [ 2.,  9.]]), array([3, 1, 2, 1]), 13110.0), (array([[11.,  2.],
       [ 6.,  9.],
       [ 1.,  4.],
       [ 2.,  9.]]), array([3, 1, 2, 2]), 13110.0), (array([[11.,  2.],
       [ 6.,  9.],
       [ 2.,  4.],
       [ 2.,  9.]]), array([3, 1, 2, 2]), 13110.0), (array([[11.,  2.],
       [ 6.,  9.],
       [ 1.,  4.],
       [ 2.,  9.]]), array([3, 1, 2, 2]), 13110.0), (array([[11.,  2.],
       [ 6.,  9.],
       [ 1.,  4.],
       [ 2.,  9.]]), array([3, 1, 2, 2]), 13110.0), (array([[12.,  2.],
       [ 6.,  9.],
       [ 1.,  4.],
       [ 2.,  9.]]), array([3, 1, 2, 2]), 13111.0), (array([[ 7,  2],
       [ 9,  1],
       [14,  7],
       [ 2,  9]]), array([3, 2, 3, 2]), 15303.0), (array([[ 9.,  6.],
       [ 7.,  4.],
       [12.,  2.],
       [ 0.,  5.]]), array([2, 3, 2, 1]), 17555.0), (array([[ 1,  2],
       [ 6,  6],
       [11,  4],
       [12, 10]]), array([2, 2, 1, 1]), 17759.0), (array([[ 2,  1],
       [ 3,  7],
       [12,  1],
       [12,  5]]), array([2, 2, 2, 2]), 17759.0), (array([[ 7,  2],
       [ 9,  3],
       [ 9,  6],
       [14,  7]]), array([3, 1, 2, 2]), 17762.0), (array([[ 4.,  3.],
       [12.,  3.],
       [ 8., 10.],
       [14.,  1.]]), array([2, 2, 1, 3]), 17763.0), (array([[ 8,  5],
       [11,  4],
       [13,  3],
       [ 2,  6]]), array([0, 2, 0, 2]), 17765.0), (array([[ 9, 10],
       [ 7,  7],
       [12,  6],
       [ 8,  1]]), array([1, 0, 0, 1]), 19733.0), (array([[ 3,  8],
       [ 9, 10],
       [ 9,  5],
       [13,  2]]), array([1, 1, 1, 0]), 20372.0)]
Generation 3 population configuration: 
[(array([[11,  2],
       [ 6,  9],
       [ 1,  4],
       [ 2,  9]]), array([3, 1, 2, 2]), 13110.0), (array([[11.,  2.],
       [ 6.,  9.],
       [ 1.,  4.],
       [ 2.,  9.]]), array([3, 1, 2, 2]), 13110.0), (array([[11.,  2.],
       [ 6.,  9.],
       [ 1.,  4.],
       [ 2.,  9.]]), array([3, 1, 2, 2]), 13110.0), (array([[11.,  2.],
       [ 6.,  9.],
       [ 1.,  4.],
       [ 2.,  9.]]), array([3, 1, 2, 2]), 13110.0), (array([[11.,  2.],
       [ 6.,  9.],
       [ 1.,  4.],
       [ 2.,  9.]]), array([3, 1, 2, 2]), 13110.0), (array([[11.,  2.],
       [ 6.,  9.],
       [ 1.,  4.],
       [ 2.,  9.]]), array([3, 1, 2, 1]), 13110.0), (array([[11.,  2.],
       [ 6.,  9.],
       [ 1.,  4.],
       [ 2.,  9.]]), array([3, 1, 2, 3]), 13110.0), (array([[11.,  2.],
       [ 6.,  9.],
       [ 1.,  4.],
       [ 2.,  9.]]), array([3, 1, 2, 2]), 13110.0), (array([[11.,  2.],
       [ 6.,  9.],
       [ 1.,  4.],
       [ 2.,  9.]]), array([3, 1, 2, 2]), 13110.0), (array([[11.,  2.],
       [ 6.,  9.],
       [ 1.,  5.],
       [ 2.,  9.]]), array([3, 1, 2, 2]), 13110.0), (array([[11.,  2.],
       [ 6.,  9.],
       [ 1.,  4.],
       [ 2.,  9.]]), array([3, 1, 2, 2]), 13110.0), (array([[11.,  2.],
       [ 6.,  9.],
       [ 1.,  4.],
       [ 1.,  9.]]), array([3, 1, 2, 2]), 13110.0), (array([[14,  6],
       [ 4,  7],
       [ 2,  9],
       [ 1,  4]]), array([3, 1, 0, 1]), 13753.0), (array([[10,  1],
       [12,  1],
       [14,  7],
       [ 0, 10]]), array([3, 2, 3, 1]), 15308.0), (array([[ 4,  5],
       [ 9,  4],
       [ 9, 10],
       [13,  8]]), array([0, 0, 1, 1]), 19550.0), (array([[10.,  2.],
       [ 6.,  9.],
       [ 2.,  4.],
       [ 2.,  9.]]), array([3, 1, 2, 2]), 19555.0), (array([[ 8, 10],
       [ 2,  6],
       [12,  3],
       [ 6,  1]]), array([1, 2, 0, 1]), 19571.0), (array([[14, 11],
       [ 6,  7],
       [ 9,  2],
       [ 6,  0]]), array([0, 1, 1, 2]), 20384.0), (array([[13, 10],
       [ 8, 11],
       [ 8,  5],
       [ 0,  6]]), array([0, 0, 0, 1]), 20387.0), (array([[11.,  2.],
       [ 6., 10.],
       [ 1.,  4.],
       [ 2.,  9.]]), array([3, 1, 2, 1]), 22088.0)]
Generation 4 population configuration: 
[(array([[11,  2],
       [ 6,  9],
       [ 1,  4],
       [ 2,  9]]), array([3, 1, 2, 2]), 13110.0), (array([[11.,  2.],
       [ 6.,  9.],
       [ 1.,  4.],
       [ 2.,  9.]]), array([3, 1, 2, 2]), 13110.0), (array([[11.,  2.],
       [ 6.,  9.],
       [ 1.,  4.],
       [ 2.,  9.]]), array([3, 1, 2, 2]), 13110.0), (array([[11.,  2.],
       [ 6.,  9.],
       [ 1.,  4.],
       [ 2.,  9.]]), array([3, 1, 2, 2]), 13110.0), (array([[11.,  2.],
       [ 6.,  9.],
       [ 1.,  4.],
       [ 2.,  9.]]), array([3, 1, 2, 2]), 13110.0), (array([[11.,  2.],
       [ 6.,  9.],
       [ 1.,  4.],
       [ 2.,  9.]]), array([3, 1, 2, 1]), 13110.0), (array([[11.,  2.],
       [ 6.,  9.],
       [ 1.,  4.],
       [ 2.,  9.]]), array([3, 1, 2, 2]), 13110.0), (array([[11.,  2.],
       [ 6.,  9.],
       [ 1.,  5.],
       [ 2.,  9.]]), array([3, 1, 2, 2]), 13110.0), (array([[11.,  2.],
       [ 6.,  9.],
       [ 1.,  4.],
       [ 2.,  9.]]), array([3, 1, 2, 2]), 13110.0), (array([[11.,  2.],
       [ 6.,  9.],
       [ 1.,  4.],
       [ 2.,  9.]]), array([3, 1, 2, 2]), 13110.0), (array([[11.,  2.],
       [ 6.,  9.],
       [ 1.,  4.],
       [ 2.,  9.]]), array([3, 1, 2, 2]), 13110.0), (array([[11.,  2.],
       [ 6.,  9.],
       [ 1.,  4.],
       [ 2.,  9.]]), array([3, 1, 2, 2]), 13110.0), (array([[14.,  7.],
       [ 4.,  7.],
       [ 2.,  9.],
       [ 1.,  4.]]), array([3, 1, 0, 1]), 13754.0), (array([[ 5,  3],
       [12,  4],
       [12,  2],
       [12,  9]]), array([2, 2, 1, 2]), 14950.0), (array([[11.,  2.],
       [ 7.,  9.],
       [ 1.,  4.],
       [ 1.,  9.]]), array([3, 1, 2, 2]), 14952.0), (array([[ 8,  6],
       [ 5,  6],
       [10,  2],
       [ 1,  2]]), array([2, 3, 1, 1]), 17556.0), (array([[ 4,  5],
       [ 2,  9],
       [ 9,  2],
       [10,  8]]), array([0, 1, 2, 0]), 17760.0), (array([[ 8,  5],
       [ 5,  8],
       [13,  0],
       [14,  9]]), array([0, 3, 2, 3]), 18808.0), (array([[ 2,  5],
       [ 4,  3],
       [12,  6],
       [14,  1]]), array([2, 1, 3, 2]), 19740.0), (array([[ 2,  2],
       [ 7,  7],
       [11,  2],
       [14,  1]]), array([2, 2, 3, 2]), 22081.0)]
Generation 5 population configuration: 
[(array([[11,  2],
       [ 6,  9],
       [ 1,  4],
       [ 2,  9]]), array([3, 1, 2, 2]), 13110.0), (array([[11.,  2.],
       [ 6.,  9.],
       [ 1.,  4.],
       [ 2.,  9.]]), array([3, 1, 2, 2]), 13110.0), (array([[11.,  2.],
       [ 6.,  9.],
       [ 1.,  4.],
       [ 2.,  9.]]), array([3, 1, 2, 2]), 13110.0), (array([[11.,  2.],
       [ 6.,  9.],
       [ 1.,  4.],
       [ 2.,  9.]]), array([3, 1, 2, 2]), 13110.0), (array([[11.,  2.],
       [ 6.,  9.],
       [ 1.,  4.],
       [ 2.,  9.]]), array([3, 1, 2, 2]), 13110.0), (array([[11.,  2.],
       [ 6.,  9.],
       [ 1.,  4.],
       [ 2.,  9.]]), array([3, 1, 2, 1]), 13110.0), (array([[11.,  2.],
       [ 6.,  9.],
       [ 1.,  4.],
       [ 2.,  9.]]), array([3, 1, 2, 2]), 13110.0), (array([[11.,  2.],
       [ 6.,  9.],
       [ 1.,  4.],
       [ 2.,  9.]]), array([3, 1, 1, 2]), 13110.0), (array([[11.,  2.],
       [ 6.,  9.],
       [ 2.,  4.],
       [ 2.,  9.]]), array([3, 1, 2, 2]), 13110.0), (array([[11.,  2.],
       [ 6.,  9.],
       [ 1.,  4.],
       [ 2.,  8.]]), array([3, 1, 2, 2]), 13110.0), (array([[11.,  2.],
       [ 6.,  9.],
       [ 1.,  4.],
       [ 2.,  9.]]), array([3, 1, 2, 2]), 13110.0), (array([[11.,  2.],
       [ 6.,  9.],
       [ 1.,  5.],
       [ 2.,  9.]]), array([3, 1, 2, 2]), 13110.0), (array([[11.,  2.],
       [ 6.,  9.],
       [ 1.,  4.],
       [ 2.,  9.]]), array([3, 1, 2, 2]), 13110.0), (array([[14,  2],
       [ 8,  4],
       [10,  8],
       [ 5,  1]]), array([3, 3, 2, 3]), 16766.0), (array([[ 1,  2],
       [ 6,  4],
       [14,  8],
       [13, 10]]), array([2, 2, 0, 3]), 17759.0), (array([[ 2, 10],
       [ 4,  6],
       [12, 11],
       [11,  3]]), array([1, 0, 0, 1]), 17767.0), (array([[ 5,  5],
       [ 8,  1],
       [ 3, 10],
       [13,  6]]), array([0, 2, 0, 2]), 18648.0), (array([[ 1,  4],
       [ 5, 10],
       [11,  2],
       [11,  9]]), array([1, 0, 3, 2]), 20366.0), (array([[ 9, 10],
       [ 9,  6],
       [ 5,  2],
       [ 0,  6]]), array([1, 0, 3, 1]), 20382.0), (array([[11.,  2.],
       [ 6., 10.],
       [ 1.,  4.],
       [ 2.,  9.]]), array([3, 1, 2, 2]), 22088.0)]
Generation 6 population configuration: 
[(array([[ 8,  9],
       [ 4,  7],
       [11,  5],
       [ 5,  4]]), array([1, 2, 0, 0]), 9525.0), (array([[11,  2],
       [ 6,  9],
       [ 1,  4],
       [ 2,  9]]), array([3, 1, 2, 2]), 13110.0), (array([[11.,  2.],
       [ 6.,  9.],
       [ 1.,  4.],
       [ 2.,  9.]]), array([3, 1, 2, 2]), 13110.0), (array([[11.,  2.],
       [ 6.,  9.],
       [ 1.,  4.],
       [ 2.,  9.]]), array([3, 1, 2, 2]), 13110.0), (array([[11.,  2.],
       [ 6.,  9.],
       [ 1.,  4.],
       [ 2.,  9.]]), array([3, 1, 2, 2]), 13110.0), (array([[11.,  2.],
       [ 6.,  9.],
       [ 1.,  4.],
       [ 2.,  9.]]), array([3, 1, 2, 2]), 13110.0), (array([[11.,  2.],
       [ 6.,  9.],
       [ 1.,  4.],
       [ 2.,  9.]]), array([3, 1, 2, 1]), 13110.0), (array([[11.,  2.],
       [ 6.,  9.],
       [ 1.,  4.],
       [ 3.,  9.]]), array([3, 1, 2, 1]), 13110.0), (array([[11.,  2.],
       [ 6.,  9.],
       [ 1.,  4.],
       [ 2.,  8.]]), array([3, 1, 2, 2]), 13110.0), (array([[11.,  2.],
       [ 6.,  9.],
       [ 1.,  4.],
       [ 2.,  9.]]), array([3, 1, 2, 2]), 13110.0), (array([[11.,  2.],
       [ 6.,  9.],
       [ 2.,  4.],
       [ 1.,  9.]]), array([3, 1, 2, 2]), 13110.0), (array([[11.,  2.],
       [ 6.,  9.],
       [ 1.,  4.],
       [ 2.,  9.]]), array([3, 1, 2, 2]), 13110.0), (array([[11.,  2.],
       [ 5.,  9.],
       [ 1.,  4.],
       [ 2.,  9.]]), array([3, 1, 2, 2]), 13110.0), (array([[11.,  2.],
       [ 6.,  9.],
       [ 1.,  4.],
       [ 2.,  9.]]), array([3, 1, 2, 2]), 13110.0), (array([[11.,  2.],
       [ 6.,  9.],
       [ 1.,  4.],
       [ 2.,  9.]]), array([3, 1, 2, 2]), 13110.0), (array([[ 2,  4],
       [ 8,  6],
       [ 5, 10],
       [10,  9]]), array([1, 1, 1, 2]), 17762.0), (array([[ 9,  3],
       [ 8,  1],
       [13,  7],
       [ 1, 10]]), array([1, 3, 2, 0]), 19566.0), (array([[ 8,  4],
       [ 7,  3],
       [11,  6],
       [ 2,  7]]), array([1, 3, 2, 2]), 19567.0), (array([[ 1,  4],
       [ 6,  6],
       [11,  2],
       [11,  7]]), array([1, 2, 3, 1]), 20985.0), (array([[ 2,  1],
       [ 7,  4],
       [ 9,  2],
       [13,  9]]), array([2, 2, 1, 0]), 22082.0)]
Generation 7 population configuration: 
[(array([[ 8,  9],
       [ 4,  7],
       [11,  5],
       [ 5,  4]]), array([1, 2, 0, 0]), 9525.0), (array([[ 8.,  9.],
       [ 4.,  7.],
       [11.,  5.],
       [ 5.,  4.]]), array([1, 2, 0, 0]), 9525.0), (array([[ 8.,  9.],
       [ 4.,  7.],
       [11.,  5.],
       [ 5.,  4.]]), array([1, 2, 0, 0]), 9525.0), (array([[ 8.,  9.],
       [ 4.,  7.],
       [11.,  5.],
       [ 5.,  4.]]), array([1, 2, 0, 0]), 9525.0), (array([[11,  2],
       [ 6,  9],
       [ 1,  4],
       [ 2,  9]]), array([3, 1, 2, 2]), 13110.0), (array([[11.,  2.],
       [ 6.,  9.],
       [ 1.,  4.],
       [ 2.,  9.]]), array([3, 1, 2, 2]), 13110.0), (array([[11.,  2.],
       [ 6.,  9.],
       [ 1.,  4.],
       [ 2.,  9.]]), array([3, 1, 2, 2]), 13110.0), (array([[11.,  2.],
       [ 6.,  9.],
       [ 1.,  4.],
       [ 2.,  9.]]), array([3, 1, 2, 2]), 13110.0), (array([[11.,  2.],
       [ 6.,  9.],
       [ 1.,  4.],
       [ 2.,  9.]]), array([3, 1, 2, 2]), 13110.0), (array([[11.,  2.],
       [ 5.,  9.],
       [ 1.,  4.],
       [ 2.,  9.]]), array([3, 1, 2, 2]), 13110.0), (array([[11.,  2.],
       [ 6.,  9.],
       [ 1.,  4.],
       [ 2.,  9.]]), array([3, 1, 2, 2]), 13110.0), (array([[11.,  2.],
       [ 6.,  9.],
       [ 1.,  4.],
       [ 3.,  9.]]), array([3, 1, 2, 1]), 13110.0), (array([[11.,  2.],
       [ 6.,  9.],
       [ 1.,  4.],
       [ 2.,  9.]]), array([3, 1, 2, 1]), 13110.0), (array([[11.,  2.],
       [ 5.,  9.],
       [ 1.,  4.],
       [ 2.,  9.]]), array([3, 1, 2, 1]), 13110.0), (array([[ 8,  3],
       [ 3,  6],
       [12,  8],
       [ 2, 10]]), array([2, 0, 1, 1]), 17551.0), (array([[ 5,  6],
       [ 6,  6],
       [11,  8],
       [13,  4]]), array([3, 1, 2, 1]), 17764.0), (array([[10,  3],
       [ 8,  2],
       [ 8,  8],
       [ 1,  6]]), array([1, 3, 2, 1]), 19164.0), (array([[ 0,  9],
       [ 0,  4],
       [11,  9],
       [15,  6]]), array([1, 1, 3, 3]), 19811.0), (array([[ 5,  8],
       [ 6,  8],
       [ 9,  3],
       [14,  6]]), array([3, 1, 1, 2]), 20456.0), (array([[ 1, 10],
       [ 2,  5],
       [10,  6],
       [12,  3]]), array([1, 1, 1, 0]), 20460.0)]
Generation 8 population configuration: 
[(array([[ 8,  9],
       [ 4,  7],
       [11,  5],
       [ 5,  4]]), array([1, 2, 0, 0]), 9525.0), (array([[ 8.,  9.],
       [ 4.,  7.],
       [11.,  5.],
       [ 5.,  4.]]), array([1, 2, 0, 0]), 9525.0), (array([[ 8.,  9.],
       [ 4.,  7.],
       [11.,  5.],
       [ 5.,  4.]]), array([1, 2, 0, 0]), 9525.0), (array([[ 8.,  9.],
       [ 4.,  7.],
       [11.,  5.],
       [ 5.,  4.]]), array([1, 2, 0, 0]), 9525.0), (array([[ 8.,  9.],
       [ 4.,  7.],
       [11.,  5.],
       [ 5.,  4.]]), array([1, 2, 0, 0]), 9525.0), (array([[ 8.,  9.],
       [ 4.,  7.],
       [11.,  5.],
       [ 5.,  4.]]), array([1, 2, 0, 0]), 9525.0), (array([[ 8.,  9.],
       [ 4.,  7.],
       [11.,  5.],
       [ 5.,  4.]]), array([1, 2, 0, 0]), 9525.0), (array([[ 8.,  9.],
       [ 4.,  7.],
       [11.,  5.],
       [ 5.,  4.]]), array([1, 2, 0, 0]), 9525.0), (array([[ 8.,  9.],
       [ 4.,  7.],
       [11.,  4.],
       [ 5.,  4.]]), array([1, 2, 0, 0]), 9525.0), (array([[ 8.,  9.],
       [ 4.,  7.],
       [11.,  5.],
       [ 5.,  4.]]), array([1, 2, 0, 3]), 9527.0), (array([[11,  2],
       [ 6,  9],
       [ 1,  4],
       [ 2,  9]]), array([3, 1, 2, 2]), 13110.0), (array([[11.,  2.],
       [ 6.,  9.],
       [ 1.,  4.],
       [ 2.,  9.]]), array([3, 1, 2, 2]), 13110.0), (array([[11.,  2.],
       [ 5.,  9.],
       [ 1.,  4.],
       [ 2.,  9.]]), array([3, 1, 2, 1]), 13110.0), (array([[ 8,  8],
       [ 6,  3],
       [15,  3],
       [ 0,  4]]), array([3, 1, 3, 1]), 14007.0), (array([[ 2,  5],
       [ 2,  7],
       [10,  5],
       [12,  8]]), array([1, 2, 0, 2]), 17761.0), (array([[ 1,  5],
       [ 6,  4],
       [12,  5],
       [12,  7]]), array([2, 2, 1, 2]), 17762.0), (array([[ 8.,  9.],
       [ 4.,  6.],
       [11.,  5.],
       [ 5.,  4.]]), array([1, 2, 0, 0]), 19567.0), (array([[ 1,  5],
       [ 2,  3],
       [12,  1],
       [14,  9]]), array([2, 1, 2, 3]), 20109.0), (array([[ 3,  6],
       [ 2,  7],
       [ 6,  8],
       [14,  5]]), array([0, 2, 1, 0]), 20114.0), (array([[ 6,  4],
       [ 3,  6],
       [ 3,  2],
       [13, 11]]), array([1, 2, 2, 0]), 20980.0)]
Generation 9 population configuration: 
[(array([[ 8,  9],
       [ 4,  7],
       [11,  5],
       [ 5,  4]]), array([1, 2, 0, 0]), 9525.0), (array([[ 8.,  9.],
       [ 4.,  7.],
       [11.,  5.],
       [ 5.,  4.]]), array([1, 2, 0, 0]), 9525.0), (array([[ 8.,  9.],
       [ 4.,  7.],
       [11.,  5.],
       [ 5.,  4.]]), array([1, 2, 0, 0]), 9525.0), (array([[ 8.,  9.],
       [ 4.,  7.],
       [11.,  5.],
       [ 5.,  4.]]), array([1, 2, 0, 0]), 9525.0), (array([[ 8.,  9.],
       [ 4.,  7.],
       [11.,  5.],
       [ 5.,  4.]]), array([1, 2, 0, 0]), 9525.0), (array([[ 8.,  9.],
       [ 4.,  7.],
       [11.,  5.],
       [ 5.,  4.]]), array([1, 2, 0, 0]), 9525.0), (array([[ 8.,  9.],
       [ 4.,  7.],
       [11.,  5.],
       [ 5.,  5.]]), array([1, 2, 0, 0]), 9525.0), (array([[ 8.,  9.],
       [ 4.,  7.],
       [11.,  5.],
       [ 5.,  4.]]), array([1, 2, 0, 0]), 9525.0), (array([[ 8.,  9.],
       [ 4.,  7.],
       [11.,  4.],
       [ 5.,  4.]]), array([1, 2, 0, 0]), 9525.0), (array([[ 8.,  9.],
       [ 4.,  7.],
       [11.,  5.],
       [ 5.,  4.]]), array([1, 2, 0, 0]), 9525.0), (array([[ 8.,  9.],
       [ 4.,  7.],
       [11.,  5.],
       [ 5.,  4.]]), array([1, 2, 0, 0]), 9525.0), (array([[ 8.,  9.],
       [ 4.,  7.],
       [11.,  4.],
       [ 5.,  4.]]), array([1, 2, 0, 0]), 9525.0), (array([[ 8.,  9.],
       [ 4.,  7.],
       [12.,  5.],
       [ 5.,  4.]]), array([1, 2, 0, 0]), 9527.0), (array([[ 8.,  9.],
       [ 4.,  7.],
       [11.,  5.],
       [ 5.,  4.]]), array([1, 2, 0, 3]), 9527.0), (array([[ 7,  5],
       [ 7,  4],
       [13,  7],
       [ 1,  1]]), array([2, 0, 2, 1]), 17551.0), (array([[ 6,  3],
       [ 2,  3],
       [ 7,  9],
       [ 5, 10]]), array([1, 2, 1, 0]), 17763.0), (array([[ 4,  5],
       [ 9,  7],
       [12,  2],
       [14,  8]]), array([0, 0, 1, 0]), 19550.0), (array([[ 7,  8],
       [ 5,  2],
       [11,  2],
       [13,  3]]), array([1, 3, 3, 0]), 19573.0), (array([[ 4,  5],
       [ 1,  7],
       [12,  3],
       [12,  1]]), array([1, 2, 2, 1]), 20100.0), (array([[ 5, 10],
       [ 3, 11],
       [ 3,  4],
       [13,  7]]), array([1, 0, 1, 2]), 20474.0)]
Generation 10 population configuration: 
[(array([[ 8,  9],
       [ 4,  7],
       [11,  5],
       [ 5,  4]]), array([1, 2, 0, 0]), 9525.0), (array([[ 8.,  9.],
       [ 4.,  7.],
       [11.,  5.],
       [ 5.,  4.]]), array([1, 2, 0, 0]), 9525.0), (array([[ 8.,  9.],
       [ 4.,  7.],
       [11.,  5.],
       [ 5.,  4.]]), array([1, 2, 0, 0]), 9525.0), (array([[ 8.,  9.],
       [ 4.,  7.],
       [11.,  5.],
       [ 5.,  4.]]), array([1, 2, 0, 0]), 9525.0), (array([[ 8.,  9.],
       [ 4.,  7.],
       [11.,  5.],
       [ 5.,  4.]]), array([1, 2, 0, 0]), 9525.0), (array([[ 8.,  9.],
       [ 4.,  7.],
       [11.,  5.],
       [ 5.,  4.]]), array([1, 2, 0, 0]), 9525.0), (array([[ 8.,  9.],
       [ 4.,  7.],
       [11.,  5.],
       [ 5.,  4.]]), array([1, 2, 0, 0]), 9525.0), (array([[ 8.,  9.],
       [ 4.,  7.],
       [11.,  5.],
       [ 5.,  4.]]), array([1, 2, 0, 0]), 9525.0), (array([[ 8.,  9.],
       [ 4.,  7.],
       [11.,  5.],
       [ 5.,  4.]]), array([1, 2, 0, 0]), 9525.0), (array([[ 8.,  9.],
       [ 4.,  7.],
       [11.,  5.],
       [ 5.,  4.]]), array([1, 2, 0, 0]), 9525.0), (array([[ 8.,  9.],
       [ 4.,  7.],
       [11.,  5.],
       [ 5.,  4.]]), array([1, 2, 0, 0]), 9525.0), (array([[ 8.,  9.],
       [ 4.,  7.],
       [11.,  5.],
       [ 5.,  4.]]), array([1, 2, 0, 0]), 9525.0), (array([[ 8.,  9.],
       [ 4.,  7.],
       [11.,  5.],
       [ 5.,  4.]]), array([1, 2, 0, 0]), 9525.0), (array([[ 8.,  9.],
       [ 4.,  7.],
       [11.,  5.],
       [ 5.,  4.]]), array([1, 2, 0, 3]), 9527.0), (array([[13,  4],
       [ 6,  4],
       [10, 11],
       [ 2,  7]]), array([3, 0, 0, 3]), 17556.0), (array([[ 3,  6],
       [ 4, 10],
       [ 8,  2],
       [11,  8]]), array([0, 1, 1, 3]), 18508.0), (array([[ 3, 10],
       [ 9,  4],
       [ 9,  2],
       [14,  2]]), array([0, 2, 1, 2]), 19554.0), (array([[ 6, 10],
       [ 4,  3],
       [12,  5],
       [14,  8]]), array([0, 1, 1, 2]), 19557.0), (array([[ 7,  3],
       [ 5,  2],
       [ 3,  7],
       [12,  8]]), array([1, 3, 3, 2]), 19726.0), (array([[ 8,  6],
       [12,  7],
       [ 5,  1],
       [14,  9]]), array([3, 0, 2, 3]), 20381.0)]
Generation 11 population configuration: 
[(array([[ 8,  9],
       [ 4,  7],
       [11,  5],
       [ 5,  4]]), array([1, 2, 0, 0]), 9525.0), (array([[ 8.,  9.],
       [ 4.,  7.],
       [11.,  5.],
       [ 5.,  4.]]), array([1, 2, 0, 0]), 9525.0), (array([[ 8.,  9.],
       [ 4.,  7.],
       [11.,  5.],
       [ 5.,  4.]]), array([1, 2, 0, 0]), 9525.0), (array([[ 8.,  9.],
       [ 4.,  7.],
       [11.,  5.],
       [ 5.,  4.]]), array([1, 2, 0, 0]), 9525.0), (array([[ 8.,  9.],
       [ 4.,  7.],
       [11.,  5.],
       [ 5.,  4.]]), array([1, 2, 0, 0]), 9525.0), (array([[ 8.,  9.],
       [ 4.,  7.],
       [11.,  5.],
       [ 5.,  4.]]), array([1, 2, 0, 0]), 9525.0), (array([[ 8.,  9.],
       [ 4.,  7.],
       [11.,  5.],
       [ 5.,  4.]]), array([1, 2, 0, 0]), 9525.0), (array([[ 8.,  9.],
       [ 4.,  7.],
       [11.,  4.],
       [ 5.,  4.]]), array([1, 2, 0, 0]), 9525.0), (array([[ 8.,  9.],
       [ 4.,  7.],
       [11.,  5.],
       [ 5.,  4.]]), array([1, 2, 0, 0]), 9525.0), (array([[ 8.,  9.],
       [ 4.,  7.],
       [11.,  5.],
       [ 5.,  4.]]), array([1, 2, 0, 0]), 9525.0), (array([[ 8.,  9.],
       [ 4.,  7.],
       [11.,  5.],
       [ 5.,  4.]]), array([1, 2, 0, 0]), 9525.0), (array([[ 8.,  9.],
       [ 4.,  7.],
       [11.,  5.],
       [ 5.,  4.]]), array([1, 2, 0, 0]), 9525.0), (array([[ 8.,  9.],
       [ 4.,  7.],
       [11.,  5.],
       [ 6.,  4.]]), array([1, 2, 0, 0]), 9525.0), (array([[ 8.,  9.],
       [ 4.,  7.],
       [11.,  5.],
       [ 5.,  4.]]), array([1, 2, 0, 0]), 9525.0), (array([[ 9,  3],
       [ 5,  2],
       [11,  9],
       [ 1,  9]]), array([1, 2, 1, 1]), 19564.0), (array([[ 6,  1],
       [ 1,  6],
       [11,  7],
       [14,  4]]), array([2, 2, 2, 2]), 20097.0), (array([[ 4,  5],
       [ 0,  9],
       [ 9,  1],
       [13,  2]]), array([0, 1, 2, 2]), 20103.0), (array([[ 5,  8],
       [ 0, 10],
       [10,  4],
       [12,  1]]), array([1, 1, 0, 1]), 20365.0), (array([[ 6,  7],
       [ 8, 10],
       [ 8,  2],
       [11,  3]]), array([3, 1, 2, 1]), 20370.0), (array([[ 8,  3],
       [ 9,  7],
       [ 2,  5],
       [13,  7]]), array([1, 3, 2, 3]), 22080.0)]
Converged in 12 generations!