Original population print time: 
[13110.0, 15303.0, 17547.0, 17550.0, 17761.0, 17763.0, 17765.0, 17768.0, 19139.0, 19548.0, 19559.0, 19560.0, 19737.0, 19818.0, 19832.0, 20120.0, 20384.0, 20987.0, 20990.0, 22086.0]
Generation 1 population print time: 
[13110.0, 13110.0, 13110.0, 13110.0, 13110.0, 15303.0, 16776.0, 17547.0, 17547.0, 17547.0, 17550.0, 17555.0, 17761.0, 17761.0, 17761.0, 17763.0, 17763.0, 18805.0, 19550.0, 19551.0]
Generation 2 population print time: 
[13110.0, 13110.0, 13110.0, 13110.0, 13110.0, 13110.0, 13110.0, 13110.0, 13110.0, 13110.0, 13111.0, 15303.0, 17555.0, 17759.0, 17759.0, 17762.0, 17763.0, 17765.0, 19733.0, 20372.0]
Generation 3 population print time: 
[13110.0, 13110.0, 13110.0, 13110.0, 13110.0, 13110.0, 13110.0, 13110.0, 13110.0, 13110.0, 13110.0, 13110.0, 13753.0, 15308.0, 19550.0, 19555.0, 19571.0, 20384.0, 20387.0, 22088.0]
Generation 4 population print time: 
[13110.0, 13110.0, 13110.0, 13110.0, 13110.0, 13110.0, 13110.0, 13110.0, 13110.0, 13110.0, 13110.0, 13110.0, 13754.0, 14950.0, 14952.0, 17556.0, 17760.0, 18808.0, 19740.0, 22081.0]
Generation 5 population print time: 
[13110.0, 13110.0, 13110.0, 13110.0, 13110.0, 13110.0, 13110.0, 13110.0, 13110.0, 13110.0, 13110.0, 13110.0, 13110.0, 16766.0, 17759.0, 17767.0, 18648.0, 20366.0, 20382.0, 22088.0]
Generation 6 population print time: 
[9525.0, 13110.0, 13110.0, 13110.0, 13110.0, 13110.0, 13110.0, 13110.0, 13110.0, 13110.0, 13110.0, 13110.0, 13110.0, 13110.0, 13110.0, 17762.0, 19566.0, 19567.0, 20985.0, 22082.0]
Generation 7 population print time: 
[9525.0, 9525.0, 9525.0, 9525.0, 13110.0, 13110.0, 13110.0, 13110.0, 13110.0, 13110.0, 13110.0, 13110.0, 13110.0, 13110.0, 17551.0, 17764.0, 19164.0, 19811.0, 20456.0, 20460.0]
Generation 8 population print time: 
[9525.0, 9525.0, 9525.0, 9525.0, 9525.0, 9525.0, 9525.0, 9525.0, 9525.0, 9527.0, 13110.0, 13110.0, 13110.0, 14007.0, 17761.0, 17762.0, 19567.0, 20109.0, 20114.0, 20980.0]
Generation 9 population print time: 
[9525.0, 9525.0, 9525.0, 9525.0, 9525.0, 9525.0, 9525.0, 9525.0, 9525.0, 9525.0, 9525.0, 9525.0, 9527.0, 9527.0, 17551.0, 17763.0, 19550.0, 19573.0, 20100.0, 20474.0]
Generation 10 population print time: 
[9525.0, 9525.0, 9525.0, 9525.0, 9525.0, 9525.0, 9525.0, 9525.0, 9525.0, 9525.0, 9525.0, 9525.0, 9525.0, 9527.0, 17556.0, 18508.0, 19554.0, 19557.0, 19726.0, 20381.0]
Generation 11 population print time: 
[9525.0, 9525.0, 9525.0, 9525.0, 9525.0, 9525.0, 9525.0, 9525.0, 9525.0, 9525.0, 9525.0, 9525.0, 9525.0, 9525.0, 19564.0, 20097.0, 20103.0, 20365.0, 20370.0, 22080.0]
