Original population configuration: 
[(array([[1, 6],
       [5, 5],
       [2, 1],
       [8, 8]]), array([2, 1, 2, 1]), 12114.0), (array([[ 4,  0],
       [10,  1],
       [ 3,  8],
       [12, 10]]), array([2, 2, 3, 0]), 12116.0), (array([[ 8,  0],
       [11,  7],
       [ 3,  6],
       [13,  9]]), array([2, 3, 1, 2]), 12117.0), (array([[ 9,  2],
       [14,  5],
       [15,  8],
       [ 1,  8]]), array([3, 0, 3, 1]), 12117.0), (array([[ 8,  3],
       [11, 10],
       [ 1,  0],
       [ 4, 11]]), array([1, 0, 2, 0]), 12119.0), (array([[12,  1],
       [ 8,  9],
       [ 7,  9],
       [ 1,  6]]), array([3, 1, 3, 2]), 12120.0), (array([[ 8,  4],
       [10,  6],
       [ 4,  9],
       [ 1,  4]]), array([3, 2, 3, 0]), 12120.0), (array([[ 8,  9],
       [14,  8],
       [ 1,  4],
       [ 6,  0]]), array([0, 0, 2, 2]), 12123.0), (array([[ 5,  1],
       [10,  2],
       [ 1,  5],
       [14,  8]]), array([2, 2, 2, 2]), 12123.0), (array([[ 4, 10],
       [13, 10],
       [ 5,  1],
       [14,  2]]), array([1, 0, 2, 2]), 12126.0), (array([[ 7,  9],
       [ 2,  8],
       [ 5,  3],
       [13,  3]]), array([1, 1, 0, 1]), 13771.0), (array([[10,  9],
       [10,  1],
       [12,  1],
       [ 4,  2]]), array([1, 3, 2, 0]), 15057.0), (array([[12,  5],
       [12,  4],
       [ 3,  9],
       [ 0,  3]]), array([2, 0, 1, 1]), 15058.0), (array([[ 8,  5],
       [ 4,  6],
       [11,  2],
       [13, 10]]), array([2, 0, 1, 1]), 15063.0), (array([[ 7,  3],
       [ 4,  8],
       [14,  4],
       [15,  8]]), array([3, 3, 0, 3]), 15234.0), (array([[13,  1],
       [10,  6],
       [ 3,  8],
       [ 1,  4]]), array([3, 2, 1, 2]), 15234.0), (array([[ 7, 10],
       [ 3, 11],
       [11,  5],
       [ 7,  0]]), array([1, 0, 1, 2]), 15234.0), (array([[ 2,  3],
       [ 4,  6],
       [11,  8],
       [14,  5]]), array([1, 3, 2, 3]), 15238.0), (array([[ 8,  4],
       [ 7,  2],
       [ 5,  6],
       [10,  7]]), array([1, 3, 2, 1]), 15240.0), (array([[ 7,  4],
       [ 7,  7],
       [ 3,  1],
       [ 1, 11]]), array([1, 2, 3, 0]), 15246.0)]
