Original population configuration: 
[(array([[ 4,  8],
       [ 7,  5],
       [ 1,  2],
       [11,  1]]), array([0, 2, 1, 2]), 12254.0), (array([[3, 5],
       [4, 7],
       [8, 4],
       [9, 6]]), array([0, 3, 3, 1]), 12256.0), (array([[12,  3],
       [10,  7],
       [ 7,  3],
       [ 3, 10]]), array([1, 0, 0, 1]), 12257.0), (array([[9, 2],
       [3, 1],
       [3, 4],
       [7, 8]]), array([1, 3, 2, 2]), 12257.0), (array([[10,  6],
       [ 5,  2],
       [ 2,  7],
       [ 1,  3]]), array([2, 1, 2, 2]), 12257.0), (array([[12,  1],
       [10,  5],
       [ 7,  2],
       [ 5,  5]]), array([2, 2, 1, 2]), 12257.0), (array([[7, 9],
       [2, 8],
       [1, 4],
       [4, 0]]), array([1, 2, 2, 2]), 12257.0), (array([[ 2,  2],
       [ 2,  9],
       [ 9,  7],
       [12,  2]]), array([1, 1, 2, 1]), 12258.0), (array([[2, 4],
       [3, 6],
       [8, 3],
       [9, 9]]), array([1, 2, 0, 1]), 12259.0), (array([[11,  6],
       [13,  3],
       [ 8,  3],
       [ 6,  6]]), array([2, 0, 0, 1]), 12259.0), (array([[ 4,  3],
       [ 2,  7],
       [ 9,  4],
       [14,  7]]), array([2, 2, 0, 3]), 12260.0), (array([[12,  2],
       [ 7,  5],
       [ 7, 10],
       [ 3,  5]]), array([1, 1, 1, 3]), 12260.0), (array([[12,  3],
       [14,  6],
       [ 6,  8],
       [ 3,  4]]), array([1, 3, 2, 2]), 12260.0), (array([[ 7,  9],
       [ 6,  3],
       [14,  7],
       [ 0,  3]]), array([1, 2, 3, 1]), 12260.0), (array([[ 4,  1],
       [ 7,  5],
       [ 4,  7],
       [11,  9]]), array([3, 2, 3, 1]), 12261.0), (array([[11, 10],
       [10,  2],
       [ 3,  7],
       [ 6,  2]]), array([1, 1, 1, 1]), 12262.0), (array([[ 7,  1],
       [10,  4],
       [ 1,  6],
       [14,  9]]), array([2, 1, 1, 3]), 12262.0), (array([[13,  8],
       [ 9,  6],
       [ 7,  8],
       [ 3,  8]]), array([2, 0, 2, 2]), 12262.0), (array([[ 4,  1],
       [ 4,  6],
       [ 6,  8],
       [13, 10]]), array([3, 1, 2, 0]), 12262.0), (array([[13,  7],
       [12, 10],
       [ 6,  3],
       [ 1,  2]]), array([0, 1, 1, 2]), 12264.0)]
Generation 1 population configuration: 
[(array([[ 4,  8],
       [ 7,  5],
       [ 1,  2],
       [11,  1]]), array([0, 2, 1, 2]), 12254.0), (array([[ 4.,  8.],
       [ 7.,  5.],
       [ 1.,  2.],
       [11.,  1.]]), array([0, 2, 1, 2]), 12254.0), (array([[ 4.,  8.],
       [ 7.,  5.],
       [ 1.,  2.],
       [11.,  1.]]), array([0, 2, 1, 2]), 12254.0), (array([[ 4.,  8.],
       [ 7.,  5.],
       [ 1.,  2.],
       [11.,  1.]]), array([0, 2, 1, 2]), 12254.0), (array([[3, 5],
       [4, 7],
       [8, 4],
       [9, 6]]), array([0, 3, 3, 1]), 12256.0), (array([[12,  3],
       [10,  7],
       [ 7,  3],
       [ 3, 10]]), array([1, 0, 0, 1]), 12257.0), (array([[9, 2],
       [3, 1],
       [3, 4],
       [7, 8]]), array([1, 3, 2, 2]), 12257.0), (array([[10,  6],
       [ 5,  2],
       [ 2,  7],
       [ 1,  3]]), array([2, 1, 2, 2]), 12257.0), (array([[12,  1],
       [10,  5],
       [ 7,  2],
       [ 5,  5]]), array([2, 2, 1, 2]), 12257.0), (array([[9., 2.],
       [3., 1.],
       [3., 4.],
       [7., 8.]]), array([1, 3, 2, 2]), 12257.0), (array([[12.,  1.],
       [10.,  5.],
       [ 7.,  2.],
       [ 5.,  5.]]), array([2, 2, 1, 2]), 12257.0), (array([[13,  5],
       [ 6,  2],
       [ 5, 10],
       [ 3,  0]]), array([3, 1, 0, 2]), 12257.0), (array([[12,  5],
       [10,  2],
       [ 4,  9],
       [ 2,  2]]), array([2, 1, 1, 1]), 12258.0), (array([[ 4.,  3.],
       [ 2.,  7.],
       [ 9.,  4.],
       [14.,  7.]]), array([2, 2, 0, 3]), 12260.0), (array([[12.,  3.],
       [14.,  6.],
       [ 6.,  8.],
       [ 3.,  4.]]), array([1, 3, 2, 2]), 12260.0), (array([[ 2,  3],
       [ 8,  5],
       [12,  3],
       [12,  6]]), array([2, 3, 1, 2]), 12260.0), (array([[ 3,  5],
       [ 4,  6],
       [10,  5],
       [12,  9]]), array([0, 2, 3, 3]), 12260.0), (array([[15,  6],
       [ 9,  3],
       [ 7,  6],
       [ 2,  2]]), array([3, 0, 2, 2]), 12260.0), (array([[13.,  8.],
       [ 9.,  6.],
       [ 7.,  8.],
       [ 3.,  8.]]), array([2, 0, 2, 2]), 12262.0), (array([[ 6,  8],
       [12,  6],
       [12, 10],
       [ 3,  2]]), array([3, 0, 1, 2]), 12263.0)]
Generation 2 population configuration: 
[(array([[ 4,  8],
       [ 7,  5],
       [ 1,  2],
       [11,  1]]), array([0, 2, 1, 2]), 12254.0), (array([[ 4.,  8.],
       [ 7.,  5.],
       [ 1.,  2.],
       [11.,  1.]]), array([0, 2, 1, 2]), 12254.0), (array([[ 4.,  8.],
       [ 7.,  5.],
       [ 1.,  2.],
       [11.,  1.]]), array([0, 2, 1, 2]), 12254.0), (array([[ 4.,  8.],
       [ 7.,  5.],
       [ 1.,  2.],
       [11.,  1.]]), array([0, 2, 1, 2]), 12254.0), (array([[ 4.,  8.],
       [ 7.,  5.],
       [ 1.,  2.],
       [11.,  1.]]), array([0, 2, 1, 2]), 12254.0), (array([[3, 5],
       [4, 7],
       [8, 4],
       [9, 6]]), array([0, 3, 3, 1]), 12256.0), (array([[12,  3],
       [10,  7],
       [ 7,  3],
       [ 3, 10]]), array([1, 0, 0, 1]), 12257.0), (array([[9., 2.],
       [3., 1.],
       [3., 4.],
       [7., 8.]]), array([1, 3, 2, 2]), 12257.0), (array([[12.,  1.],
       [10.,  5.],
       [ 7.,  2.],
       [ 5.,  5.]]), array([2, 2, 1, 2]), 12257.0), (array([[4, 4],
       [7, 6],
       [1, 2],
       [8, 8]]), array([2, 1, 1, 2]), 12258.0), (array([[12.,  3.],
       [15.,  6.],
       [ 6.,  8.],
       [ 3.,  4.]]), array([1, 3, 2, 2]), 12260.0), (array([[ 2.,  3.],
       [ 8.,  5.],
       [12.,  3.],
       [12.,  6.]]), array([2, 3, 1, 2]), 12260.0), (array([[15.,  6.],
       [10.,  7.],
       [ 7.,  3.],
       [ 3., 10.]]), array([3, 0, 0, 1]), 12260.0), (array([[ 3.,  5.],
       [ 4.,  6.],
       [10.,  5.],
       [12.,  9.]]), array([0, 2, 3, 3]), 12260.0), (array([[ 5,  3],
       [ 3,  7],
       [ 9,  8],
       [12,  7]]), array([2, 3, 3, 1]), 12260.0), (array([[ 2,  1],
       [ 8,  3],
       [11,  3],
       [10,  8]]), array([2, 3, 0, 1]), 12260.0), (array([[11,  3],
       [10,  2],
       [13,  7],
       [ 1,  5]]), array([1, 3, 2, 1]), 12261.0), (array([[ 7,  8],
       [ 5,  3],
       [ 3,  4],
       [14,  8]]), array([2, 1, 0, 3]), 12261.0), (array([[ 6.,  8.],
       [12.,  6.],
       [12., 10.],
       [ 3.,  2.]]), array([3, 0, 1, 2]), 12263.0), (array([[14, 10],
       [ 8,  6],
       [ 0,  9],
       [ 1,  3]]), array([0, 0, 1, 2]), 12263.0)]
Generation 3 population configuration: 
[(array([[ 4,  8],
       [ 7,  5],
       [ 1,  2],
       [11,  1]]), array([0, 2, 1, 2]), 12254.0), (array([[ 4.,  8.],
       [ 7.,  5.],
       [ 1.,  2.],
       [11.,  1.]]), array([0, 2, 1, 2]), 12254.0), (array([[ 4.,  8.],
       [ 7.,  5.],
       [ 1.,  2.],
       [11.,  1.]]), array([0, 2, 1, 2]), 12254.0), (array([[ 4.,  8.],
       [ 7.,  5.],
       [ 1.,  2.],
       [11.,  1.]]), array([0, 2, 1, 2]), 12254.0), (array([[ 4.,  8.],
       [ 7.,  5.],
       [ 1.,  2.],
       [11.,  1.]]), array([0, 2, 1, 2]), 12254.0), (array([[ 4.,  8.],
       [ 7.,  5.],
       [ 1.,  2.],
       [11.,  1.]]), array([0, 2, 1, 2]), 12254.0), (array([[ 4.,  8.],
       [ 7.,  5.],
       [ 1.,  2.],
       [11.,  1.]]), array([0, 2, 1, 2]), 12254.0), (array([[ 4.,  8.],
       [ 7.,  5.],
       [ 1.,  2.],
       [11.,  1.]]), array([0, 2, 1, 2]), 12254.0), (array([[3, 5],
       [4, 7],
       [8, 4],
       [9, 6]]), array([0, 3, 3, 1]), 12256.0), (array([[ 7,  9],
       [ 2,  9],
       [ 3,  2],
       [12,  2]]), array([3, 0, 2, 2]), 12256.0), (array([[9., 2.],
       [3., 1.],
       [3., 4.],
       [7., 8.]]), array([1, 3, 2, 2]), 12257.0), (array([[ 3,  6],
       [ 6,  7],
       [ 7,  5],
       [13,  4]]), array([0, 2, 0, 2]), 12258.0), (array([[ 4,  3],
       [ 9,  3],
       [ 1,  7],
       [13,  5]]), array([1, 2, 1, 2]), 12259.0), (array([[ 5.,  3.],
       [ 3.,  7.],
       [ 9.,  8.],
       [12.,  7.]]), array([2, 3, 3, 1]), 12260.0), (array([[14,  3],
       [12,  6],
       [ 9,  1],
       [ 0,  8]]), array([0, 2, 2, 1]), 12260.0), (array([[13,  2],
       [11,  7],
       [ 6,  7],
       [ 4,  3]]), array([3, 2, 1, 1]), 12260.0), (array([[ 7.,  8.],
       [ 5.,  3.],
       [ 3.,  4.],
       [14.,  8.]]), array([2, 1, 0, 3]), 12261.0), (array([[11.,  3.],
       [10.,  2.],
       [13.,  7.],
       [ 1.,  5.]]), array([1, 3, 2, 1]), 12261.0), (array([[11.,  3.],
       [10.,  2.],
       [13.,  7.],
       [ 1.,  5.]]), array([1, 3, 2, 1]), 12261.0), (array([[ 5,  8],
       [ 3,  5],
       [11,  6],
       [12, 10]]), array([1, 0, 1, 1]), 12263.0)]
Generation 4 population configuration: 
[(array([[ 4,  8],
       [ 7,  5],
       [ 1,  2],
       [11,  1]]), array([0, 2, 1, 2]), 12254.0), (array([[ 4.,  8.],
       [ 7.,  5.],
       [ 1.,  2.],
       [11.,  1.]]), array([0, 2, 1, 2]), 12254.0), (array([[ 4.,  8.],
       [ 7.,  5.],
       [ 1.,  2.],
       [11.,  1.]]), array([0, 2, 1, 2]), 12254.0), (array([[ 4.,  8.],
       [ 7.,  5.],
       [ 1.,  2.],
       [11.,  1.]]), array([0, 2, 1, 2]), 12254.0), (array([[ 4.,  8.],
       [ 7.,  5.],
       [ 1.,  2.],
       [11.,  1.]]), array([0, 2, 1, 2]), 12254.0), (array([[ 4.,  8.],
       [ 7.,  5.],
       [ 1.,  2.],
       [11.,  1.]]), array([0, 2, 1, 2]), 12254.0), (array([[ 4.,  8.],
       [ 7.,  5.],
       [ 1.,  2.],
       [11.,  1.]]), array([0, 2, 1, 2]), 12254.0), (array([[ 4.,  8.],
       [ 7.,  5.],
       [ 1.,  2.],
       [11.,  1.]]), array([0, 2, 1, 2]), 12254.0), (array([[ 4.,  8.],
       [ 7.,  5.],
       [ 1.,  2.],
       [11.,  1.]]), array([0, 2, 1, 2]), 12254.0), (array([[ 7.,  9.],
       [ 2.,  9.],
       [ 3.,  2.],
       [12.,  2.]]), array([3, 0, 2, 2]), 12256.0), (array([[11,  6],
       [10,  1],
       [ 5,  8],
       [ 0,  2]]), array([1, 3, 3, 1]), 12258.0), (array([[ 8,  1],
       [ 8,  7],
       [ 2,  3],
       [12,  6]]), array([2, 2, 1, 1]), 12259.0), (array([[13.,  2.],
       [11.,  7.],
       [ 6.,  7.],
       [ 4.,  3.]]), array([3, 2, 1, 1]), 12260.0), (array([[14.,  3.],
       [12.,  6.],
       [ 9.,  1.],
       [ 0.,  8.]]), array([0, 2, 2, 1]), 12260.0), (array([[ 4,  2],
       [ 1,  4],
       [ 6,  9],
       [13,  8]]), array([1, 2, 1, 0]), 12260.0), (array([[ 6,  8],
       [ 3,  6],
       [12,  7],
       [ 8,  2]]), array([2, 3, 1, 2]), 12260.0), (array([[ 3,  4],
       [ 7,  1],
       [11,  3],
       [10,  8]]), array([2, 3, 2, 2]), 12260.0), (array([[13,  7],
       [12,  5],
       [ 8,  3],
       [ 1,  8]]), array([3, 0, 3, 2]), 12260.0), (array([[11.,  3.],
       [10.,  2.],
       [13.,  7.],
       [ 1.,  5.]]), array([1, 3, 2, 1]), 12261.0), (array([[ 7.,  8.],
       [ 5.,  3.],
       [ 3.,  4.],
       [14.,  8.]]), array([2, 1, 0, 3]), 12261.0)]
Generation 5 population configuration: 
[(array([[ 4,  8],
       [ 7,  5],
       [ 1,  2],
       [11,  1]]), array([0, 2, 1, 2]), 12254.0), (array([[ 4.,  8.],
       [ 7.,  5.],
       [ 1.,  2.],
       [11.,  1.]]), array([0, 2, 1, 2]), 12254.0), (array([[ 4.,  8.],
       [ 7.,  5.],
       [ 1.,  2.],
       [11.,  1.]]), array([0, 2, 1, 2]), 12254.0), (array([[ 4.,  8.],
       [ 7.,  5.],
       [ 1.,  2.],
       [11.,  1.]]), array([0, 2, 1, 2]), 12254.0), (array([[ 4.,  8.],
       [ 7.,  5.],
       [ 1.,  2.],
       [11.,  1.]]), array([0, 2, 1, 2]), 12254.0), (array([[ 4.,  8.],
       [ 7.,  5.],
       [ 1.,  2.],
       [11.,  1.]]), array([0, 2, 1, 2]), 12254.0), (array([[ 4.,  8.],
       [ 7.,  5.],
       [ 1.,  2.],
       [11.,  1.]]), array([0, 2, 1, 2]), 12254.0), (array([[ 4.,  8.],
       [ 7.,  5.],
       [ 1.,  2.],
       [11.,  1.]]), array([0, 2, 1, 2]), 12254.0), (array([[ 4.,  8.],
       [ 7.,  5.],
       [ 1.,  2.],
       [11.,  1.]]), array([0, 2, 1, 2]), 12254.0), (array([[ 4.,  8.],
       [ 7.,  5.],
       [ 1.,  2.],
       [11.,  1.]]), array([0, 2, 1, 2]), 12254.0), (array([[ 4.,  8.],
       [ 7.,  5.],
       [ 1.,  2.],
       [11.,  1.]]), array([0, 2, 1, 2]), 12254.0), (array([[ 4.,  8.],
       [ 7.,  5.],
       [ 1.,  2.],
       [11.,  1.]]), array([0, 2, 1, 2]), 12254.0), (array([[ 5,  1],
       [11,  1],
       [ 2,  7],
       [ 7,  8]]), array([2, 2, 0, 1]), 12257.0), (array([[ 7,  8],
       [ 4,  4],
       [ 1,  8],
       [11,  2]]), array([2, 3, 2, 2]), 12257.0), (array([[ 8.,  1.],
       [ 8.,  7.],
       [ 2.,  3.],
       [12.,  6.]]), array([2, 2, 1, 1]), 12259.0), (array([[14.,  3.],
       [12.,  6.],
       [ 9.,  1.],
       [ 0.,  2.]]), array([0, 2, 3, 1]), 12260.0), (array([[10,  1],
       [12,  1],
       [ 9, 10],
       [ 7, 10]]), array([3, 2, 1, 0]), 12261.0), (array([[ 9, 10],
       [ 6,  6],
       [ 4,  8],
       [12,  1]]), array([1, 1, 2, 2]), 12261.0), (array([[ 9, 10],
       [ 5,  5],
       [ 5,  3],
       [14,  1]]), array([1, 3, 0, 3]), 12261.0), (array([[ 1,  1],
       [ 3,  7],
       [13,  4],
       [10, 10]]), array([2, 1, 0, 1]), 12262.0)]
Generation 6 population configuration: 
[(array([[ 4,  8],
       [ 7,  5],
       [ 1,  2],
       [11,  1]]), array([0, 2, 1, 2]), 12254.0), (array([[ 4.,  8.],
       [ 7.,  5.],
       [ 1.,  2.],
       [11.,  1.]]), array([0, 2, 1, 2]), 12254.0), (array([[ 4.,  8.],
       [ 7.,  5.],
       [ 1.,  2.],
       [11.,  1.]]), array([0, 2, 1, 2]), 12254.0), (array([[ 4.,  8.],
       [ 7.,  5.],
       [ 1.,  2.],
       [11.,  1.]]), array([0, 2, 1, 2]), 12254.0), (array([[ 4.,  8.],
       [ 7.,  5.],
       [ 1.,  2.],
       [11.,  1.]]), array([0, 2, 1, 2]), 12254.0), (array([[ 4.,  8.],
       [ 7.,  5.],
       [ 1.,  2.],
       [11.,  1.]]), array([0, 2, 1, 2]), 12254.0), (array([[ 4.,  8.],
       [ 7.,  5.],
       [ 1.,  2.],
       [11.,  1.]]), array([0, 2, 1, 2]), 12254.0), (array([[ 4.,  8.],
       [ 7.,  5.],
       [ 1.,  2.],
       [11.,  1.]]), array([0, 2, 1, 2]), 12254.0), (array([[ 4.,  8.],
       [ 7.,  5.],
       [ 1.,  2.],
       [11.,  1.]]), array([0, 2, 1, 2]), 12254.0), (array([[ 4.,  8.],
       [ 7.,  5.],
       [ 1.,  2.],
       [11.,  1.]]), array([0, 2, 1, 2]), 12254.0), (array([[ 4.,  8.],
       [ 7.,  5.],
       [ 1.,  2.],
       [11.,  1.]]), array([0, 2, 1, 2]), 12254.0), (array([[ 1,  3],
       [ 1,  8],
       [ 7,  3],
       [12,  3]]), array([1, 2, 2, 2]), 12256.0), (array([[ 5.,  1.],
       [11.,  1.],
       [ 2.,  7.],
       [ 7.,  8.]]), array([2, 2, 0, 1]), 12257.0), (array([[ 7.,  8.],
       [12.,  6.],
       [ 9.,  1.],
       [ 0.,  2.]]), array([2, 2, 3, 1]), 12259.0), (array([[ 2, 10],
       [10,  7],
       [10,  3],
       [14,  4]]), array([0, 2, 3, 3]), 12259.0), (array([[12,  6],
       [ 9,  1],
       [ 6,  5],
       [ 6, 10]]), array([1, 2, 0, 1]), 12259.0), (array([[ 7,  8],
       [ 6,  7],
       [13,  7],
       [14,  3]]), array([2, 0, 3, 3]), 12260.0), (array([[13,  1],
       [ 8,  6],
       [10,  8],
       [ 3,  7]]), array([2, 1, 2, 0]), 12260.0), (array([[ 1.,  1.],
       [ 3.,  7.],
       [13.,  4.],
       [10., 10.]]), array([2, 1, 0, 1]), 12262.0), (array([[ 9,  8],
       [12,  9],
       [10,  4],
       [ 0,  3]]), array([3, 1, 1, 1]), 12262.0)]
Generation 7 population configuration: 
[(array([[ 4,  8],
       [ 7,  5],
       [ 1,  2],
       [11,  1]]), array([0, 2, 1, 2]), 12254.0), (array([[ 4.,  8.],
       [ 7.,  5.],
       [ 1.,  2.],
       [11.,  1.]]), array([0, 2, 1, 2]), 12254.0), (array([[ 4.,  8.],
       [ 7.,  5.],
       [ 1.,  2.],
       [11.,  1.]]), array([0, 2, 1, 2]), 12254.0), (array([[ 4.,  8.],
       [ 7.,  5.],
       [ 1.,  2.],
       [11.,  1.]]), array([0, 2, 1, 2]), 12254.0), (array([[ 4.,  8.],
       [ 7.,  5.],
       [ 1.,  2.],
       [11.,  1.]]), array([0, 2, 1, 2]), 12254.0), (array([[ 4.,  8.],
       [ 7.,  5.],
       [ 1.,  2.],
       [11.,  1.]]), array([0, 2, 1, 2]), 12254.0), (array([[ 4.,  8.],
       [ 7.,  5.],
       [ 1.,  2.],
       [11.,  1.]]), array([0, 2, 1, 2]), 12254.0), (array([[ 4.,  8.],
       [ 7.,  5.],
       [ 1.,  2.],
       [11.,  1.]]), array([0, 2, 1, 2]), 12254.0), (array([[ 4.,  8.],
       [ 7.,  5.],
       [ 1.,  2.],
       [11.,  1.]]), array([0, 2, 1, 2]), 12254.0), (array([[ 2,  8],
       [ 5,  9],
       [ 3,  1],
       [10,  1]]), array([2, 1, 2, 2]), 12256.0), (array([[ 4.,  8.],
       [10.,  7.],
       [10.,  3.],
       [14.,  4.]]), array([0, 2, 3, 3]), 12259.0), (array([[ 2,  2],
       [ 5,  4],
       [ 7, 10],
       [12,  5]]), array([2, 1, 1, 1]), 12259.0), (array([[13.,  1.],
       [ 8.,  6.],
       [10.,  8.],
       [ 3.,  7.]]), array([2, 1, 2, 0]), 12260.0), (array([[13.,  1.],
       [ 8.,  6.],
       [10.,  8.],
       [ 3.,  7.]]), array([2, 1, 2, 0]), 12260.0), (array([[ 7.,  8.],
       [ 6.,  7.],
       [13.,  7.],
       [14.,  3.]]), array([2, 0, 3, 3]), 12260.0), (array([[ 4,  5],
       [ 1,  4],
       [12,  3],
       [13,  5]]), array([1, 2, 1, 2]), 12260.0), (array([[ 4.,  8.],
       [ 7.,  5.],
       [ 1.,  2.],
       [11., 10.]]), array([0, 2, 1, 1]), 12262.0), (array([[ 4,  8],
       [ 5,  5],
       [11,  4],
       [13,  8]]), array([2, 1, 2, 2]), 12262.0), (array([[12, 10],
       [ 6,  8],
       [10,  2],
       [ 2,  8]]), array([1, 1, 1, 0]), 12263.0), (array([[13,  2],
       [ 6,  2],
       [12, 10],
       [ 2,  1]]), array([2, 2, 1, 2]), 12264.0)]
Generation 8 population configuration: 
[(array([[ 4,  8],
       [ 7,  5],
       [ 1,  2],
       [11,  1]]), array([0, 2, 1, 2]), 12254.0), (array([[ 4.,  8.],
       [ 7.,  5.],
       [ 1.,  2.],
       [11.,  1.]]), array([0, 2, 1, 2]), 12254.0), (array([[ 4.,  8.],
       [ 7.,  5.],
       [ 1.,  2.],
       [11.,  1.]]), array([0, 2, 1, 2]), 12254.0), (array([[ 4.,  8.],
       [ 7.,  5.],
       [ 1.,  2.],
       [11.,  1.]]), array([0, 2, 1, 2]), 12254.0), (array([[ 4.,  8.],
       [ 7.,  5.],
       [ 1.,  2.],
       [11.,  1.]]), array([0, 2, 1, 2]), 12254.0), (array([[ 4.,  8.],
       [ 7.,  5.],
       [ 1.,  2.],
       [11.,  1.]]), array([0, 2, 1, 2]), 12254.0), (array([[ 4.,  8.],
       [ 7.,  5.],
       [ 1.,  2.],
       [11.,  1.]]), array([0, 2, 1, 2]), 12254.0), (array([[ 2.,  8.],
       [ 7.,  5.],
       [ 1.,  2.],
       [11.,  1.]]), array([0, 2, 1, 2]), 12254.0), (array([[ 4.,  8.],
       [ 7.,  5.],
       [ 1.,  2.],
       [11.,  1.]]), array([0, 2, 1, 2]), 12254.0), (array([[ 4.,  8.],
       [ 7.,  5.],
       [ 1.,  2.],
       [11.,  1.]]), array([0, 2, 1, 2]), 12254.0), (array([[ 1,  3],
       [ 3,  7],
       [ 8,  7],
       [11,  3]]), array([1, 1, 2, 1]), 12257.0), (array([[ 9,  0],
       [ 8,  5],
       [12,  8],
       [ 0,  4]]), array([2, 3, 0, 1]), 12259.0), (array([[ 2,  5],
       [ 6,  3],
       [ 6,  8],
       [13,  5]]), array([0, 1, 2, 2]), 12259.0), (array([[ 4.,  5.],
       [ 1.,  4.],
       [12.,  3.],
       [13.,  5.]]), array([1, 2, 1, 2]), 12260.0), (array([[ 4.,  5.],
       [ 1.,  4.],
       [12.,  3.],
       [13.,  5.]]), array([1, 2, 1, 2]), 12260.0), (array([[ 7,  2],
       [ 2,  5],
       [13,  0],
       [10, 10]]), array([1, 1, 2, 0]), 12260.0), (array([[ 9,  8],
       [12,  9],
       [ 4,  5],
       [ 9,  2]]), array([2, 1, 1, 1]), 12262.0), (array([[10,  9],
       [13,  8],
       [ 6,  3],
       [ 1,  9]]), array([3, 2, 0, 1]), 12262.0), (array([[12., 10.],
       [ 6.,  8.],
       [10.,  2.],
       [ 2.,  8.]]), array([1, 1, 1, 0]), 12263.0), (array([[13.,  2.],
       [ 6.,  2.],
       [12., 10.],
       [ 2.,  1.]]), array([2, 2, 1, 2]), 12264.0)]
Generation 9 population configuration: 
[(array([[ 4,  8],
       [ 7,  5],
       [ 1,  2],
       [11,  1]]), array([0, 2, 1, 2]), 12254.0), (array([[ 4.,  8.],
       [ 7.,  5.],
       [ 1.,  2.],
       [11.,  1.]]), array([0, 2, 1, 2]), 12254.0), (array([[ 4.,  8.],
       [ 7.,  5.],
       [ 1.,  2.],
       [11.,  1.]]), array([0, 2, 1, 2]), 12254.0), (array([[ 4.,  8.],
       [ 7.,  5.],
       [ 1.,  2.],
       [11.,  1.]]), array([0, 2, 1, 2]), 12254.0), (array([[ 4.,  8.],
       [ 7.,  5.],
       [ 1.,  2.],
       [11.,  1.]]), array([0, 2, 1, 2]), 12254.0), (array([[ 4.,  8.],
       [ 7.,  5.],
       [ 1.,  2.],
       [11.,  1.]]), array([0, 2, 1, 2]), 12254.0), (array([[ 4.,  8.],
       [ 7.,  5.],
       [ 1.,  2.],
       [11.,  1.]]), array([0, 2, 1, 2]), 12254.0), (array([[ 2.,  8.],
       [ 7.,  5.],
       [ 1.,  2.],
       [11.,  1.]]), array([0, 2, 1, 2]), 12254.0), (array([[ 4.,  8.],
       [ 7.,  5.],
       [ 1.,  2.],
       [11.,  1.]]), array([0, 2, 1, 2]), 12254.0), (array([[ 4.,  8.],
       [ 7.,  5.],
       [ 1.,  2.],
       [11.,  1.]]), array([0, 2, 1, 2]), 12254.0), (array([[ 5,  3],
       [ 8,  5],
       [ 1,  4],
       [10,  4]]), array([0, 3, 2, 2]), 12255.0), (array([[5, 8],
       [7, 8],
       [7, 2],
       [1, 2]]), array([3, 2, 3, 2]), 12256.0), (array([[ 7.,  2.],
       [ 2.,  5.],
       [13.,  0.],
       [10., 10.]]), array([1, 1, 2, 0]), 12260.0), (array([[ 4.,  5.],
       [ 1.,  4.],
       [12.,  3.],
       [13.,  5.]]), array([1, 2, 1, 2]), 12260.0), (array([[ 4.,  5.],
       [ 1.,  4.],
       [12.,  3.],
       [13.,  5.]]), array([1, 2, 1, 2]), 12260.0), (array([[11,  1],
       [ 9,  5],
       [12,  7],
       [ 6,  9]]), array([2, 2, 1, 3]), 12260.0), (array([[ 5,  9],
       [ 9, 10],
       [ 3,  2],
       [14,  6]]), array([1, 1, 3, 0]), 12261.0), (array([[10.,  9.],
       [13.,  8.],
       [ 7.,  3.],
       [ 1.,  9.]]), array([3, 2, 0, 1]), 12262.0), (array([[ 0,  7],
       [ 4,  4],
       [11,  9],
       [14,  5]]), array([1, 1, 1, 0]), 12262.0), (array([[ 3,  1],
       [10,  3],
       [ 9,  9],
       [14,  9]]), array([3, 1, 3, 0]), 12262.0)]
Generation 10 population configuration: 
[(array([[ 4,  8],
       [ 7,  5],
       [ 1,  2],
       [11,  1]]), array([0, 2, 1, 2]), 12254.0), (array([[ 4.,  8.],
       [ 7.,  5.],
       [ 1.,  2.],
       [11.,  1.]]), array([0, 2, 1, 2]), 12254.0), (array([[ 4.,  8.],
       [ 7.,  5.],
       [ 1.,  2.],
       [11.,  1.]]), array([0, 2, 1, 2]), 12254.0), (array([[ 4.,  8.],
       [ 7.,  5.],
       [ 1.,  2.],
       [11.,  1.]]), array([0, 2, 1, 2]), 12254.0), (array([[ 4.,  8.],
       [ 7.,  5.],
       [ 1.,  2.],
       [11.,  1.]]), array([0, 2, 1, 2]), 12254.0), (array([[ 4.,  8.],
       [ 7.,  5.],
       [ 1.,  2.],
       [11.,  1.]]), array([0, 2, 1, 2]), 12254.0), (array([[ 4.,  8.],
       [ 7.,  5.],
       [ 1.,  2.],
       [11.,  1.]]), array([0, 2, 1, 2]), 12254.0), (array([[ 4.,  8.],
       [ 7.,  5.],
       [ 1.,  2.],
       [11.,  1.]]), array([0, 2, 1, 2]), 12254.0), (array([[ 4.,  8.],
       [ 7.,  5.],
       [ 1.,  2.],
       [11.,  1.]]), array([0, 2, 1, 2]), 12254.0), (array([[ 7,  6],
       [ 9,  4],
       [ 4, 10],
       [ 4,  1]]), array([0, 1, 0, 3]), 12255.0), (array([[ 5, 10],
       [ 1,  5],
       [12,  8],
       [ 9,  1]]), array([0, 1, 0, 2]), 12259.0), (array([[11.,  1.],
       [ 9.,  5.],
       [12.,  7.],
       [ 6.,  9.]]), array([2, 2, 1, 3]), 12260.0), (array([[ 2.,  8.],
       [ 7.,  4.],
       [12.,  3.],
       [13.,  5.]]), array([0, 2, 1, 2]), 12260.0), (array([[ 4.,  5.],
       [ 1.,  4.],
       [12.,  3.],
       [13.,  5.]]), array([1, 2, 1, 2]), 12260.0), (array([[ 7.,  2.],
       [ 2.,  5.],
       [13.,  0.],
       [10., 10.]]), array([1, 1, 2, 0]), 12260.0), (array([[ 5,  3],
       [ 0,  7],
       [12,  8],
       [15,  1]]), array([2, 1, 0, 3]), 12260.0), (array([[ 3,  6],
       [ 8,  7],
       [ 7,  2],
       [ 9, 10]]), array([3, 3, 1, 1]), 12260.0), (array([[10.,  9.],
       [13.,  8.],
       [ 7.,  3.],
       [ 1.,  9.]]), array([3, 2, 0, 1]), 12262.0), (array([[ 1,  4],
       [ 7,  2],
       [12,  8],
       [14,  5]]), array([2, 1, 1, 0]), 12262.0), (array([[ 6,  2],
       [ 7,  8],
       [13,  1],
       [12, 10]]), array([1, 2, 2, 1]), 12264.0)]
Generation 11 population configuration: 
[(array([[ 4,  8],
       [ 7,  5],
       [ 1,  2],
       [11,  1]]), array([0, 2, 1, 2]), 12254.0), (array([[ 4.,  8.],
       [ 7.,  5.],
       [ 1.,  2.],
       [11.,  1.]]), array([0, 2, 1, 2]), 12254.0), (array([[ 4.,  8.],
       [ 7.,  5.],
       [ 1.,  2.],
       [11.,  1.]]), array([0, 2, 1, 2]), 12254.0), (array([[ 4.,  8.],
       [ 7.,  5.],
       [ 1.,  2.],
       [11.,  1.]]), array([0, 2, 1, 2]), 12254.0), (array([[ 4.,  8.],
       [ 7.,  5.],
       [ 1.,  2.],
       [11.,  1.]]), array([0, 2, 1, 2]), 12254.0), (array([[ 4.,  8.],
       [ 7.,  5.],
       [ 1.,  2.],
       [11.,  1.]]), array([0, 2, 1, 2]), 12254.0), (array([[ 4.,  8.],
       [ 7.,  5.],
       [ 1.,  2.],
       [11.,  1.]]), array([0, 2, 1, 2]), 12254.0), (array([[ 4.,  8.],
       [ 7.,  5.],
       [ 1.,  2.],
       [11.,  1.]]), array([0, 2, 1, 2]), 12254.0), (array([[ 4.,  8.],
       [ 7.,  5.],
       [ 1.,  2.],
       [11.,  1.]]), array([0, 2, 1, 2]), 12254.0), (array([[ 4.,  8.],
       [ 7.,  5.],
       [ 1.,  2.],
       [11.,  1.]]), array([0, 2, 1, 2]), 12254.0), (array([[ 4.,  8.],
       [ 7.,  5.],
       [ 1.,  2.],
       [11.,  1.]]), array([0, 2, 1, 2]), 12254.0), (array([[ 1, 10],
       [ 1,  4],
       [ 3,  2],
       [10,  0]]), array([1, 2, 1, 2]), 12254.0), (array([[13,  0],
       [ 9,  7],
       [ 5,  2],
       [ 1,  6]]), array([2, 2, 1, 1]), 12258.0), (array([[ 1,  5],
       [ 3,  0],
       [ 9,  4],
       [10,  8]]), array([2, 2, 1, 1]), 12259.0), (array([[ 4.,  5.],
       [ 1.,  4.],
       [12.,  3.],
       [13.,  5.]]), array([1, 2, 1, 2]), 12260.0), (array([[11.,  1.],
       [ 9.,  5.],
       [12.,  7.],
       [ 6.,  9.]]), array([2, 2, 1, 3]), 12260.0), (array([[ 1.,  4.],
       [ 7.,  2.],
       [12.,  8.],
       [14.,  5.]]), array([2, 1, 1, 0]), 12262.0), (array([[ 3,  8],
       [ 8,  4],
       [ 8,  2],
       [13,  8]]), array([2, 2, 1, 2]), 12262.0), (array([[ 2,  7],
       [ 6,  7],
       [12,  3],
       [14,  9]]), array([2, 1, 0, 0]), 12262.0), (array([[ 4,  1],
       [ 6,  6],
       [12,  7],
       [14,  9]]), array([2, 3, 0, 3]), 12262.0)]
Generation 12 population configuration: 
[(array([[ 4,  8],
       [ 7,  5],
       [ 1,  2],
       [11,  1]]), array([0, 2, 1, 2]), 12254.0), (array([[ 4.,  8.],
       [ 7.,  5.],
       [ 1.,  2.],
       [11.,  1.]]), array([0, 2, 1, 2]), 12254.0), (array([[ 4.,  8.],
       [ 7.,  5.],
       [ 1.,  2.],
       [11.,  1.]]), array([0, 2, 1, 2]), 12254.0), (array([[ 4.,  8.],
       [ 7.,  5.],
       [ 1.,  2.],
       [11.,  1.]]), array([0, 2, 1, 2]), 12254.0), (array([[ 4.,  8.],
       [ 7.,  5.],
       [ 1.,  2.],
       [11.,  1.]]), array([0, 2, 1, 2]), 12254.0), (array([[ 4.,  8.],
       [ 7.,  5.],
       [ 1.,  2.],
       [11.,  1.]]), array([0, 2, 1, 2]), 12254.0), (array([[ 4.,  8.],
       [ 7.,  5.],
       [ 1.,  2.],
       [11.,  1.]]), array([0, 2, 1, 2]), 12254.0), (array([[ 4.,  8.],
       [ 7.,  5.],
       [ 1.,  2.],
       [11.,  1.]]), array([0, 2, 1, 2]), 12254.0), (array([[ 4.,  8.],
       [ 7.,  5.],
       [ 1.,  2.],
       [11.,  1.]]), array([0, 2, 1, 2]), 12254.0), (array([[ 4.,  8.],
       [ 7.,  5.],
       [ 1.,  2.],
       [11.,  1.]]), array([0, 2, 1, 2]), 12254.0), (array([[ 4.,  8.],
       [ 7.,  5.],
       [ 1.,  2.],
       [11.,  1.]]), array([0, 2, 1, 2]), 12254.0), (array([[ 6,  3],
       [ 3,  1],
       [ 8,  6],
       [ 1, 10]]), array([0, 3, 3, 1]), 12255.0), (array([[2, 5],
       [1, 8],
       [6, 8],
       [8, 3]]), array([0, 1, 1, 3]), 12256.0), (array([[13.,  0.],
       [ 9.,  7.],
       [ 5.,  2.],
       [ 1.,  6.]]), array([2, 2, 1, 1]), 12258.0), (array([[13.,  0.],
       [ 9.,  7.],
       [ 5.,  2.],
       [ 1.,  6.]]), array([2, 2, 1, 1]), 12258.0), (array([[ 2, 10],
       [ 7,  5],
       [ 4,  2],
       [11,  6]]), array([0, 1, 3, 1]), 12258.0), (array([[12,  1],
       [11,  5],
       [ 6,  7],
       [ 2,  2]]), array([2, 2, 1, 2]), 12258.0), (array([[5, 8],
       [9, 9],
       [7, 3],
       [1, 4]]), array([1, 1, 0, 1]), 12259.0), (array([[10,  2],
       [13,  3],
       [11,  7],
       [ 4,  5]]), array([3, 0, 1, 2]), 12260.0), (array([[ 1.,  7.],
       [ 6.,  7.],
       [12.,  3.],
       [14.,  9.]]), array([2, 1, 0, 0]), 12262.0)]
Generation 13 population configuration: 
[(array([[ 4,  8],
       [ 7,  5],
       [ 1,  2],
       [11,  1]]), array([0, 2, 1, 2]), 12254.0), (array([[ 4.,  8.],
       [ 7.,  5.],
       [ 1.,  2.],
       [11.,  1.]]), array([0, 2, 1, 2]), 12254.0), (array([[ 4.,  8.],
       [ 7.,  5.],
       [ 1.,  2.],
       [11.,  1.]]), array([0, 2, 1, 2]), 12254.0), (array([[ 4.,  8.],
       [ 7.,  5.],
       [ 1.,  2.],
       [11.,  1.]]), array([0, 2, 1, 2]), 12254.0), (array([[ 4.,  8.],
       [ 7.,  5.],
       [ 1.,  2.],
       [11.,  1.]]), array([0, 2, 1, 2]), 12254.0), (array([[ 4.,  8.],
       [ 7.,  5.],
       [ 1.,  2.],
       [11.,  1.]]), array([0, 2, 1, 2]), 12254.0), (array([[ 4.,  8.],
       [ 7.,  5.],
       [ 1.,  2.],
       [11.,  1.]]), array([0, 2, 1, 2]), 12254.0), (array([[ 4.,  8.],
       [ 7.,  5.],
       [ 1.,  2.],
       [11.,  1.]]), array([0, 2, 1, 2]), 12254.0), (array([[ 4.,  8.],
       [ 7.,  5.],
       [ 1.,  2.],
       [11.,  1.]]), array([0, 2, 1, 2]), 12254.0), (array([[ 4.,  8.],
       [ 7.,  5.],
       [ 1.,  2.],
       [11.,  1.]]), array([0, 2, 1, 2]), 12254.0), (array([[2., 5.],
       [1., 8.],
       [6., 8.],
       [8., 3.]]), array([0, 1, 1, 3]), 12256.0), (array([[ 8,  3],
       [ 6,  7],
       [13,  0],
       [ 1,  2]]), array([1, 1, 2, 2]), 12256.0), (array([[ 3,  2],
       [ 4,  7],
       [ 9,  3],
       [11,  6]]), array([1, 2, 0, 3]), 12256.0), (array([[12.,  1.],
       [11.,  5.],
       [ 6.,  7.],
       [ 2.,  2.]]), array([2, 2, 1, 2]), 12258.0), (array([[13.,  0.],
       [ 9.,  7.],
       [ 5.,  2.],
       [ 1.,  6.]]), array([2, 2, 1, 1]), 12258.0), (array([[12,  3],
       [11,  4],
       [ 8,  9],
       [ 2,  5]]), array([0, 2, 0, 2]), 12258.0), (array([[10,  7],
       [10,  3],
       [ 6,  6],
       [ 2,  4]]), array([1, 1, 2, 0]), 12259.0), (array([[10.,  2.],
       [13.,  4.],
       [11.,  7.],
       [ 4.,  9.]]), array([3, 0, 1, 0]), 12260.0), (array([[ 8,  8],
       [13,  6],
       [11,  2],
       [ 1,  5]]), array([2, 2, 2, 2]), 12260.0), (array([[ 0,  9],
       [ 8,  5],
       [12,  7],
       [14,  3]]), array([1, 1, 2, 0]), 12261.0)]
Generation 14 population configuration: 
[(array([[ 4,  8],
       [ 7,  5],
       [ 1,  2],
       [11,  1]]), array([0, 2, 1, 2]), 12254.0), (array([[ 4.,  8.],
       [ 7.,  5.],
       [ 1.,  2.],
       [11.,  1.]]), array([0, 2, 1, 2]), 12254.0), (array([[ 4.,  8.],
       [ 7.,  5.],
       [ 1.,  2.],
       [11.,  1.]]), array([0, 2, 1, 2]), 12254.0), (array([[ 4.,  8.],
       [ 7.,  5.],
       [ 1.,  2.],
       [11.,  1.]]), array([0, 2, 1, 2]), 12254.0), (array([[ 4.,  8.],
       [ 7.,  5.],
       [ 1.,  2.],
       [11.,  1.]]), array([0, 2, 1, 2]), 12254.0), (array([[ 4.,  8.],
       [ 7.,  5.],
       [ 1.,  2.],
       [11.,  1.]]), array([0, 2, 1, 2]), 12254.0), (array([[ 4.,  8.],
       [ 7.,  5.],
       [ 1.,  2.],
       [11.,  1.]]), array([0, 2, 1, 2]), 12254.0), (array([[ 2.,  8.],
       [ 7.,  5.],
       [ 1.,  2.],
       [11.,  1.]]), array([0, 2, 1, 2]), 12254.0), (array([[ 4.,  8.],
       [ 7.,  5.],
       [ 1.,  2.],
       [11.,  1.]]), array([0, 2, 1, 2]), 12254.0), (array([[ 3.,  2.],
       [ 4.,  7.],
       [ 9.,  3.],
       [11.,  6.]]), array([1, 2, 0, 3]), 12256.0), (array([[13,  1],
       [ 5,  3],
       [ 7,  9],
       [ 3,  9]]), array([3, 1, 0, 3]), 12256.0), (array([[ 4.,  8.],
       [ 7.,  5.],
       [ 1.,  2.],
       [11.,  5.]]), array([0, 2, 1, 2]), 12257.0), (array([[11,  5],
       [ 8,  1],
       [ 4,  7],
       [ 2,  1]]), array([2, 3, 1, 2]), 12257.0), (array([[12.,  3.],
       [11.,  4.],
       [ 8.,  9.],
       [ 2.,  5.]]), array([0, 2, 0, 2]), 12258.0), (array([[12.,  1.],
       [11.,  5.],
       [ 6.,  7.],
       [ 2.,  2.]]), array([2, 2, 1, 2]), 12258.0), (array([[11,  7],
       [ 9,  1],
       [ 1,  8],
       [ 2,  0]]), array([1, 2, 2, 2]), 12259.0), (array([[ 7,  5],
       [ 5,  4],
       [ 7,  8],
       [14,  6]]), array([1, 0, 2, 0]), 12259.0), (array([[ 8.,  8.],
       [13.,  6.],
       [11.,  2.],
       [ 1.,  5.]]), array([2, 2, 2, 2]), 12260.0), (array([[ 3,  1],
       [ 4,  6],
       [11,  4],
       [10, 10]]), array([3, 2, 1, 1]), 12262.0), (array([[ 4,  3],
       [ 1,  7],
       [12,  9],
       [14,  6]]), array([2, 2, 1, 0]), 12263.0)]
Generation 15 population configuration: 
[(array([[ 4,  8],
       [ 7,  5],
       [ 1,  2],
       [11,  1]]), array([0, 2, 1, 2]), 12254.0), (array([[ 4.,  8.],
       [ 7.,  5.],
       [ 1.,  2.],
       [11.,  1.]]), array([0, 2, 1, 2]), 12254.0), (array([[ 4.,  8.],
       [ 7.,  5.],
       [ 1.,  2.],
       [11.,  1.]]), array([0, 2, 1, 2]), 12254.0), (array([[ 4.,  8.],
       [ 7.,  5.],
       [ 1.,  2.],
       [11.,  1.]]), array([0, 2, 1, 2]), 12254.0), (array([[ 4.,  8.],
       [ 7.,  5.],
       [ 1.,  2.],
       [11.,  1.]]), array([0, 2, 1, 2]), 12254.0), (array([[ 4.,  8.],
       [ 7.,  5.],
       [ 1.,  2.],
       [11.,  1.]]), array([0, 2, 1, 2]), 12254.0), (array([[ 4.,  8.],
       [ 7.,  5.],
       [ 1.,  2.],
       [11.,  1.]]), array([0, 2, 1, 2]), 12254.0), (array([[11.,  5.],
       [ 8.,  1.],
       [ 4.,  7.],
       [ 2.,  1.]]), array([2, 3, 1, 2]), 12257.0), (array([[ 4.,  8.],
       [ 7.,  5.],
       [ 1.,  2.],
       [11.,  5.]]), array([0, 2, 1, 2]), 12257.0), (array([[ 4.,  8.],
       [ 7.,  5.],
       [ 1.,  2.],
       [11.,  5.]]), array([0, 2, 1, 2]), 12257.0), (array([[ 8,  7],
       [ 5,  8],
       [ 6,  3],
       [12,  2]]), array([2, 0, 0, 3]), 12257.0), (array([[13,  3],
       [ 5, 10],
       [ 2,  3],
       [ 2,  7]]), array([2, 1, 2, 2]), 12257.0), (array([[ 3,  8],
       [ 2,  1],
       [10,  7],
       [15,  3]]), array([1, 2, 0, 3]), 12257.0), (array([[11.,  7.],
       [ 9.,  1.],
       [ 1.,  8.],
       [ 2.,  0.]]), array([1, 2, 2, 2]), 12259.0), (array([[11.,  7.],
       [ 9.,  1.],
       [ 1.,  8.],
       [ 2.,  0.]]), array([1, 2, 2, 2]), 12259.0), (array([[11.,  7.],
       [ 9.,  1.],
       [ 1.,  8.],
       [ 2.,  0.]]), array([1, 2, 2, 2]), 12259.0), (array([[ 9,  4],
       [10,  9],
       [ 7,  9],
       [ 2,  1]]), array([1, 1, 3, 2]), 12260.0), (array([[ 1,  3],
       [ 4,  4],
       [ 4, 11],
       [ 9, 10]]), array([2, 1, 0, 1]), 12260.0), (array([[ 4.,  3.],
       [ 1.,  7.],
       [12.,  9.],
       [14.,  6.]]), array([2, 2, 1, 0]), 12263.0), (array([[11,  8],
       [12,  6],
       [12, 10],
       [ 8,  2]]), array([3, 1, 1, 2]), 12264.0)]
Generation 16 population configuration: 
[(array([[ 4,  8],
       [ 7,  5],
       [ 1,  2],
       [11,  1]]), array([0, 2, 1, 2]), 12254.0), (array([[ 4.,  8.],
       [ 7.,  5.],
       [ 1.,  2.],
       [11.,  1.]]), array([0, 2, 1, 2]), 12254.0), (array([[ 4.,  8.],
       [ 7.,  5.],
       [ 1.,  2.],
       [11.,  1.]]), array([0, 2, 1, 2]), 12254.0), (array([[ 4.,  8.],
       [ 7.,  5.],
       [ 1.,  2.],
       [11.,  1.]]), array([0, 2, 1, 2]), 12254.0), (array([[ 4.,  8.],
       [ 7.,  5.],
       [ 1.,  2.],
       [11.,  1.]]), array([0, 2, 1, 2]), 12254.0), (array([[ 4.,  8.],
       [ 7.,  5.],
       [ 1.,  2.],
       [11.,  1.]]), array([0, 2, 1, 2]), 12254.0), (array([[ 4.,  8.],
       [ 7.,  5.],
       [ 1.,  2.],
       [11.,  1.]]), array([0, 2, 1, 2]), 12254.0), (array([[ 4.,  8.],
       [ 7.,  5.],
       [ 1.,  2.],
       [11.,  1.]]), array([0, 2, 1, 2]), 12254.0), (array([[ 4.,  8.],
       [ 7.,  5.],
       [ 1.,  2.],
       [11.,  1.]]), array([0, 2, 1, 2]), 12254.0), (array([[ 4.,  8.],
       [ 7.,  5.],
       [ 1.,  2.],
       [11.,  1.]]), array([0, 2, 1, 2]), 12254.0), (array([[ 2,  7],
       [ 1,  3],
       [ 7,  7],
       [13,  0]]), array([2, 2, 0, 2]), 12254.0), (array([[4, 2],
       [2, 5],
       [6, 6],
       [9, 2]]), array([1, 2, 1, 1]), 12254.0), (array([[13.,  3.],
       [ 5., 10.],
       [ 2.,  3.],
       [ 2.,  7.]]), array([2, 1, 2, 2]), 12257.0), (array([[13.,  3.],
       [ 5., 10.],
       [ 2.,  2.],
       [ 2.,  7.]]), array([2, 1, 2, 2]), 12257.0), (array([[11.,  7.],
       [ 9.,  1.],
       [ 1.,  8.],
       [ 2.,  0.]]), array([1, 2, 2, 2]), 12259.0), (array([[ 8,  3],
       [ 8,  8],
       [10,  8],
       [ 3, 10]]), array([0, 0, 1, 0]), 12259.0), (array([[11,  8],
       [ 9,  4],
       [ 5,  3],
       [ 1,  6]]), array([2, 3, 3, 2]), 12260.0), (array([[ 5,  7],
       [ 9,  9],
       [ 6,  1],
       [10,  3]]), array([0, 1, 3, 2]), 12260.0), (array([[14,  8],
       [13,  1],
       [ 7, 10],
       [ 3,  1]]), array([3, 2, 1, 2]), 12262.0), (array([[11.,  8.],
       [12.,  6.],
       [12., 10.],
       [ 8.,  2.]]), array([3, 1, 1, 2]), 12264.0)]
Generation 17 population configuration: 
[(array([[ 4,  8],
       [ 7,  5],
       [ 1,  2],
       [11,  1]]), array([0, 2, 1, 2]), 12254.0), (array([[ 4.,  8.],
       [ 7.,  5.],
       [ 1.,  2.],
       [11.,  1.]]), array([0, 2, 1, 2]), 12254.0), (array([[ 4.,  8.],
       [ 7.,  5.],
       [ 1.,  2.],
       [11.,  1.]]), array([0, 2, 1, 2]), 12254.0), (array([[ 4.,  8.],
       [ 7.,  5.],
       [ 1.,  2.],
       [11.,  1.]]), array([0, 2, 1, 2]), 12254.0), (array([[ 4.,  8.],
       [ 7.,  5.],
       [ 1.,  2.],
       [11.,  1.]]), array([0, 2, 1, 2]), 12254.0), (array([[ 4.,  8.],
       [ 7.,  5.],
       [ 1.,  2.],
       [11.,  1.]]), array([0, 2, 1, 2]), 12254.0), (array([[ 2.,  7.],
       [ 1.,  3.],
       [ 7.,  7.],
       [13.,  0.]]), array([2, 2, 0, 2]), 12254.0), (array([[ 4.,  8.],
       [ 7.,  5.],
       [ 1.,  2.],
       [11.,  1.]]), array([0, 2, 1, 2]), 12254.0), (array([[4., 2.],
       [2., 5.],
       [6., 6.],
       [9., 2.]]), array([1, 2, 1, 1]), 12254.0), (array([[13.,  3.],
       [ 5., 10.],
       [ 2.,  3.],
       [ 2.,  7.]]), array([2, 1, 2, 2]), 12257.0), (array([[13.,  3.],
       [ 5., 10.],
       [ 2.,  3.],
       [ 2.,  7.]]), array([2, 1, 2, 2]), 12257.0), (array([[ 2,  9],
       [ 7, 10],
       [ 5,  2],
       [ 8,  2]]), array([0, 0, 3, 2]), 12257.0), (array([[ 8.,  3.],
       [ 8.,  8.],
       [10.,  8.],
       [ 3., 10.]]), array([0, 0, 1, 0]), 12259.0), (array([[ 5.,  7.],
       [ 9.,  9.],
       [ 6.,  1.],
       [10.,  3.]]), array([0, 1, 3, 2]), 12260.0), (array([[11.,  8.],
       [ 9.,  4.],
       [ 5.,  3.],
       [ 1.,  6.]]), array([2, 3, 3, 2]), 12260.0), (array([[ 7,  4],
       [ 7,  9],
       [11,  8],
       [ 1,  8]]), array([3, 1, 1, 2]), 12260.0), (array([[ 4,  7],
       [ 3,  1],
       [12,  7],
       [12,  1]]), array([1, 2, 2, 2]), 12261.0), (array([[10,  6],
       [ 9,  2],
       [12, 10],
       [ 2,  2]]), array([1, 1, 1, 2]), 12263.0), (array([[ 2,  6],
       [ 8,  2],
       [11, 10],
       [12,  4]]), array([2, 1, 1, 1]), 12263.0), (array([[11,  4],
       [ 9,  8],
       [12, 10],
       [ 4,  4]]), array([1, 3, 1, 1]), 12263.0)]
Generation 18 population configuration: 
[(array([[ 4,  8],
       [ 7,  5],
       [ 1,  2],
       [11,  1]]), array([0, 2, 1, 2]), 12254.0), (array([[ 4.,  8.],
       [ 7.,  5.],
       [ 1.,  2.],
       [11.,  1.]]), array([0, 2, 1, 2]), 12254.0), (array([[ 4.,  8.],
       [ 7.,  5.],
       [ 1.,  2.],
       [11.,  1.]]), array([0, 2, 1, 2]), 12254.0), (array([[ 4.,  8.],
       [ 7.,  5.],
       [ 1.,  2.],
       [11.,  1.]]), array([0, 2, 1, 2]), 12254.0), (array([[ 4.,  8.],
       [ 7.,  5.],
       [ 1.,  2.],
       [11.,  1.]]), array([0, 2, 1, 2]), 12254.0), (array([[ 4.,  8.],
       [ 7.,  5.],
       [ 1.,  2.],
       [11.,  1.]]), array([0, 2, 1, 2]), 12254.0), (array([[4., 2.],
       [2., 5.],
       [6., 6.],
       [9., 2.]]), array([1, 2, 1, 1]), 12254.0), (array([[ 2.,  7.],
       [ 1.,  3.],
       [ 7.,  7.],
       [13.,  0.]]), array([2, 2, 0, 2]), 12254.0), (array([[ 5.,  7.],
       [ 9.,  5.],
       [ 1.,  2.],
       [11.,  1.]]), array([0, 2, 1, 2]), 12256.0), (array([[ 2.,  9.],
       [ 7., 10.],
       [ 5.,  2.],
       [ 8.,  2.]]), array([0, 0, 3, 2]), 12257.0), (array([[13.,  3.],
       [ 5., 10.],
       [ 2.,  3.],
       [ 2.,  7.]]), array([2, 1, 2, 2]), 12257.0), (array([[11,  5],
       [ 8,  1],
       [ 4,  8],
       [ 0,  2]]), array([2, 3, 2, 1]), 12257.0), (array([[ 2,  8],
       [ 2,  3],
       [ 7,  3],
       [11,  6]]), array([2, 2, 1, 1]), 12258.0), (array([[ 5.,  7.],
       [ 9.,  9.],
       [ 6.,  1.],
       [10.,  3.]]), array([0, 1, 3, 2]), 12260.0), (array([[ 5,  3],
       [ 4,  6],
       [10,  7],
       [ 9, 11]]), array([3, 2, 0, 0]), 12260.0), (array([[ 6,  9],
       [10,  8],
       [ 5,  4],
       [11,  4]]), array([1, 1, 1, 1]), 12260.0), (array([[ 4.,  7.],
       [ 3.,  1.],
       [12.,  7.],
       [12.,  1.]]), array([1, 2, 2, 2]), 12261.0), (array([[12,  1],
       [11,  8],
       [ 4,  3],
       [ 2, 10]]), array([3, 2, 1, 0]), 12261.0), (array([[10.,  6.],
       [ 9.,  2.],
       [12., 10.],
       [ 2.,  2.]]), array([1, 1, 1, 2]), 12263.0), (array([[ 8,  8],
       [13, 10],
       [12,  4],
       [ 8,  1]]), array([3, 0, 1, 2]), 12263.0)]
Generation 19 population configuration: 
[(array([[ 4,  8],
       [ 7,  5],
       [ 1,  2],
       [11,  1]]), array([0, 2, 1, 2]), 12254.0), (array([[ 4.,  8.],
       [ 7.,  5.],
       [ 1.,  2.],
       [11.,  1.]]), array([0, 2, 1, 2]), 12254.0), (array([[ 4.,  8.],
       [ 7.,  5.],
       [ 1.,  2.],
       [11.,  1.]]), array([0, 2, 1, 2]), 12254.0), (array([[ 4.,  8.],
       [ 7.,  5.],
       [ 1.,  2.],
       [11.,  1.]]), array([0, 2, 1, 2]), 12254.0), (array([[ 4.,  8.],
       [ 7.,  5.],
       [ 1.,  2.],
       [11.,  1.]]), array([0, 2, 1, 2]), 12254.0), (array([[ 4.,  8.],
       [ 7.,  5.],
       [ 1.,  2.],
       [11.,  1.]]), array([0, 2, 1, 2]), 12254.0), (array([[ 4.,  8.],
       [ 7.,  5.],
       [ 1.,  2.],
       [11.,  1.]]), array([0, 2, 1, 2]), 12254.0), (array([[ 4.,  2.],
       [ 1.,  5.],
       [ 6.,  6.],
       [11.,  1.]]), array([1, 2, 1, 2]), 12254.0), (array([[10.,  5.],
       [ 8.,  1.],
       [ 4.,  8.],
       [ 0.,  2.]]), array([2, 3, 2, 1]), 12256.0), (array([[ 9,  2],
       [13,  2],
       [ 5,  2],
       [ 2,  5]]), array([2, 2, 2, 0]), 12256.0), (array([[1, 9],
       [3, 6],
       [7, 7],
       [7, 6]]), array([1, 0, 2, 0]), 12256.0), (array([[11.,  5.],
       [ 8.,  1.],
       [ 4.,  8.],
       [ 0.,  2.]]), array([2, 3, 2, 1]), 12257.0), (array([[13.,  3.],
       [ 5., 10.],
       [ 2.,  3.],
       [ 2.,  7.]]), array([2, 1, 2, 2]), 12257.0), (array([[ 4.,  7.],
       [ 3.,  1.],
       [12.,  7.],
       [12.,  1.]]), array([1, 2, 2, 2]), 12261.0), (array([[12.,  1.],
       [11.,  8.],
       [ 4.,  3.],
       [ 2., 10.]]), array([3, 2, 1, 0]), 12261.0), (array([[12,  8],
       [11,  4],
       [ 6,  9],
       [ 4,  3]]), array([1, 0, 3, 1]), 12261.0), (array([[12,  4],
       [ 9,  7],
       [10, 11],
       [ 4,  4]]), array([1, 0, 0, 3]), 12261.0), (array([[10, 10],
       [ 8, 11],
       [ 6,  4],
       [11,  2]]), array([1, 0, 1, 1]), 12262.0), (array([[10, 10],
       [13,  8],
       [ 3, 10],
       [ 6,  2]]), array([0, 2, 0, 1]), 12262.0), (array([[10.,  6.],
       [ 9.,  2.],
       [12., 10.],
       [ 2.,  2.]]), array([1, 1, 1, 2]), 12263.0)]
Generation 20 population configuration: 
[(array([[ 4,  8],
       [ 7,  5],
       [ 1,  2],
       [11,  1]]), array([0, 2, 1, 2]), 12254.0), (array([[ 4.,  8.],
       [ 7.,  5.],
       [ 1.,  2.],
       [11.,  1.]]), array([0, 2, 1, 2]), 12254.0), (array([[ 4.,  8.],
       [ 7.,  5.],
       [ 1.,  2.],
       [11.,  1.]]), array([0, 2, 1, 2]), 12254.0), (array([[ 4.,  8.],
       [ 7.,  5.],
       [ 1.,  2.],
       [11.,  1.]]), array([0, 2, 1, 2]), 12254.0), (array([[ 4.,  8.],
       [ 7.,  5.],
       [ 1.,  2.],
       [11.,  1.]]), array([0, 2, 1, 2]), 12254.0), (array([[ 4.,  8.],
       [ 7.,  5.],
       [ 1.,  2.],
       [11.,  1.]]), array([0, 2, 1, 2]), 12254.0), (array([[ 4.,  8.],
       [ 7.,  5.],
       [ 1.,  2.],
       [11.,  1.]]), array([0, 2, 1, 2]), 12254.0), (array([[ 4.,  8.],
       [ 7.,  5.],
       [ 1.,  2.],
       [11.,  1.]]), array([0, 2, 1, 2]), 12254.0), (array([[ 4.,  8.],
       [ 7.,  5.],
       [ 1.,  2.],
       [11.,  1.]]), array([0, 2, 1, 2]), 12254.0), (array([[ 4.,  2.],
       [ 1.,  5.],
       [ 6.,  6.],
       [11.,  1.]]), array([1, 2, 1, 2]), 12254.0), (array([[ 4.,  8.],
       [ 7.,  5.],
       [ 1.,  2.],
       [11.,  1.]]), array([0, 2, 1, 2]), 12254.0), (array([[ 4.,  8.],
       [ 7.,  5.],
       [ 1.,  2.],
       [11.,  1.]]), array([0, 2, 1, 2]), 12254.0), (array([[13.,  3.],
       [ 5., 10.],
       [ 2.,  3.],
       [ 2., 10.]]), array([2, 1, 1, 0]), 12257.0), (array([[ 8,  9],
       [ 1,  7],
       [13,  3],
       [ 3,  2]]), array([1, 1, 0, 1]), 12259.0), (array([[10,  7],
       [ 6,  6],
       [15,  5],
       [ 5,  1]]), array([0, 3, 3, 2]), 12259.0), (array([[ 1,  3],
       [ 7,  2],
       [11,  1],
       [11,  7]]), array([2, 2, 2, 2]), 12260.0), (array([[12.,  1.],
       [11.,  8.],
       [ 4.,  3.],
       [ 2., 10.]]), array([3, 2, 1, 0]), 12261.0), (array([[ 7,  2],
       [ 8,  7],
       [ 2,  4],
       [12,  8]]), array([2, 2, 1, 1]), 12261.0), (array([[ 9,  4],
       [ 7,  9],
       [13,  8],
       [ 2,  3]]), array([3, 3, 2, 2]), 12262.0), (array([[10,  1],
       [ 9,  6],
       [12,  9],
       [ 1,  4]]), array([2, 2, 1, 2]), 12262.0)]
Generation 21 population configuration: 
[(array([[ 4,  8],
       [ 7,  5],
       [ 1,  2],
       [11,  1]]), array([0, 2, 1, 2]), 12254.0), (array([[ 4.,  8.],
       [ 7.,  5.],
       [ 1.,  2.],
       [11.,  1.]]), array([0, 2, 1, 2]), 12254.0), (array([[ 4.,  8.],
       [ 7.,  5.],
       [ 1.,  2.],
       [11.,  1.]]), array([0, 2, 1, 2]), 12254.0), (array([[ 4.,  8.],
       [ 7.,  5.],
       [ 1.,  2.],
       [11.,  1.]]), array([0, 2, 1, 2]), 12254.0), (array([[ 4.,  8.],
       [ 7.,  5.],
       [ 1.,  2.],
       [11.,  1.]]), array([0, 2, 1, 2]), 12254.0), (array([[ 4.,  8.],
       [ 7.,  5.],
       [ 1.,  2.],
       [11.,  1.]]), array([0, 2, 1, 2]), 12254.0), (array([[ 4.,  8.],
       [ 7.,  5.],
       [ 1.,  2.],
       [11.,  1.]]), array([0, 2, 1, 2]), 12254.0), (array([[ 4.,  8.],
       [ 7.,  5.],
       [ 1.,  2.],
       [11.,  1.]]), array([0, 2, 1, 2]), 12254.0), (array([[ 4.,  8.],
       [ 7.,  5.],
       [ 1.,  2.],
       [11.,  1.]]), array([0, 2, 1, 2]), 12254.0), (array([[ 4.,  8.],
       [ 7.,  5.],
       [ 1.,  2.],
       [11.,  1.]]), array([0, 2, 1, 2]), 12254.0), (array([[ 4.,  8.],
       [ 7.,  5.],
       [ 0.,  2.],
       [11.,  1.]]), array([0, 2, 1, 2]), 12254.0), (array([[ 4.,  8.],
       [ 7.,  5.],
       [ 1.,  2.],
       [11.,  1.]]), array([0, 2, 1, 2]), 12254.0), (array([[13.,  3.],
       [ 5., 10.],
       [ 2.,  3.],
       [ 2., 10.]]), array([2, 1, 1, 0]), 12257.0), (array([[13.,  3.],
       [ 5., 10.],
       [ 2.,  3.],
       [ 2., 10.]]), array([2, 1, 1, 0]), 12257.0), (array([[ 3,  2],
       [ 3,  7],
       [ 7,  6],
       [13,  5]]), array([1, 3, 2, 0]), 12257.0), (array([[12,  2],
       [ 8,  3],
       [ 2,  3],
       [ 4, 10]]), array([2, 2, 2, 1]), 12257.0), (array([[ 5,  2],
       [ 3,  4],
       [11,  3],
       [ 9,  8]]), array([1, 0, 0, 2]), 12259.0), (array([[15,  3],
       [12,  7],
       [ 6,  9],
       [ 4,  7]]), array([3, 2, 3, 0]), 12261.0), (array([[ 3,  5],
       [ 3, 10],
       [ 9,  1],
       [12,  8]]), array([1, 0, 2, 2]), 12261.0), (array([[ 1,  6],
       [ 5,  3],
       [10, 10],
       [12,  4]]), array([1, 1, 1, 2]), 12262.0)]
Generation 22 population configuration: 
[(array([[ 4,  8],
       [ 7,  5],
       [ 1,  2],
       [11,  1]]), array([0, 2, 1, 2]), 12254.0), (array([[ 4.,  8.],
       [ 7.,  5.],
       [ 1.,  2.],
       [11.,  1.]]), array([0, 2, 1, 2]), 12254.0), (array([[ 4.,  8.],
       [ 7.,  5.],
       [ 1.,  2.],
       [11.,  1.]]), array([0, 2, 1, 2]), 12254.0), (array([[ 4.,  8.],
       [ 7.,  5.],
       [ 1.,  2.],
       [11.,  1.]]), array([0, 2, 1, 2]), 12254.0), (array([[ 4.,  8.],
       [ 7.,  5.],
       [ 1.,  2.],
       [11.,  1.]]), array([0, 2, 1, 2]), 12254.0), (array([[ 4.,  8.],
       [ 7.,  5.],
       [ 1.,  2.],
       [11.,  1.]]), array([0, 2, 1, 2]), 12254.0), (array([[ 4.,  8.],
       [ 7.,  5.],
       [ 1.,  2.],
       [11.,  1.]]), array([0, 2, 1, 2]), 12254.0), (array([[ 4.,  8.],
       [ 7.,  5.],
       [ 1.,  2.],
       [11.,  1.]]), array([0, 2, 1, 2]), 12254.0), (array([[ 4.,  8.],
       [ 7.,  5.],
       [ 1.,  2.],
       [11.,  1.]]), array([0, 2, 1, 2]), 12254.0), (array([[ 4.,  8.],
       [ 7.,  5.],
       [ 1.,  2.],
       [11.,  1.]]), array([0, 2, 1, 2]), 12254.0), (array([[ 4.,  8.],
       [ 7.,  5.],
       [ 1.,  2.],
       [11.,  1.]]), array([0, 2, 1, 2]), 12254.0), (array([[13.,  3.],
       [ 5., 10.],
       [ 2.,  3.],
       [ 2., 10.]]), array([2, 1, 1, 0]), 12257.0), (array([[ 7,  8],
       [ 4,  5],
       [ 2, 10],
       [14,  3]]), array([2, 1, 1, 3]), 12257.0), (array([[ 2,  2],
       [ 3,  6],
       [12,  1],
       [12,  6]]), array([1, 2, 3, 2]), 12259.0), (array([[15,  6],
       [ 8,  2],
       [ 6,  7],
       [ 4,  5]]), array([3, 1, 2, 1]), 12260.0), (array([[ 7, 11],
       [11,  9],
       [ 9,  5],
       [ 2,  5]]), array([0, 1, 0, 2]), 12261.0), (array([[12,  2],
       [12,  7],
       [ 7,  2],
       [ 1,  3]]), array([1, 1, 2, 1]), 12261.0), (array([[ 1.,  6.],
       [ 5.,  3.],
       [10., 10.],
       [12.,  4.]]), array([1, 1, 1, 2]), 12262.0), (array([[ 4.,  8.],
       [ 5.,  3.],
       [10., 10.],
       [12.,  4.]]), array([1, 1, 1, 2]), 12262.0), (array([[11,  7],
       [12, 10],
       [11,  3],
       [ 2, 10]]), array([3, 1, 1, 1]), 12263.0)]
Generation 23 population configuration: 
[(array([[ 4,  8],
       [ 7,  5],
       [ 1,  2],
       [11,  1]]), array([0, 2, 1, 2]), 12254.0), (array([[ 4.,  8.],
       [ 7.,  5.],
       [ 1.,  2.],
       [11.,  1.]]), array([0, 2, 1, 2]), 12254.0), (array([[ 4.,  8.],
       [ 7.,  5.],
       [ 1.,  2.],
       [11.,  1.]]), array([0, 2, 1, 2]), 12254.0), (array([[ 4.,  8.],
       [ 7.,  5.],
       [ 1.,  2.],
       [11.,  1.]]), array([0, 2, 1, 2]), 12254.0), (array([[ 4.,  8.],
       [ 7.,  5.],
       [ 1.,  2.],
       [11.,  1.]]), array([0, 2, 1, 2]), 12254.0), (array([[ 4.,  8.],
       [ 7.,  5.],
       [ 1.,  2.],
       [11.,  1.]]), array([0, 2, 1, 2]), 12254.0), (array([[ 4.,  8.],
       [ 7.,  5.],
       [ 1.,  2.],
       [11.,  1.]]), array([0, 2, 1, 2]), 12254.0), (array([[ 4.,  8.],
       [ 7.,  5.],
       [ 1.,  2.],
       [11.,  1.]]), array([0, 2, 1, 2]), 12254.0), (array([[ 4.,  8.],
       [ 7.,  5.],
       [ 1.,  2.],
       [11.,  1.]]), array([0, 2, 1, 2]), 12254.0), (array([[ 4.,  8.],
       [ 7.,  5.],
       [ 1.,  2.],
       [11.,  1.]]), array([0, 2, 1, 2]), 12254.0), (array([[ 4.,  8.],
       [ 7.,  5.],
       [ 1.,  2.],
       [11.,  1.]]), array([0, 2, 1, 2]), 12254.0), (array([[ 2,  5],
       [ 5,  7],
       [ 6,  0],
       [11,  4]]), array([2, 1, 2, 0]), 12254.0), (array([[8, 8],
       [8, 5],
       [4, 3],
       [0, 6]]), array([3, 1, 0, 1]), 12256.0), (array([[ 7.,  8.],
       [ 4.,  5.],
       [ 2., 10.],
       [14.,  3.]]), array([2, 1, 1, 3]), 12257.0), (array([[1, 6],
       [4, 2],
       [8, 7],
       [8, 3]]), array([1, 1, 2, 1]), 12257.0), (array([[ 2,  6],
       [ 2,  3],
       [ 8,  8],
       [11,  4]]), array([2, 0, 2, 2]), 12258.0), (array([[ 3,  2],
       [ 9,  8],
       [10,  7],
       [15,  3]]), array([1, 2, 0, 3]), 12260.0), (array([[ 1,  3],
       [ 6,  4],
       [11,  3],
       [12,  7]]), array([2, 2, 0, 1]), 12260.0), (array([[12.,  2.],
       [12.,  7.],
       [ 7.,  2.],
       [ 1.,  3.]]), array([1, 1, 2, 2]), 12261.0), (array([[ 1.,  6.],
       [ 5.,  3.],
       [10., 10.],
       [12.,  4.]]), array([1, 1, 1, 2]), 12262.0)]
Generation 24 population configuration: 
[(array([[ 4,  8],
       [ 7,  5],
       [ 1,  2],
       [11,  1]]), array([0, 2, 1, 2]), 12254.0), (array([[ 4.,  8.],
       [ 7.,  5.],
       [ 1.,  2.],
       [11.,  1.]]), array([0, 2, 1, 2]), 12254.0), (array([[ 4.,  8.],
       [ 7.,  5.],
       [ 1.,  2.],
       [11.,  1.]]), array([0, 2, 1, 2]), 12254.0), (array([[ 4.,  8.],
       [ 7.,  5.],
       [ 1.,  2.],
       [11.,  1.]]), array([0, 2, 1, 2]), 12254.0), (array([[ 4.,  8.],
       [ 7.,  5.],
       [ 1.,  2.],
       [11.,  1.]]), array([0, 2, 1, 2]), 12254.0), (array([[ 4.,  8.],
       [ 7.,  5.],
       [ 1.,  2.],
       [11.,  1.]]), array([0, 2, 1, 2]), 12254.0), (array([[ 4.,  8.],
       [ 7.,  5.],
       [ 1.,  2.],
       [11.,  1.]]), array([0, 2, 1, 2]), 12254.0), (array([[ 4.,  8.],
       [ 7.,  5.],
       [ 1.,  2.],
       [11.,  1.]]), array([0, 2, 1, 2]), 12254.0), (array([[ 4.,  8.],
       [ 7.,  5.],
       [ 1.,  2.],
       [11.,  1.]]), array([0, 2, 1, 2]), 12254.0), (array([[ 4.,  8.],
       [ 7.,  5.],
       [ 1.,  2.],
       [11.,  1.]]), array([0, 2, 1, 2]), 12254.0), (array([[11,  3],
       [ 9,  2],
       [ 6,  8],
       [ 2,  3]]), array([1, 3, 0, 1]), 12255.0), (array([[ 7.,  7.],
       [ 4.,  5.],
       [ 2., 10.],
       [14.,  3.]]), array([2, 1, 1, 3]), 12256.0), (array([[8., 8.],
       [8., 5.],
       [4., 3.],
       [0., 6.]]), array([3, 1, 0, 1]), 12256.0), (array([[ 3, 10],
       [ 8,  7],
       [ 7,  3],
       [13,  3]]), array([1, 2, 3, 0]), 12257.0), (array([[1., 6.],
       [4., 2.],
       [8., 8.],
       [8., 3.]]), array([1, 1, 2, 1]), 12258.0), (array([[11,  0],
       [12,  5],
       [ 3,  6],
       [ 3,  8]]), array([2, 2, 0, 2]), 12258.0), (array([[ 6,  2],
       [ 6,  8],
       [ 1,  8],
       [12,  8]]), array([1, 2, 1, 1]), 12261.0), (array([[ 1.,  6.],
       [ 5.,  3.],
       [10., 10.],
       [12.,  4.]]), array([1, 1, 1, 2]), 12262.0), (array([[11,  9],
       [12,  2],
       [ 4, 10],
       [ 7,  3]]), array([1, 1, 1, 3]), 12262.0), (array([[ 3,  4],
       [ 9, 10],
       [12,  3],
       [13, 10]]), array([2, 0, 3, 0]), 12262.0)]
Generation 25 population configuration: 
[(array([[ 4,  8],
       [ 7,  5],
       [ 1,  2],
       [11,  1]]), array([0, 2, 1, 2]), 12254.0), (array([[ 4.,  8.],
       [ 7.,  5.],
       [ 1.,  2.],
       [11.,  1.]]), array([0, 2, 1, 2]), 12254.0), (array([[ 4.,  8.],
       [ 7.,  5.],
       [ 1.,  2.],
       [11.,  1.]]), array([0, 2, 1, 2]), 12254.0), (array([[ 4.,  8.],
       [ 7.,  5.],
       [ 1.,  2.],
       [11.,  1.]]), array([0, 2, 1, 2]), 12254.0), (array([[ 4.,  8.],
       [ 7.,  5.],
       [ 1.,  2.],
       [11.,  1.]]), array([0, 2, 1, 2]), 12254.0), (array([[ 4.,  8.],
       [ 7.,  5.],
       [ 1.,  2.],
       [11.,  1.]]), array([0, 2, 1, 2]), 12254.0), (array([[ 4.,  8.],
       [ 7.,  5.],
       [ 1.,  2.],
       [11.,  1.]]), array([0, 2, 1, 2]), 12254.0), (array([[ 4.,  8.],
       [ 7.,  5.],
       [ 1.,  2.],
       [11.,  1.]]), array([0, 2, 1, 2]), 12254.0), (array([[ 4.,  8.],
       [ 7.,  5.],
       [ 1.,  2.],
       [11.,  1.]]), array([0, 2, 1, 2]), 12254.0), (array([[ 4.,  8.],
       [ 7.,  5.],
       [ 1.,  2.],
       [11.,  1.]]), array([0, 2, 1, 2]), 12254.0), (array([[ 4.,  8.],
       [ 7.,  5.],
       [ 1.,  2.],
       [11.,  1.]]), array([0, 2, 1, 2]), 12254.0), (array([[ 4.,  8.],
       [ 7.,  5.],
       [ 1.,  2.],
       [11.,  1.]]), array([0, 2, 1, 2]), 12254.0), (array([[ 7.,  7.],
       [ 4.,  5.],
       [ 2., 10.],
       [14.,  3.]]), array([2, 1, 1, 3]), 12256.0), (array([[ 4,  9],
       [ 2,  3],
       [ 9,  2],
       [12,  4]]), array([1, 1, 1, 2]), 12257.0), (array([[11.,  0.],
       [12.,  5.],
       [ 3.,  6.],
       [ 3.,  8.]]), array([2, 2, 0, 2]), 12258.0), (array([[10,  7],
       [12,  3],
       [ 9,  1],
       [ 4, 10]]), array([2, 0, 3, 0]), 12259.0), (array([[ 6,  2],
       [11,  1],
       [10,  7],
       [ 1,  7]]), array([1, 2, 2, 2]), 12259.0), (array([[10,  8],
       [12,  4],
       [ 8,  3],
       [ 3,  7]]), array([2, 2, 2, 2]), 12260.0), (array([[ 7,  9],
       [12,  9],
       [ 7,  2],
       [ 1,  0]]), array([0, 1, 2, 2]), 12262.0), (array([[ 9,  2],
       [ 5,  5],
       [14,  7],
       [12, 10]]), array([1, 1, 0, 1]), 12264.0)]
Generation 26 population configuration: 
[(array([[ 4,  8],
       [ 7,  5],
       [ 1,  2],
       [11,  1]]), array([0, 2, 1, 2]), 12254.0), (array([[ 4.,  8.],
       [ 7.,  5.],
       [ 1.,  2.],
       [11.,  1.]]), array([0, 2, 1, 2]), 12254.0), (array([[ 4.,  8.],
       [ 7.,  5.],
       [ 1.,  2.],
       [11.,  1.]]), array([0, 2, 1, 2]), 12254.0), (array([[ 4.,  8.],
       [ 7.,  5.],
       [ 1.,  2.],
       [11.,  1.]]), array([0, 2, 1, 2]), 12254.0), (array([[ 4.,  8.],
       [ 7.,  5.],
       [ 1.,  2.],
       [11.,  1.]]), array([0, 2, 1, 2]), 12254.0), (array([[ 4.,  8.],
       [ 7.,  5.],
       [ 1.,  2.],
       [11.,  1.]]), array([0, 2, 1, 2]), 12254.0), (array([[ 4.,  8.],
       [ 7.,  5.],
       [ 1.,  2.],
       [11.,  1.]]), array([0, 2, 1, 2]), 12254.0), (array([[ 4.,  8.],
       [ 7.,  5.],
       [ 1.,  2.],
       [11.,  1.]]), array([0, 2, 1, 2]), 12254.0), (array([[ 4.,  8.],
       [ 7.,  5.],
       [ 1.,  2.],
       [11.,  1.]]), array([0, 2, 1, 2]), 12254.0), (array([[ 4.,  8.],
       [ 7.,  5.],
       [ 1.,  2.],
       [11.,  1.]]), array([0, 2, 1, 2]), 12254.0), (array([[ 4.,  8.],
       [ 7.,  5.],
       [ 1.,  2.],
       [11.,  1.]]), array([0, 2, 1, 2]), 12254.0), (array([[ 5,  2],
       [ 6,  8],
       [ 3,  8],
       [13,  3]]), array([1, 1, 0, 0]), 12256.0), (array([[11.,  0.],
       [12.,  5.],
       [ 3.,  6.],
       [ 3.,  8.]]), array([2, 2, 0, 2]), 12258.0), (array([[ 7, 10],
       [ 5,  5],
       [ 1, 10],
       [ 4,  3]]), array([1, 1, 1, 3]), 12258.0), (array([[7, 6],
       [9, 8],
       [4, 7],
       [2, 2]]), array([1, 2, 3, 2]), 12258.0), (array([[10.,  7.],
       [12.,  3.],
       [ 9.,  1.],
       [ 4., 10.]]), array([2, 0, 3, 0]), 12259.0), (array([[11.,  7.],
       [12.,  3.],
       [ 9.,  1.],
       [ 4., 10.]]), array([2, 0, 3, 0]), 12260.0), (array([[13,  8],
       [ 9,  3],
       [ 2,  4],
       [ 1,  9]]), array([3, 3, 0, 1]), 12260.0), (array([[11, 10],
       [10,  2],
       [ 3,  6],
       [ 5,  3]]), array([0, 1, 2, 1]), 12261.0), (array([[ 6,  5],
       [ 2,  2],
       [ 1,  5],
       [12,  8]]), array([2, 1, 2, 2]), 12261.0)]
Generation 27 population configuration: 
[(array([[ 4,  8],
       [ 7,  5],
       [ 1,  2],
       [11,  1]]), array([0, 2, 1, 2]), 12254.0), (array([[ 4.,  8.],
       [ 7.,  5.],
       [ 1.,  2.],
       [11.,  1.]]), array([0, 2, 1, 2]), 12254.0), (array([[ 4.,  8.],
       [ 7.,  5.],
       [ 1.,  2.],
       [11.,  1.]]), array([0, 2, 1, 2]), 12254.0), (array([[ 4.,  8.],
       [ 7.,  5.],
       [ 1.,  2.],
       [11.,  1.]]), array([0, 2, 1, 2]), 12254.0), (array([[ 4.,  8.],
       [ 7.,  5.],
       [ 1.,  2.],
       [11.,  1.]]), array([0, 2, 1, 2]), 12254.0), (array([[ 4.,  8.],
       [ 7.,  5.],
       [ 1.,  2.],
       [11.,  1.]]), array([0, 2, 1, 2]), 12254.0), (array([[ 4.,  8.],
       [ 7.,  5.],
       [ 1.,  2.],
       [11.,  1.]]), array([0, 2, 1, 2]), 12254.0), (array([[ 4.,  8.],
       [ 7.,  5.],
       [ 1.,  2.],
       [11.,  1.]]), array([0, 2, 1, 2]), 12254.0), (array([[ 4.,  8.],
       [ 7.,  5.],
       [ 1.,  2.],
       [11.,  1.]]), array([0, 2, 1, 2]), 12254.0), (array([[ 4.,  8.],
       [ 7.,  5.],
       [ 1.,  2.],
       [11.,  1.]]), array([0, 2, 1, 2]), 12254.0), (array([[ 4.,  8.],
       [ 7.,  5.],
       [ 1.,  2.],
       [11.,  1.]]), array([0, 2, 1, 2]), 12254.0), (array([[ 4.,  8.],
       [ 7.,  5.],
       [ 1.,  2.],
       [11.,  1.]]), array([0, 2, 1, 2]), 12254.0), (array([[ 4.,  8.],
       [ 7.,  5.],
       [ 1.,  2.],
       [11.,  1.]]), array([0, 2, 1, 2]), 12254.0), (array([[ 3,  7],
       [ 1,  3],
       [ 8,  3],
       [11,  6]]), array([2, 1, 1, 3]), 12256.0), (array([[12,  3],
       [11,  1],
       [ 3,  4],
       [ 2,  8]]), array([1, 3, 3, 2]), 12256.0), (array([[ 3,  3],
       [ 2,  7],
       [ 7, 10],
       [12,  4]]), array([2, 2, 0, 3]), 12257.0), (array([[ 2,  5],
       [ 4,  4],
       [ 6,  6],
       [13,  4]]), array([0, 1, 2, 2]), 12258.0), (array([[11.,  7.],
       [12.,  3.],
       [ 9.,  1.],
       [ 4., 10.]]), array([2, 0, 3, 0]), 12260.0), (array([[ 7,  4],
       [11,  4],
       [ 3,  9],
       [13,  7]]), array([1, 1, 0, 2]), 12261.0), (array([[ 7,  3],
       [ 2,  4],
       [13,  4],
       [12,  8]]), array([2, 1, 2, 2]), 12262.0)]
Generation 28 population configuration: 
[(array([[ 4,  8],
       [ 7,  5],
       [ 1,  2],
       [11,  1]]), array([0, 2, 1, 2]), 12254.0), (array([[ 4.,  8.],
       [ 7.,  5.],
       [ 1.,  2.],
       [11.,  1.]]), array([0, 2, 1, 2]), 12254.0), (array([[ 4.,  8.],
       [ 7.,  5.],
       [ 1.,  2.],
       [11.,  1.]]), array([0, 2, 1, 2]), 12254.0), (array([[ 4.,  8.],
       [ 7.,  5.],
       [ 1.,  2.],
       [11.,  1.]]), array([0, 2, 1, 2]), 12254.0), (array([[ 4.,  8.],
       [ 7.,  5.],
       [ 1.,  2.],
       [11.,  1.]]), array([0, 2, 1, 2]), 12254.0), (array([[ 4.,  8.],
       [ 7.,  5.],
       [ 1.,  2.],
       [11.,  1.]]), array([0, 2, 1, 2]), 12254.0), (array([[ 4.,  8.],
       [ 7.,  5.],
       [ 1.,  2.],
       [11.,  1.]]), array([0, 2, 1, 2]), 12254.0), (array([[ 4.,  8.],
       [ 7.,  5.],
       [ 1.,  2.],
       [11.,  1.]]), array([0, 2, 1, 2]), 12254.0), (array([[ 4.,  8.],
       [ 7.,  5.],
       [ 1.,  2.],
       [11.,  1.]]), array([0, 2, 1, 2]), 12254.0), (array([[ 4.,  8.],
       [ 7.,  5.],
       [ 1.,  2.],
       [11.,  1.]]), array([0, 2, 1, 2]), 12254.0), (array([[ 4.,  8.],
       [ 7.,  5.],
       [ 1.,  2.],
       [11.,  1.]]), array([0, 2, 1, 2]), 12254.0), (array([[ 4.,  8.],
       [ 7.,  5.],
       [ 1.,  2.],
       [11.,  1.]]), array([0, 2, 1, 2]), 12254.0), (array([[12.,  3.],
       [11.,  1.],
       [ 3.,  4.],
       [ 2.,  8.]]), array([1, 3, 3, 2]), 12256.0), (array([[ 5,  4],
       [ 4,  4],
       [ 5,  7],
       [12,  6]]), array([1, 3, 2, 0]), 12257.0), (array([[5, 1],
       [7, 3],
       [5, 8],
       [9, 8]]), array([3, 1, 3, 2]), 12258.0), (array([[4, 2],
       [3, 6],
       [8, 4],
       [8, 8]]), array([1, 2, 1, 2]), 12258.0), (array([[ 3.,  3.],
       [ 2.,  7.],
       [ 7., 10.],
       [11.,  1.]]), array([2, 2, 1, 2]), 12259.0), (array([[2, 6],
       [3, 8],
       [9, 9],
       [9, 3]]), array([0, 3, 1, 1]), 12260.0), (array([[12,  9],
       [10,  8],
       [11,  4],
       [ 4,  7]]), array([1, 3, 1, 2]), 12262.0), (array([[12,  3],
       [ 6,  1],
       [11, 10],
       [ 3,  7]]), array([2, 2, 1, 3]), 12263.0)]
Generation 29 population configuration: 
[(array([[ 4,  8],
       [ 7,  5],
       [ 1,  2],
       [11,  1]]), array([0, 2, 1, 2]), 12254.0), (array([[ 4.,  8.],
       [ 7.,  5.],
       [ 1.,  2.],
       [11.,  1.]]), array([0, 2, 1, 2]), 12254.0), (array([[ 4.,  8.],
       [ 7.,  5.],
       [ 1.,  2.],
       [11.,  1.]]), array([0, 2, 1, 2]), 12254.0), (array([[ 4.,  8.],
       [ 7.,  5.],
       [ 1.,  2.],
       [11.,  1.]]), array([0, 2, 1, 2]), 12254.0), (array([[ 4.,  8.],
       [ 7.,  5.],
       [ 1.,  2.],
       [11.,  1.]]), array([0, 2, 1, 2]), 12254.0), (array([[ 4.,  8.],
       [ 7.,  5.],
       [ 1.,  2.],
       [11.,  1.]]), array([0, 2, 1, 2]), 12254.0), (array([[ 4.,  8.],
       [ 7.,  5.],
       [ 1.,  2.],
       [11.,  1.]]), array([0, 2, 1, 2]), 12254.0), (array([[ 4.,  8.],
       [ 7.,  5.],
       [ 1.,  2.],
       [11.,  1.]]), array([0, 2, 1, 2]), 12254.0), (array([[ 4.,  8.],
       [ 7.,  5.],
       [ 1.,  2.],
       [11.,  1.]]), array([0, 2, 1, 2]), 12254.0), (array([[7, 3],
       [4, 1],
       [8, 9],
       [0, 8]]), array([0, 3, 0, 1]), 12256.0), (array([[4., 2.],
       [3., 6.],
       [8., 4.],
       [8., 8.]]), array([1, 2, 1, 2]), 12258.0), (array([[4., 2.],
       [3., 6.],
       [8., 4.],
       [8., 8.]]), array([1, 2, 1, 2]), 12258.0), (array([[ 9,  8],
       [12,  2],
       [ 3,  4],
       [ 1,  7]]), array([1, 1, 0, 2]), 12259.0), (array([[13,  7],
       [ 6,  8],
       [ 8,  2],
       [ 2,  1]]), array([0, 1, 2, 2]), 12259.0), (array([[2., 6.],
       [3., 8.],
       [9., 9.],
       [9., 3.]]), array([0, 3, 1, 1]), 12260.0), (array([[ 4,  3],
       [ 9,  8],
       [11,  2],
       [12,  7]]), array([2, 3, 2, 2]), 12260.0), (array([[12,  7],
       [ 5,  7],
       [ 8,  1],
       [ 2,  2]]), array([2, 1, 2, 2]), 12260.0), (array([[11,  9],
       [10,  5],
       [ 5,  4],
       [ 1,  6]]), array([3, 1, 1, 2]), 12260.0), (array([[12.,  3.],
       [ 6.,  1.],
       [11., 10.],
       [ 3.,  7.]]), array([2, 2, 1, 3]), 12263.0), (array([[12.,  3.],
       [ 6.,  1.],
       [11., 10.],
       [ 3.,  7.]]), array([2, 2, 1, 3]), 12263.0)]
Generation 30 population configuration: 
[(array([[ 4,  8],
       [ 7,  5],
       [ 1,  2],
       [11,  1]]), array([0, 2, 1, 2]), 12254.0), (array([[ 4.,  8.],
       [ 7.,  5.],
       [ 1.,  2.],
       [11.,  1.]]), array([0, 2, 1, 2]), 12254.0), (array([[ 4.,  8.],
       [ 7.,  5.],
       [ 1.,  2.],
       [11.,  1.]]), array([0, 2, 1, 2]), 12254.0), (array([[ 4.,  8.],
       [ 7.,  5.],
       [ 1.,  2.],
       [11.,  1.]]), array([0, 2, 1, 2]), 12254.0), (array([[ 4.,  8.],
       [ 7.,  5.],
       [ 1.,  2.],
       [11.,  1.]]), array([0, 2, 1, 2]), 12254.0), (array([[ 4.,  8.],
       [ 7.,  5.],
       [ 1.,  2.],
       [11.,  1.]]), array([0, 2, 1, 2]), 12254.0), (array([[ 4.,  8.],
       [ 7.,  5.],
       [ 1.,  2.],
       [11.,  1.]]), array([0, 2, 1, 2]), 12254.0), (array([[ 4.,  8.],
       [ 7.,  5.],
       [ 1.,  2.],
       [11.,  1.]]), array([0, 2, 1, 2]), 12254.0), (array([[ 4.,  8.],
       [ 7.,  5.],
       [ 1.,  2.],
       [11.,  1.]]), array([0, 2, 1, 2]), 12254.0), (array([[ 7,  0],
       [11,  1],
       [ 2,  3],
       [ 5,  9]]), array([2, 2, 1, 0]), 12255.0), (array([[7., 3.],
       [4., 1.],
       [8., 9.],
       [0., 8.]]), array([0, 3, 0, 1]), 12256.0), (array([[13.,  7.],
       [ 6.,  8.],
       [ 8.,  2.],
       [ 2.,  8.]]), array([0, 1, 2, 2]), 12259.0), (array([[11.,  9.],
       [10.,  5.],
       [ 5.,  4.],
       [ 1.,  6.]]), array([3, 1, 1, 2]), 12260.0), (array([[10,  1],
       [13,  6],
       [ 5,  5],
       [ 8,  8]]), array([2, 2, 2, 1]), 12260.0), (array([[11,  8],
       [12,  3],
       [11,  2],
       [ 5,  9]]), array([1, 1, 3, 3]), 12261.0), (array([[ 2,  2],
       [10,  2],
       [ 7,  9],
       [12,  8]]), array([1, 1, 3, 1]), 12261.0), (array([[11,  3],
       [12,  6],
       [12,  8],
       [ 3,  5]]), array([3, 1, 2, 2]), 12262.0), (array([[ 8,  8],
       [11, 10],
       [ 1,  8],
       [11,  1]]), array([2, 1, 2, 3]), 12262.0), (array([[12.,  3.],
       [ 6.,  1.],
       [11., 10.],
       [ 3.,  7.]]), array([2, 2, 1, 2]), 12263.0), (array([[12.,  3.],
       [ 6.,  1.],
       [11., 10.],
       [ 3.,  7.]]), array([2, 2, 1, 3]), 12263.0)]
Generation 31 population configuration: 
[(array([[ 4,  8],
       [ 7,  5],
       [ 1,  2],
       [11,  1]]), array([0, 2, 1, 2]), 12254.0), (array([[ 4.,  8.],
       [ 7.,  5.],
       [ 1.,  2.],
       [11.,  1.]]), array([0, 2, 1, 2]), 12254.0), (array([[ 4.,  8.],
       [ 7.,  5.],
       [ 1.,  2.],
       [11.,  1.]]), array([0, 2, 1, 2]), 12254.0), (array([[ 4.,  8.],
       [ 7.,  5.],
       [ 1.,  2.],
       [11.,  1.]]), array([0, 2, 1, 2]), 12254.0), (array([[ 4.,  8.],
       [ 7.,  5.],
       [ 1.,  2.],
       [11.,  1.]]), array([0, 2, 1, 2]), 12254.0), (array([[ 4.,  8.],
       [ 7.,  5.],
       [ 1.,  2.],
       [11.,  1.]]), array([0, 2, 1, 2]), 12254.0), (array([[ 4.,  8.],
       [ 7.,  5.],
       [ 1.,  2.],
       [11.,  1.]]), array([0, 2, 1, 2]), 12254.0), (array([[ 4.,  8.],
       [ 7.,  5.],
       [ 1.,  2.],
       [11.,  1.]]), array([0, 2, 1, 2]), 12254.0), (array([[ 4.,  8.],
       [ 7.,  5.],
       [ 1.,  2.],
       [11.,  1.]]), array([0, 2, 1, 2]), 12254.0), (array([[ 4.,  8.],
       [ 7.,  5.],
       [ 1.,  2.],
       [11.,  1.]]), array([0, 2, 1, 2]), 12254.0), (array([[10,  1],
       [ 4,  3],
       [ 5,  9],
       [ 2,  8]]), array([2, 3, 1, 2]), 12256.0), (array([[ 1,  8],
       [ 0,  5],
       [ 6,  9],
       [11,  2]]), array([2, 1, 1, 2]), 12257.0), (array([[ 9,  1],
       [14,  4],
       [ 3,  6],
       [ 2,  8]]), array([2, 0, 1, 2]), 12257.0), (array([[10.,  1.],
       [13.,  6.],
       [ 5.,  5.],
       [ 8.,  8.]]), array([2, 2, 2, 1]), 12260.0), (array([[ 3,  9],
       [ 8,  7],
       [10,  8],
       [12,  2]]), array([3, 3, 1, 1]), 12260.0), (array([[10,  5],
       [11,  5],
       [ 9,  8],
       [ 2,  5]]), array([3, 1, 2, 1]), 12260.0), (array([[ 8.,  8.],
       [11., 10.],
       [ 1.,  8.],
       [11.,  1.]]), array([2, 1, 2, 3]), 12262.0), (array([[12.,  3.],
       [ 6.,  1.],
       [11., 10.],
       [ 3.,  7.]]), array([2, 2, 1, 2]), 12263.0), (array([[12.,  3.],
       [ 6.,  1.],
       [11., 10.],
       [ 3.,  7.]]), array([2, 2, 1, 2]), 12263.0), (array([[ 2,  5],
       [ 7,  5],
       [ 6, 10],
       [15,  9]]), array([2, 1, 1, 3]), 12263.0)]
Generation 32 population configuration: 
[(array([[ 4,  8],
       [ 7,  5],
       [ 1,  2],
       [11,  1]]), array([0, 2, 1, 2]), 12254.0), (array([[ 4.,  8.],
       [ 7.,  5.],
       [ 1.,  2.],
       [11.,  1.]]), array([0, 2, 1, 2]), 12254.0), (array([[ 4.,  8.],
       [ 7.,  5.],
       [ 1.,  2.],
       [11.,  1.]]), array([0, 2, 1, 2]), 12254.0), (array([[ 4.,  8.],
       [ 7.,  5.],
       [ 1.,  2.],
       [11.,  1.]]), array([0, 2, 1, 2]), 12254.0), (array([[ 4.,  8.],
       [ 7.,  5.],
       [ 1.,  2.],
       [11.,  1.]]), array([0, 2, 1, 2]), 12254.0), (array([[ 4.,  8.],
       [ 7.,  5.],
       [ 1.,  2.],
       [11.,  1.]]), array([0, 2, 1, 2]), 12254.0), (array([[ 4.,  8.],
       [ 7.,  5.],
       [ 1.,  2.],
       [11.,  1.]]), array([0, 2, 1, 2]), 12254.0), (array([[ 4.,  8.],
       [ 7.,  5.],
       [ 1.,  2.],
       [11.,  1.]]), array([0, 2, 1, 2]), 12254.0), (array([[ 4.,  8.],
       [ 7.,  5.],
       [ 1.,  2.],
       [11.,  1.]]), array([0, 2, 1, 2]), 12254.0), (array([[ 4.,  8.],
       [ 7.,  5.],
       [ 1.,  2.],
       [11.,  1.]]), array([0, 2, 1, 2]), 12254.0), (array([[ 4.,  8.],
       [ 7.,  5.],
       [ 1.,  2.],
       [11.,  1.]]), array([0, 2, 1, 2]), 12254.0), (array([[ 4.,  8.],
       [ 7.,  5.],
       [ 1.,  2.],
       [11.,  1.]]), array([0, 2, 1, 2]), 12254.0), (array([[ 3,  3],
       [ 8,  4],
       [ 9,  6],
       [11,  4]]), array([2, 0, 3, 2]), 12256.0), (array([[ 2,  6],
       [ 6,  3],
       [10,  5],
       [11,  2]]), array([0, 0, 2, 3]), 12257.0), (array([[2, 6],
       [5, 9],
       [7, 3],
       [7, 9]]), array([1, 3, 2, 1]), 12257.0), (array([[ 3.,  9.],
       [ 8.,  7.],
       [10.,  8.],
       [12.,  2.]]), array([3, 3, 1, 1]), 12260.0), (array([[ 1,  3],
       [ 2,  7],
       [ 7,  2],
       [11,  8]]), array([1, 2, 2, 2]), 12260.0), (array([[ 6, 10],
       [ 2,  8],
       [13,  9],
       [ 2,  2]]), array([1, 1, 3, 1]), 12261.0), (array([[ 6,  3],
       [ 3,  3],
       [ 6,  8],
       [13,  8]]), array([1, 3, 2, 2]), 12262.0), (array([[12.,  3.],
       [ 6.,  1.],
       [11., 10.],
       [ 3.,  7.]]), array([2, 2, 1, 2]), 12263.0)]
Generation 33 population configuration: 
[(array([[ 4,  8],
       [ 7,  5],
       [ 1,  2],
       [11,  1]]), array([0, 2, 1, 2]), 12254.0), (array([[ 4.,  8.],
       [ 7.,  5.],
       [ 1.,  2.],
       [11.,  1.]]), array([0, 2, 1, 2]), 12254.0), (array([[ 4.,  8.],
       [ 7.,  5.],
       [ 1.,  2.],
       [11.,  1.]]), array([0, 2, 1, 2]), 12254.0), (array([[ 4.,  8.],
       [ 7.,  5.],
       [ 1.,  2.],
       [11.,  1.]]), array([0, 2, 1, 2]), 12254.0), (array([[ 4.,  8.],
       [ 7.,  5.],
       [ 1.,  2.],
       [11.,  1.]]), array([0, 2, 1, 2]), 12254.0), (array([[ 4.,  8.],
       [ 7.,  5.],
       [ 1.,  2.],
       [11.,  1.]]), array([0, 2, 1, 2]), 12254.0), (array([[ 4.,  8.],
       [ 7.,  5.],
       [ 1.,  2.],
       [11.,  1.]]), array([0, 2, 1, 2]), 12254.0), (array([[ 4.,  8.],
       [ 7.,  5.],
       [ 1.,  2.],
       [11.,  1.]]), array([0, 2, 1, 2]), 12254.0), (array([[ 4.,  8.],
       [ 7.,  5.],
       [ 1.,  2.],
       [11.,  1.]]), array([0, 2, 1, 2]), 12254.0), (array([[ 4.,  8.],
       [ 7.,  5.],
       [ 1.,  2.],
       [11.,  0.]]), array([0, 2, 1, 2]), 12254.0), (array([[ 4.,  8.],
       [ 7.,  5.],
       [ 1.,  2.],
       [11.,  1.]]), array([0, 2, 1, 2]), 12254.0), (array([[12,  3],
       [ 6,  6],
       [ 3,  1],
       [ 0,  9]]), array([1, 2, 2, 1]), 12256.0), (array([[ 2.,  6.],
       [ 6.,  3.],
       [10.,  5.],
       [11.,  2.]]), array([0, 0, 2, 3]), 12257.0), (array([[9, 9],
       [4, 9],
       [3, 3],
       [6, 0]]), array([1, 1, 0, 2]), 12259.0), (array([[ 1,  3],
       [ 1,  9],
       [ 6,  7],
       [15,  5]]), array([1, 1, 1, 3]), 12259.0), (array([[11,  7],
       [ 7,  7],
       [ 3,  9],
       [ 1,  2]]), array([1, 2, 0, 1]), 12259.0), (array([[ 3.,  9.],
       [ 8.,  7.],
       [10.,  8.],
       [12.,  2.]]), array([3, 3, 1, 1]), 12260.0), (array([[ 4.,  8.],
       [ 7.,  7.],
       [ 7.,  2.],
       [11.,  8.]]), array([0, 2, 2, 2]), 12260.0), (array([[ 1,  3],
       [ 3,  8],
       [ 9,  4],
       [12,  8]]), array([2, 2, 2, 1]), 12261.0), (array([[ 6,  3],
       [ 9,  4],
       [ 5,  9],
       [13,  9]]), array([2, 1, 1, 0]), 12261.0)]
Generation 34 population configuration: 
[(array([[ 4,  8],
       [ 7,  5],
       [ 1,  2],
       [11,  1]]), array([0, 2, 1, 2]), 12254.0), (array([[ 4.,  8.],
       [ 7.,  5.],
       [ 1.,  2.],
       [11.,  1.]]), array([0, 2, 1, 2]), 12254.0), (array([[ 4.,  8.],
       [ 7.,  5.],
       [ 1.,  2.],
       [11.,  1.]]), array([0, 2, 1, 2]), 12254.0), (array([[ 4.,  8.],
       [ 7.,  5.],
       [ 1.,  2.],
       [11.,  1.]]), array([0, 2, 1, 2]), 12254.0), (array([[ 4.,  8.],
       [ 7.,  5.],
       [ 1.,  2.],
       [11.,  1.]]), array([0, 2, 1, 2]), 12254.0), (array([[ 4.,  8.],
       [ 7.,  5.],
       [ 1.,  2.],
       [11.,  1.]]), array([0, 2, 1, 2]), 12254.0), (array([[ 4.,  8.],
       [ 7.,  5.],
       [ 1.,  2.],
       [11.,  1.]]), array([0, 2, 1, 2]), 12254.0), (array([[ 4.,  8.],
       [ 7.,  5.],
       [ 1.,  2.],
       [11.,  1.]]), array([0, 2, 1, 2]), 12254.0), (array([[ 4.,  8.],
       [ 7.,  5.],
       [ 1.,  2.],
       [11.,  1.]]), array([0, 2, 1, 2]), 12254.0), (array([[ 4.,  8.],
       [ 7.,  5.],
       [ 1.,  2.],
       [11.,  1.]]), array([0, 2, 1, 2]), 12254.0), (array([[ 4.,  8.],
       [ 7.,  5.],
       [ 1.,  2.],
       [11.,  1.]]), array([0, 2, 1, 2]), 12254.0), (array([[7, 1],
       [9, 3],
       [4, 6],
       [6, 7]]), array([3, 1, 3, 1]), 12255.0), (array([[12.,  3.],
       [ 6.,  6.],
       [ 3.,  1.],
       [ 0.,  9.]]), array([1, 2, 2, 1]), 12256.0), (array([[ 6,  8],
       [ 2,  6],
       [ 3,  2],
       [10,  2]]), array([2, 2, 1, 1]), 12256.0), (array([[ 4,  7],
       [ 6,  4],
       [ 3,  2],
       [12,  3]]), array([2, 1, 3, 1]), 12256.0), (array([[ 1.,  3.],
       [ 6.,  3.],
       [10.,  5.],
       [11.,  2.]]), array([2, 0, 2, 3]), 12257.0), (array([[11.,  7.],
       [ 7.,  7.],
       [ 3.,  9.],
       [ 1.,  2.]]), array([1, 2, 0, 1]), 12259.0), (array([[ 3,  9],
       [ 8,  9],
       [ 3,  4],
       [10,  4]]), array([3, 1, 2, 0]), 12259.0), (array([[ 4,  4],
       [ 7,  7],
       [ 5,  9],
       [ 9, 10]]), array([3, 0, 3, 1]), 12260.0), (array([[11,  9],
       [ 7,  9],
       [10,  2],
       [ 1,  2]]), array([1, 1, 2, 2]), 12261.0)]
Generation 35 population configuration: 
[(array([[ 4,  8],
       [ 7,  5],
       [ 1,  2],
       [11,  1]]), array([0, 2, 1, 2]), 12254.0), (array([[ 4.,  8.],
       [ 7.,  5.],
       [ 1.,  2.],
       [11.,  1.]]), array([0, 2, 1, 2]), 12254.0), (array([[ 4.,  8.],
       [ 7.,  5.],
       [ 1.,  2.],
       [11.,  1.]]), array([0, 2, 1, 2]), 12254.0), (array([[ 4.,  8.],
       [ 7.,  5.],
       [ 1.,  2.],
       [11.,  1.]]), array([0, 2, 1, 2]), 12254.0), (array([[ 4.,  8.],
       [ 7.,  5.],
       [ 1.,  2.],
       [11.,  1.]]), array([0, 2, 1, 2]), 12254.0), (array([[ 4.,  8.],
       [ 7.,  5.],
       [ 1.,  2.],
       [11.,  1.]]), array([0, 2, 1, 2]), 12254.0), (array([[ 4.,  8.],
       [ 7.,  5.],
       [ 1.,  2.],
       [11.,  1.]]), array([0, 2, 1, 2]), 12254.0), (array([[ 4.,  8.],
       [ 7.,  5.],
       [ 1.,  2.],
       [11.,  1.]]), array([0, 2, 1, 2]), 12254.0), (array([[ 4.,  8.],
       [ 7.,  5.],
       [ 1.,  2.],
       [11.,  1.]]), array([0, 2, 1, 2]), 12254.0), (array([[ 4.,  8.],
       [ 7.,  5.],
       [ 1.,  2.],
       [11.,  1.]]), array([0, 2, 1, 2]), 12254.0), (array([[ 4.,  8.],
       [ 7.,  5.],
       [ 1.,  2.],
       [11.,  1.]]), array([0, 2, 1, 2]), 12254.0), (array([[ 4.,  8.],
       [ 7.,  5.],
       [ 1.,  2.],
       [11.,  1.]]), array([0, 2, 1, 2]), 12254.0), (array([[ 4.,  8.],
       [ 7.,  5.],
       [ 1.,  2.],
       [11.,  1.]]), array([0, 2, 1, 2]), 12254.0), (array([[ 4.,  7.],
       [ 6.,  4.],
       [ 3.,  2.],
       [12.,  3.]]), array([2, 1, 3, 1]), 12256.0), (array([[14,  3],
       [ 9,  5],
       [ 8,  1],
       [ 1,  7]]), array([0, 2, 3, 2]), 12256.0), (array([[10,  2],
       [11,  8],
       [ 4,  3],
       [ 5,  9]]), array([1, 0, 3, 1]), 12259.0), (array([[11,  2],
       [ 6,  4],
       [10,  8],
       [ 1,  6]]), array([1, 2, 1, 1]), 12260.0), (array([[11,  8],
       [ 9,  5],
       [12,  4],
       [ 3,  6]]), array([2, 0, 1, 0]), 12261.0), (array([[10,  4],
       [13,  3],
       [ 9,  9],
       [ 4,  7]]), array([0, 2, 1, 1]), 12261.0), (array([[11, 10],
       [10,  4],
       [ 3,  8],
       [ 3,  4]]), array([1, 3, 1, 1]), 12262.0)]
Generation 36 population configuration: 
[(array([[ 4,  8],
       [ 7,  5],
       [ 1,  2],
       [11,  1]]), array([0, 2, 1, 2]), 12254.0), (array([[ 4.,  8.],
       [ 7.,  5.],
       [ 1.,  2.],
       [11.,  1.]]), array([0, 2, 1, 2]), 12254.0), (array([[ 4.,  8.],
       [ 7.,  5.],
       [ 1.,  2.],
       [11.,  1.]]), array([0, 2, 1, 2]), 12254.0), (array([[ 4.,  8.],
       [ 7.,  5.],
       [ 1.,  2.],
       [11.,  1.]]), array([0, 2, 1, 2]), 12254.0), (array([[ 4.,  8.],
       [ 7.,  5.],
       [ 1.,  2.],
       [11.,  1.]]), array([0, 2, 1, 2]), 12254.0), (array([[ 4.,  8.],
       [ 7.,  5.],
       [ 1.,  2.],
       [11.,  1.]]), array([0, 2, 1, 2]), 12254.0), (array([[ 4.,  8.],
       [ 7.,  5.],
       [ 1.,  2.],
       [11.,  1.]]), array([0, 2, 1, 2]), 12254.0), (array([[ 4.,  8.],
       [ 7.,  5.],
       [ 1.,  2.],
       [11.,  1.]]), array([0, 2, 1, 2]), 12254.0), (array([[ 4.,  8.],
       [ 7.,  5.],
       [ 1.,  2.],
       [11.,  1.]]), array([0, 2, 1, 2]), 12254.0), (array([[ 4.,  8.],
       [ 7.,  5.],
       [ 1.,  2.],
       [11.,  1.]]), array([0, 2, 1, 2]), 12254.0), (array([[ 1,  5],
       [ 6,  7],
       [ 9,  1],
       [15,  2]]), array([2, 2, 3, 3]), 12256.0), (array([[ 3,  3],
       [ 9,  5],
       [ 1, 10],
       [ 8,  9]]), array([0, 0, 1, 0]), 12257.0), (array([[10,  7],
       [ 8,  7],
       [11,  3],
       [ 1,  8]]), array([1, 3, 1, 2]), 12259.0), (array([[11.,  2.],
       [ 6.,  4.],
       [10.,  8.],
       [ 1.,  6.]]), array([1, 2, 1, 1]), 12260.0), (array([[12,  2],
       [10,  3],
       [13,  5],
       [ 2,  7]]), array([1, 0, 2, 1]), 12260.0), (array([[ 8,  6],
       [ 9,  8],
       [13,  1],
       [ 1,  7]]), array([1, 2, 2, 1]), 12260.0), (array([[10.,  4.],
       [13.,  3.],
       [ 9.,  9.],
       [ 4.,  7.]]), array([0, 2, 1, 1]), 12261.0), (array([[10.,  4.],
       [13.,  3.],
       [ 9.,  9.],
       [ 3.,  4.]]), array([0, 2, 1, 1]), 12261.0), (array([[11., 10.],
       [10.,  4.],
       [ 3.,  8.],
       [ 3.,  4.]]), array([1, 3, 1, 1]), 12262.0), (array([[ 3,  3],
       [ 8,  5],
       [ 5,  8],
       [12,  9]]), array([3, 0, 1, 1]), 12262.0)]
Generation 37 population configuration: 
[(array([[ 4,  8],
       [ 7,  5],
       [ 1,  2],
       [11,  1]]), array([0, 2, 1, 2]), 12254.0), (array([[ 4.,  8.],
       [ 7.,  5.],
       [ 1.,  2.],
       [11.,  1.]]), array([0, 2, 1, 2]), 12254.0), (array([[ 4.,  8.],
       [ 7.,  5.],
       [ 1.,  2.],
       [11.,  1.]]), array([0, 2, 1, 2]), 12254.0), (array([[ 4.,  8.],
       [ 7.,  5.],
       [ 1.,  2.],
       [11.,  1.]]), array([0, 2, 1, 2]), 12254.0), (array([[ 4.,  8.],
       [ 7.,  5.],
       [ 1.,  2.],
       [11.,  1.]]), array([0, 2, 1, 2]), 12254.0), (array([[ 4.,  8.],
       [ 7.,  5.],
       [ 1.,  2.],
       [11.,  1.]]), array([0, 2, 1, 2]), 12254.0), (array([[ 4.,  8.],
       [ 7.,  5.],
       [ 1.,  2.],
       [11.,  1.]]), array([0, 2, 1, 2]), 12254.0), (array([[ 4.,  8.],
       [ 7.,  5.],
       [ 1.,  2.],
       [11.,  1.]]), array([0, 2, 1, 2]), 12254.0), (array([[ 4.,  8.],
       [ 7.,  5.],
       [ 1.,  2.],
       [11.,  1.]]), array([0, 2, 1, 2]), 12254.0), (array([[ 4.,  8.],
       [ 7.,  5.],
       [ 1.,  2.],
       [11.,  1.]]), array([0, 2, 1, 2]), 12254.0), (array([[ 4.,  8.],
       [ 7.,  5.],
       [ 1.,  2.],
       [11.,  1.]]), array([0, 2, 1, 2]), 12254.0), (array([[ 3.,  3.],
       [ 9.,  5.],
       [ 1., 10.],
       [ 8.,  9.]]), array([3, 0, 1, 0]), 12257.0), (array([[ 7,  8],
       [ 7,  3],
       [ 2,  8],
       [11,  3]]), array([2, 3, 1, 2]), 12257.0), (array([[ 6,  4],
       [ 4,  1],
       [ 2,  7],
       [12,  4]]), array([1, 3, 0, 2]), 12257.0), (array([[ 1,  8],
       [ 2,  3],
       [ 9,  3],
       [12,  5]]), array([1, 0, 2, 1]), 12258.0), (array([[10,  3],
       [10,  6],
       [ 6,  3],
       [ 3,  9]]), array([1, 2, 3, 0]), 12258.0), (array([[10.,  7.],
       [ 8.,  7.],
       [11.,  3.],
       [ 1.,  8.]]), array([1, 3, 1, 2]), 12259.0), (array([[12,  0],
       [ 8,  3],
       [13,  6],
       [ 1,  7]]), array([2, 0, 3, 2]), 12259.0), (array([[ 3,  8],
       [ 8,  6],
       [ 2,  2],
       [14,  6]]), array([2, 2, 1, 3]), 12259.0), (array([[ 8.,  6.],
       [ 9.,  8.],
       [13.,  1.],
       [ 1.,  7.]]), array([1, 2, 2, 1]), 12260.0)]
Generation 38 population configuration: 
[(array([[ 4,  8],
       [ 7,  5],
       [ 1,  2],
       [11,  1]]), array([0, 2, 1, 2]), 12254.0), (array([[ 4.,  8.],
       [ 7.,  5.],
       [ 1.,  2.],
       [11.,  1.]]), array([0, 2, 1, 2]), 12254.0), (array([[ 4.,  8.],
       [ 7.,  5.],
       [ 1.,  2.],
       [11.,  1.]]), array([0, 2, 1, 2]), 12254.0), (array([[ 4.,  8.],
       [ 7.,  5.],
       [ 1.,  2.],
       [11.,  1.]]), array([0, 2, 1, 2]), 12254.0), (array([[ 4.,  8.],
       [ 7.,  5.],
       [ 1.,  2.],
       [11.,  1.]]), array([0, 2, 1, 2]), 12254.0), (array([[ 4.,  8.],
       [ 7.,  5.],
       [ 1.,  2.],
       [11.,  1.]]), array([0, 2, 1, 2]), 12254.0), (array([[ 4.,  8.],
       [ 7.,  5.],
       [ 1.,  2.],
       [11.,  1.]]), array([0, 2, 1, 2]), 12254.0), (array([[ 4.,  8.],
       [ 7.,  5.],
       [ 1.,  2.],
       [11.,  1.]]), array([0, 2, 1, 2]), 12254.0), (array([[ 4.,  8.],
       [ 7.,  5.],
       [ 1.,  2.],
       [11.,  1.]]), array([0, 2, 1, 2]), 12254.0), (array([[ 6,  8],
       [ 4,  3],
       [11,  3],
       [10,  1]]), array([3, 2, 1, 3]), 12255.0), (array([[ 3.,  8.],
       [ 8.,  6.],
       [ 2.,  2.],
       [11.,  1.]]), array([2, 2, 1, 2]), 12256.0), (array([[ 3.,  3.],
       [ 9.,  5.],
       [ 1., 10.],
       [ 8.,  9.]]), array([3, 0, 1, 0]), 12257.0), (array([[ 4.,  8.],
       [ 7.,  5.],
       [ 1.,  2.],
       [11.,  7.]]), array([0, 2, 1, 2]), 12259.0), (array([[10.,  7.],
       [ 8.,  7.],
       [11.,  3.],
       [ 1.,  8.]]), array([1, 3, 1, 2]), 12259.0), (array([[ 4.,  8.],
       [ 7.,  5.],
       [ 2.,  2.],
       [14.,  6.]]), array([0, 2, 1, 3]), 12259.0), (array([[12,  5],
       [14,  7],
       [ 9,  6],
       [ 4, 10]]), array([0, 3, 3, 0]), 12260.0), (array([[ 7,  8],
       [ 9,  4],
       [ 3,  6],
       [12,  8]]), array([1, 0, 0, 2]), 12261.0), (array([[13,  8],
       [ 6,  9],
       [ 4,  2],
       [ 2, 10]]), array([2, 1, 3, 1]), 12262.0), (array([[ 8,  3],
       [11,  4],
       [ 1,  4],
       [13,  8]]), array([3, 1, 2, 2]), 12262.0), (array([[ 3,  3],
       [ 1,  8],
       [14,  5],
       [14,  9]]), array([2, 2, 3, 3]), 12263.0)]
Generation 39 population configuration: 
[(array([[ 4,  8],
       [ 7,  5],
       [ 1,  2],
       [11,  1]]), array([0, 2, 1, 2]), 12254.0), (array([[ 4.,  8.],
       [ 7.,  5.],
       [ 1.,  2.],
       [11.,  1.]]), array([0, 2, 1, 2]), 12254.0), (array([[ 4.,  8.],
       [ 7.,  5.],
       [ 1.,  2.],
       [11.,  1.]]), array([0, 2, 1, 2]), 12254.0), (array([[ 4.,  8.],
       [ 7.,  5.],
       [ 1.,  2.],
       [11.,  1.]]), array([0, 2, 1, 2]), 12254.0), (array([[ 4.,  8.],
       [ 7.,  5.],
       [ 1.,  2.],
       [11.,  1.]]), array([0, 2, 1, 2]), 12254.0), (array([[ 4.,  8.],
       [ 7.,  5.],
       [ 1.,  2.],
       [11.,  1.]]), array([0, 2, 1, 2]), 12254.0), (array([[ 4.,  8.],
       [ 7.,  5.],
       [ 1.,  2.],
       [11.,  1.]]), array([0, 2, 1, 2]), 12254.0), (array([[ 4.,  8.],
       [ 7.,  5.],
       [ 1.,  2.],
       [11.,  1.]]), array([0, 2, 1, 2]), 12254.0), (array([[ 4.,  8.],
       [ 7.,  5.],
       [ 1.,  2.],
       [11.,  1.]]), array([0, 2, 1, 2]), 12254.0), (array([[ 4.,  8.],
       [ 7.,  5.],
       [ 1.,  2.],
       [11.,  1.]]), array([0, 2, 1, 2]), 12254.0), (array([[ 4.,  8.],
       [ 7.,  5.],
       [ 1.,  2.],
       [11.,  1.]]), array([0, 2, 1, 2]), 12254.0), (array([[ 4.,  8.],
       [ 7.,  5.],
       [ 0.,  2.],
       [11.,  1.]]), array([0, 2, 1, 2]), 12254.0), (array([[ 6,  8],
       [11,  3],
       [ 1,  3],
       [10,  1]]), array([1, 1, 1, 3]), 12257.0), (array([[ 4.,  8.],
       [ 7.,  5.],
       [ 2.,  2.],
       [14.,  6.]]), array([0, 2, 1, 3]), 12259.0), (array([[12.,  5.],
       [14.,  7.],
       [ 9.,  6.],
       [ 4., 10.]]), array([0, 3, 3, 0]), 12260.0), (array([[ 2,  2],
       [ 3,  8],
       [ 7,  8],
       [11,  9]]), array([1, 3, 0, 1]), 12261.0), (array([[13,  4],
       [ 8,  4],
       [11, 10],
       [ 4,  5]]), array([0, 0, 0, 0]), 12261.0), (array([[ 5,  9],
       [ 3,  5],
       [11,  8],
       [11,  3]]), array([1, 0, 2, 2]), 12261.0), (array([[ 1,  6],
       [ 3, 10],
       [10, 10],
       [11,  4]]), array([1, 1, 1, 1]), 12262.0), (array([[12, 10],
       [14,  5],
       [ 8,  6],
       [ 0,  9]]), array([1, 3, 2, 1]), 12264.0)]
Generation 40 population configuration: 
[(array([[ 4,  8],
       [ 7,  5],
       [ 1,  2],
       [11,  1]]), array([0, 2, 1, 2]), 12254.0), (array([[ 4.,  8.],
       [ 7.,  5.],
       [ 1.,  2.],
       [11.,  1.]]), array([0, 2, 1, 2]), 12254.0), (array([[ 4.,  8.],
       [ 7.,  5.],
       [ 1.,  2.],
       [11.,  1.]]), array([0, 2, 1, 2]), 12254.0), (array([[ 4.,  8.],
       [ 7.,  5.],
       [ 1.,  2.],
       [11.,  1.]]), array([0, 2, 1, 2]), 12254.0), (array([[ 4.,  8.],
       [ 7.,  5.],
       [ 1.,  2.],
       [11.,  1.]]), array([0, 2, 1, 2]), 12254.0), (array([[ 4.,  8.],
       [ 7.,  5.],
       [ 1.,  2.],
       [11.,  1.]]), array([0, 2, 1, 2]), 12254.0), (array([[ 4.,  8.],
       [ 7.,  5.],
       [ 1.,  2.],
       [11.,  1.]]), array([0, 2, 1, 2]), 12254.0), (array([[ 4.,  8.],
       [ 7.,  5.],
       [ 1.,  2.],
       [11.,  1.]]), array([0, 2, 1, 2]), 12254.0), (array([[ 4.,  8.],
       [ 7.,  5.],
       [ 1.,  2.],
       [11.,  1.]]), array([0, 2, 1, 2]), 12254.0), (array([[ 4.,  8.],
       [ 7.,  5.],
       [ 1.,  2.],
       [11.,  1.]]), array([0, 2, 1, 2]), 12254.0), (array([[ 4.,  8.],
       [ 7.,  5.],
       [ 1.,  2.],
       [11.,  1.]]), array([0, 2, 1, 2]), 12254.0), (array([[ 4.,  8.],
       [ 7.,  5.],
       [ 1.,  2.],
       [11.,  1.]]), array([0, 2, 1, 2]), 12254.0), (array([[ 4.,  8.],
       [ 7.,  5.],
       [ 1.,  2.],
       [11.,  1.]]), array([0, 2, 1, 2]), 12254.0), (array([[ 4.,  8.],
       [ 7.,  5.],
       [ 1.,  2.],
       [11.,  1.]]), array([0, 2, 1, 2]), 12254.0), (array([[ 0, 10],
       [ 2,  4],
       [ 6,  6],
       [12,  5]]), array([1, 0, 0, 0]), 12256.0), (array([[ 3,  4],
       [ 3,  8],
       [ 6,  9],
       [10,  2]]), array([0, 2, 1, 1]), 12257.0), (array([[12,  5],
       [10,  3],
       [12,  1],
       [ 3,  3]]), array([2, 3, 2, 0]), 12259.0), (array([[10,  3],
       [10,  8],
       [13,  8],
       [ 4,  4]]), array([1, 3, 0, 3]), 12260.0), (array([[ 4,  1],
       [ 5,  6],
       [ 9, 10],
       [11,  9]]), array([2, 3, 0, 1]), 12261.0), (array([[ 1,  2],
       [ 6,  4],
       [11,  5],
       [12,  8]]), array([2, 0, 1, 2]), 12262.0)]
Converged in 41 generations!