Original population print time: 
[12254.0, 12256.0, 12257.0, 12257.0, 12257.0, 12257.0, 12257.0, 12258.0, 12259.0, 12259.0, 12260.0, 12260.0, 12260.0, 12260.0, 12261.0, 12262.0, 12262.0, 12262.0, 12262.0, 12264.0]
Generation 1 population print time: 
[12254.0, 12254.0, 12254.0, 12254.0, 12256.0, 12257.0, 12257.0, 12257.0, 12257.0, 12257.0, 12257.0, 12257.0, 12258.0, 12260.0, 12260.0, 12260.0, 12260.0, 12260.0, 12262.0, 12263.0]
Generation 2 population print time: 
[12254.0, 12254.0, 12254.0, 12254.0, 12254.0, 12256.0, 12257.0, 12257.0, 12257.0, 12258.0, 12260.0, 12260.0, 12260.0, 12260.0, 12260.0, 12260.0, 12261.0, 12261.0, 12263.0, 12263.0]
Generation 3 population print time: 
[12254.0, 12254.0, 12254.0, 12254.0, 12254.0, 12254.0, 12254.0, 12254.0, 12256.0, 12256.0, 12257.0, 12258.0, 12259.0, 12260.0, 12260.0, 12260.0, 12261.0, 12261.0, 12261.0, 12263.0]
Generation 4 population print time: 
[12254.0, 12254.0, 12254.0, 12254.0, 12254.0, 12254.0, 12254.0, 12254.0, 12254.0, 12256.0, 12258.0, 12259.0, 12260.0, 12260.0, 12260.0, 12260.0, 12260.0, 12260.0, 12261.0, 12261.0]
Generation 5 population print time: 
[12254.0, 12254.0, 12254.0, 12254.0, 12254.0, 12254.0, 12254.0, 12254.0, 12254.0, 12254.0, 12254.0, 12254.0, 12257.0, 12257.0, 12259.0, 12260.0, 12261.0, 12261.0, 12261.0, 12262.0]
Generation 6 population print time: 
[12254.0, 12254.0, 12254.0, 12254.0, 12254.0, 12254.0, 12254.0, 12254.0, 12254.0, 12254.0, 12254.0, 12256.0, 12257.0, 12259.0, 12259.0, 12259.0, 12260.0, 12260.0, 12262.0, 12262.0]
Generation 7 population print time: 
[12254.0, 12254.0, 12254.0, 12254.0, 12254.0, 12254.0, 12254.0, 12254.0, 12254.0, 12256.0, 12259.0, 12259.0, 12260.0, 12260.0, 12260.0, 12260.0, 12262.0, 12262.0, 12263.0, 12264.0]
Generation 8 population print time: 
[12254.0, 12254.0, 12254.0, 12254.0, 12254.0, 12254.0, 12254.0, 12254.0, 12254.0, 12254.0, 12257.0, 12259.0, 12259.0, 12260.0, 12260.0, 12260.0, 12262.0, 12262.0, 12263.0, 12264.0]
Generation 9 population print time: 
[12254.0, 12254.0, 12254.0, 12254.0, 12254.0, 12254.0, 12254.0, 12254.0, 12254.0, 12254.0, 12255.0, 12256.0, 12260.0, 12260.0, 12260.0, 12260.0, 12261.0, 12262.0, 12262.0, 12262.0]
Generation 10 population print time: 
[12254.0, 12254.0, 12254.0, 12254.0, 12254.0, 12254.0, 12254.0, 12254.0, 12254.0, 12255.0, 12259.0, 12260.0, 12260.0, 12260.0, 12260.0, 12260.0, 12260.0, 12262.0, 12262.0, 12264.0]
Generation 11 population print time: 
[12254.0, 12254.0, 12254.0, 12254.0, 12254.0, 12254.0, 12254.0, 12254.0, 12254.0, 12254.0, 12254.0, 12254.0, 12258.0, 12259.0, 12260.0, 12260.0, 12262.0, 12262.0, 12262.0, 12262.0]
Generation 12 population print time: 
[12254.0, 12254.0, 12254.0, 12254.0, 12254.0, 12254.0, 12254.0, 12254.0, 12254.0, 12254.0, 12254.0, 12255.0, 12256.0, 12258.0, 12258.0, 12258.0, 12258.0, 12259.0, 12260.0, 12262.0]
Generation 13 population print time: 
[12254.0, 12254.0, 12254.0, 12254.0, 12254.0, 12254.0, 12254.0, 12254.0, 12254.0, 12254.0, 12256.0, 12256.0, 12256.0, 12258.0, 12258.0, 12258.0, 12259.0, 12260.0, 12260.0, 12261.0]
Generation 14 population print time: 
[12254.0, 12254.0, 12254.0, 12254.0, 12254.0, 12254.0, 12254.0, 12254.0, 12254.0, 12256.0, 12256.0, 12257.0, 12257.0, 12258.0, 12258.0, 12259.0, 12259.0, 12260.0, 12262.0, 12263.0]
Generation 15 population print time: 
[12254.0, 12254.0, 12254.0, 12254.0, 12254.0, 12254.0, 12254.0, 12257.0, 12257.0, 12257.0, 12257.0, 12257.0, 12257.0, 12259.0, 12259.0, 12259.0, 12260.0, 12260.0, 12263.0, 12264.0]
Generation 16 population print time: 
[12254.0, 12254.0, 12254.0, 12254.0, 12254.0, 12254.0, 12254.0, 12254.0, 12254.0, 12254.0, 12254.0, 12254.0, 12257.0, 12257.0, 12259.0, 12259.0, 12260.0, 12260.0, 12262.0, 12264.0]
Generation 17 population print time: 
[12254.0, 12254.0, 12254.0, 12254.0, 12254.0, 12254.0, 12254.0, 12254.0, 12254.0, 12257.0, 12257.0, 12257.0, 12259.0, 12260.0, 12260.0, 12260.0, 12261.0, 12263.0, 12263.0, 12263.0]
Generation 18 population print time: 
[12254.0, 12254.0, 12254.0, 12254.0, 12254.0, 12254.0, 12254.0, 12254.0, 12256.0, 12257.0, 12257.0, 12257.0, 12258.0, 12260.0, 12260.0, 12260.0, 12261.0, 12261.0, 12263.0, 12263.0]
Generation 19 population print time: 
[12254.0, 12254.0, 12254.0, 12254.0, 12254.0, 12254.0, 12254.0, 12254.0, 12256.0, 12256.0, 12256.0, 12257.0, 12257.0, 12261.0, 12261.0, 12261.0, 12261.0, 12262.0, 12262.0, 12263.0]
Generation 20 population print time: 
[12254.0, 12254.0, 12254.0, 12254.0, 12254.0, 12254.0, 12254.0, 12254.0, 12254.0, 12254.0, 12254.0, 12254.0, 12257.0, 12259.0, 12259.0, 12260.0, 12261.0, 12261.0, 12262.0, 12262.0]
Generation 21 population print time: 
[12254.0, 12254.0, 12254.0, 12254.0, 12254.0, 12254.0, 12254.0, 12254.0, 12254.0, 12254.0, 12254.0, 12254.0, 12257.0, 12257.0, 12257.0, 12257.0, 12259.0, 12261.0, 12261.0, 12262.0]
Generation 22 population print time: 
[12254.0, 12254.0, 12254.0, 12254.0, 12254.0, 12254.0, 12254.0, 12254.0, 12254.0, 12254.0, 12254.0, 12257.0, 12257.0, 12259.0, 12260.0, 12261.0, 12261.0, 12262.0, 12262.0, 12263.0]
Generation 23 population print time: 
[12254.0, 12254.0, 12254.0, 12254.0, 12254.0, 12254.0, 12254.0, 12254.0, 12254.0, 12254.0, 12254.0, 12254.0, 12256.0, 12257.0, 12257.0, 12258.0, 12260.0, 12260.0, 12261.0, 12262.0]
Generation 24 population print time: 
[12254.0, 12254.0, 12254.0, 12254.0, 12254.0, 12254.0, 12254.0, 12254.0, 12254.0, 12254.0, 12255.0, 12256.0, 12256.0, 12257.0, 12258.0, 12258.0, 12261.0, 12262.0, 12262.0, 12262.0]
Generation 25 population print time: 
[12254.0, 12254.0, 12254.0, 12254.0, 12254.0, 12254.0, 12254.0, 12254.0, 12254.0, 12254.0, 12254.0, 12254.0, 12256.0, 12257.0, 12258.0, 12259.0, 12259.0, 12260.0, 12262.0, 12264.0]
Generation 26 population print time: 
[12254.0, 12254.0, 12254.0, 12254.0, 12254.0, 12254.0, 12254.0, 12254.0, 12254.0, 12254.0, 12254.0, 12256.0, 12258.0, 12258.0, 12258.0, 12259.0, 12260.0, 12260.0, 12261.0, 12261.0]
Generation 27 population print time: 
[12254.0, 12254.0, 12254.0, 12254.0, 12254.0, 12254.0, 12254.0, 12254.0, 12254.0, 12254.0, 12254.0, 12254.0, 12254.0, 12256.0, 12256.0, 12257.0, 12258.0, 12260.0, 12261.0, 12262.0]
Generation 28 population print time: 
[12254.0, 12254.0, 12254.0, 12254.0, 12254.0, 12254.0, 12254.0, 12254.0, 12254.0, 12254.0, 12254.0, 12254.0, 12256.0, 12257.0, 12258.0, 12258.0, 12259.0, 12260.0, 12262.0, 12263.0]
Generation 29 population print time: 
[12254.0, 12254.0, 12254.0, 12254.0, 12254.0, 12254.0, 12254.0, 12254.0, 12254.0, 12256.0, 12258.0, 12258.0, 12259.0, 12259.0, 12260.0, 12260.0, 12260.0, 12260.0, 12263.0, 12263.0]
Generation 30 population print time: 
[12254.0, 12254.0, 12254.0, 12254.0, 12254.0, 12254.0, 12254.0, 12254.0, 12254.0, 12255.0, 12256.0, 12259.0, 12260.0, 12260.0, 12261.0, 12261.0, 12262.0, 12262.0, 12263.0, 12263.0]
Generation 31 population print time: 
[12254.0, 12254.0, 12254.0, 12254.0, 12254.0, 12254.0, 12254.0, 12254.0, 12254.0, 12254.0, 12256.0, 12257.0, 12257.0, 12260.0, 12260.0, 12260.0, 12262.0, 12263.0, 12263.0, 12263.0]
Generation 32 population print time: 
[12254.0, 12254.0, 12254.0, 12254.0, 12254.0, 12254.0, 12254.0, 12254.0, 12254.0, 12254.0, 12254.0, 12254.0, 12256.0, 12257.0, 12257.0, 12260.0, 12260.0, 12261.0, 12262.0, 12263.0]
Generation 33 population print time: 
[12254.0, 12254.0, 12254.0, 12254.0, 12254.0, 12254.0, 12254.0, 12254.0, 12254.0, 12254.0, 12254.0, 12256.0, 12257.0, 12259.0, 12259.0, 12259.0, 12260.0, 12260.0, 12261.0, 12261.0]
Generation 34 population print time: 
[12254.0, 12254.0, 12254.0, 12254.0, 12254.0, 12254.0, 12254.0, 12254.0, 12254.0, 12254.0, 12254.0, 12255.0, 12256.0, 12256.0, 12256.0, 12257.0, 12259.0, 12259.0, 12260.0, 12261.0]
Generation 35 population print time: 
[12254.0, 12254.0, 12254.0, 12254.0, 12254.0, 12254.0, 12254.0, 12254.0, 12254.0, 12254.0, 12254.0, 12254.0, 12254.0, 12256.0, 12256.0, 12259.0, 12260.0, 12261.0, 12261.0, 12262.0]
Generation 36 population print time: 
[12254.0, 12254.0, 12254.0, 12254.0, 12254.0, 12254.0, 12254.0, 12254.0, 12254.0, 12254.0, 12256.0, 12257.0, 12259.0, 12260.0, 12260.0, 12260.0, 12261.0, 12261.0, 12262.0, 12262.0]
Generation 37 population print time: 
[12254.0, 12254.0, 12254.0, 12254.0, 12254.0, 12254.0, 12254.0, 12254.0, 12254.0, 12254.0, 12254.0, 12257.0, 12257.0, 12257.0, 12258.0, 12258.0, 12259.0, 12259.0, 12259.0, 12260.0]
Generation 38 population print time: 
[12254.0, 12254.0, 12254.0, 12254.0, 12254.0, 12254.0, 12254.0, 12254.0, 12254.0, 12255.0, 12256.0, 12257.0, 12259.0, 12259.0, 12259.0, 12260.0, 12261.0, 12262.0, 12262.0, 12263.0]
Generation 39 population print time: 
[12254.0, 12254.0, 12254.0, 12254.0, 12254.0, 12254.0, 12254.0, 12254.0, 12254.0, 12254.0, 12254.0, 12254.0, 12257.0, 12259.0, 12260.0, 12261.0, 12261.0, 12261.0, 12262.0, 12264.0]
Generation 40 population print time: 
[12254.0, 12254.0, 12254.0, 12254.0, 12254.0, 12254.0, 12254.0, 12254.0, 12254.0, 12254.0, 12254.0, 12254.0, 12254.0, 12254.0, 12256.0, 12257.0, 12259.0, 12260.0, 12261.0, 12262.0]
