Original population configuration: 
[(array([[14,  7],
       [ 8,  9],
       [ 7,  8],
       [ 1, 10]]), array([0, 1, 3, 1]), 14275.0), (array([[8, 5],
       [3, 2],
       [1, 6],
       [1, 9]]), array([1, 2, 2, 2]), 14733.0), (array([[14,  1],
       [ 6,  0],
       [ 4,  5],
       [ 3,  8]]), array([3, 2, 2, 2]), 14736.0), (array([[ 7,  9],
       [ 5,  4],
       [11,  1],
       [ 5,  0]]), array([2, 3, 2, 2]), 14742.0), (array([[11,  7],
       [ 7,  4],
       [11,  1],
       [ 4,  9]]), array([3, 1, 2, 0]), 14744.0), (array([[ 7,  8],
       [ 8,  7],
       [ 1,  8],
       [12,  4]]), array([2, 0, 2, 2]), 14746.0), (array([[12,  3],
       [ 5,  6],
       [ 2,  0],
       [ 0,  9]]), array([2, 1, 2, 1]), 14900.0), (array([[ 6, 10],
       [ 2,  5],
       [11,  5],
       [10,  2]]), array([1, 3, 2, 2]), 14905.0), (array([[ 5,  4],
       [ 0,  3],
       [10,  1],
       [ 6, 10]]), array([1, 1, 2, 0]), 15115.0), (array([[ 0,  7],
       [ 8, 11],
       [11,  2],
       [14,  8]]), array([1, 0, 2, 0]), 15120.0), (array([[ 4,  2],
       [ 5,  5],
       [ 8,  8],
       [ 6, 11]]), array([3, 1, 1, 0]), 15122.0), (array([[14,  5],
       [14,  2],
       [ 8,  8],
       [ 6,  4]]), array([3, 0, 0, 0]), 15129.0), (array([[10,  7],
       [13,  4],
       [ 7,  0],
       [ 2,  7]]), array([2, 1, 2, 1]), 15131.0), (array([[ 2,  6],
       [ 7,  8],
       [10,  2],
       [14,  1]]), array([3, 1, 0, 3]), 15135.0), (array([[ 9,  8],
       [13, 10],
       [13,  3],
       [ 1,  5]]), array([3, 1, 1, 1]), 15140.0), (array([[ 4,  5],
       [ 8,  2],
       [ 3, 11],
       [13, 10]]), array([2, 2, 0, 1]), 15140.0), (array([[ 9,  0],
       [13, 10],
       [ 9, 11],
       [ 0,  7]]), array([2, 1, 0, 1]), 15141.0), (array([[ 6,  8],
       [12, 10],
       [ 4,  1],
       [14,  4]]), array([3, 1, 2, 0]), 15142.0), (array([[ 8,  4],
       [ 6,  1],
       [11,  9],
       [ 4, 10]]), array([2, 2, 0, 1]), 15440.0), (array([[ 6, 10],
       [11,  7],
       [ 3,  5],
       [ 3,  0]]), array([1, 1, 3, 2]), 15451.0)]
Generation 1 population configuration: 
[(array([[14,  7],
       [ 8,  9],
       [ 7,  8],
       [ 1, 10]]), array([0, 1, 3, 1]), 14275.0), (array([[8, 5],
       [3, 2],
       [1, 6],
       [1, 9]]), array([1, 2, 2, 2]), 14733.0), (array([[14,  1],
       [ 6,  0],
       [ 4,  5],
       [ 3,  8]]), array([3, 2, 2, 2]), 14736.0), (array([[14.,  1.],
       [ 6.,  0.],
       [ 4.,  5.],
       [ 3.,  8.]]), array([3, 2, 2, 2]), 14736.0), (array([[ 6,  4],
       [11,  4],
       [ 4,  9],
       [ 1,  6]]), array([1, 1, 2, 1]), 14739.0), (array([[ 7,  9],
       [ 5,  4],
       [11,  1],
       [ 5,  0]]), array([2, 3, 2, 2]), 14742.0), (array([[ 7.,  9.],
       [ 5.,  4.],
       [11.,  1.],
       [ 5.,  0.]]), array([2, 3, 2, 2]), 14742.0), (array([[11.,  7.],
       [ 7.,  4.],
       [11.,  1.],
       [ 2.,  7.]]), array([3, 1, 2, 1]), 14742.0), (array([[11,  7],
       [ 7,  4],
       [11,  1],
       [ 4,  9]]), array([3, 1, 2, 0]), 14744.0), (array([[11.,  7.],
       [ 7.,  4.],
       [11.,  1.],
       [ 4.,  9.]]), array([3, 1, 2, 0]), 14744.0), (array([[ 7,  8],
       [ 8,  7],
       [ 1,  8],
       [12,  4]]), array([2, 0, 2, 2]), 14746.0), (array([[ 7.,  8.],
       [ 8.,  7.],
       [ 1.,  8.],
       [12.,  4.]]), array([2, 0, 2, 2]), 14746.0), (array([[ 5.,  4.],
       [ 0.,  3.],
       [10.,  1.],
       [ 6., 10.]]), array([1, 1, 2, 0]), 15115.0), (array([[10,  4],
       [ 9,  3],
       [11,  9],
       [ 3,  4]]), array([1, 3, 0, 3]), 15125.0), (array([[ 8, 10],
       [11,  8],
       [ 9,  3],
       [ 1,  5]]), array([1, 1, 1, 2]), 15130.0), (array([[13,  6],
       [13,  9],
       [ 5,  6],
       [ 3,  8]]), array([0, 0, 1, 2]), 15137.0), (array([[ 6.,  8.],
       [12., 10.],
       [ 4.,  1.],
       [14.,  4.]]), array([3, 1, 2, 0]), 15142.0), (array([[ 5.,  4.],
       [ 0.,  3.],
       [10.,  1.],
       [14.,  8.]]), array([1, 1, 2, 0]), 15443.0), (array([[ 3,  8],
       [ 7,  7],
       [ 2,  1],
       [11,  6]]), array([1, 2, 3, 1]), 15452.0), (array([[ 9,  8],
       [11,  9],
       [ 3,  9],
       [ 2,  6]]), array([3, 1, 2, 2]), 15453.0)]
Generation 2 population configuration: 
[(array([[14,  7],
       [ 8,  9],
       [ 7,  8],
       [ 1, 10]]), array([0, 1, 3, 1]), 14275.0), (array([[14.,  7.],
       [ 8.,  9.],
       [ 7.,  8.],
       [ 1., 10.]]), array([0, 1, 3, 1]), 14275.0), (array([[8, 5],
       [3, 2],
       [1, 6],
       [1, 9]]), array([1, 2, 2, 2]), 14733.0), (array([[14,  1],
       [ 6,  0],
       [ 4,  5],
       [ 3,  8]]), array([3, 2, 2, 2]), 14736.0), (array([[14.,  1.],
       [ 6.,  0.],
       [ 4.,  5.],
       [ 3.,  8.]]), array([3, 2, 2, 2]), 14736.0), (array([[ 6,  4],
       [11,  4],
       [ 4,  9],
       [ 1,  6]]), array([1, 1, 2, 1]), 14739.0), (array([[ 6.,  4.],
       [11.,  4.],
       [ 4.,  9.],
       [ 1.,  6.]]), array([1, 1, 2, 1]), 14739.0), (array([[ 7,  9],
       [ 5,  4],
       [11,  1],
       [ 5,  0]]), array([2, 3, 2, 2]), 14742.0), (array([[ 7.,  9.],
       [ 5.,  4.],
       [11.,  1.],
       [ 5.,  0.]]), array([2, 3, 2, 2]), 14742.0), (array([[ 7.,  9.],
       [ 5.,  4.],
       [11.,  1.],
       [ 5.,  0.]]), array([2, 3, 2, 2]), 14742.0), (array([[ 2,  5],
       [ 6,  3],
       [10,  6],
       [10,  3]]), array([1, 2, 2, 1]), 14742.0), (array([[11.,  7.],
       [ 7.,  4.],
       [11.,  1.],
       [ 4.,  9.]]), array([3, 1, 2, 0]), 14744.0), (array([[11.,  7.],
       [ 7.,  4.],
       [11.,  1.],
       [ 4.,  9.]]), array([3, 1, 2, 0]), 14744.0), (array([[ 7,  8],
       [ 5,  8],
       [10,  3],
       [13,  9]]), array([1, 0, 1, 0]), 15127.0), (array([[ 8,  6],
       [ 9,  2],
       [12,  8],
       [ 0,  7]]), array([3, 0, 0, 1]), 15130.0), (array([[ 3,  2],
       [ 2,  7],
       [10,  3],
       [10,  9]]), array([2, 3, 1, 1]), 15142.0), (array([[ 8,  4],
       [ 7,  2],
       [10, 10],
       [13,  8]]), array([1, 3, 1, 1]), 15146.0), (array([[ 5.,  4.],
       [ 0.,  3.],
       [10.,  1.],
       [14.,  8.]]), array([1, 1, 2, 0]), 15443.0), (array([[ 9.,  8.],
       [11.,  9.],
       [ 3.,  9.],
       [ 2.,  6.]]), array([3, 1, 2, 2]), 15453.0), (array([[8, 2],
       [6, 4],
       [2, 4],
       [5, 9]]), array([0, 3, 3, 2]), 15593.0)]
Generation 3 population configuration: 
[(array([[14,  7],
       [ 8,  9],
       [ 7,  8],
       [ 1, 10]]), array([0, 1, 3, 1]), 14275.0), (array([[14.,  7.],
       [ 8.,  9.],
       [ 7.,  8.],
       [ 1., 10.]]), array([0, 1, 3, 1]), 14275.0), (array([[8, 5],
       [3, 2],
       [1, 6],
       [1, 9]]), array([1, 2, 2, 2]), 14733.0), (array([[8., 5.],
       [3., 2.],
       [1., 6.],
       [1., 9.]]), array([1, 2, 2, 2]), 14733.0), (array([[14,  1],
       [ 6,  0],
       [ 4,  5],
       [ 3,  8]]), array([3, 2, 2, 2]), 14736.0), (array([[14.,  1.],
       [ 6.,  0.],
       [ 4.,  5.],
       [ 3.,  8.]]), array([3, 2, 2, 2]), 14736.0), (array([[14.,  1.],
       [ 6.,  0.],
       [ 4.,  5.],
       [ 3.,  8.]]), array([3, 2, 2, 2]), 14736.0), (array([[ 6,  4],
       [11,  4],
       [ 4,  9],
       [ 1,  6]]), array([1, 1, 2, 1]), 14739.0), (array([[ 6.,  4.],
       [11.,  4.],
       [ 4.,  9.],
       [ 1.,  6.]]), array([1, 1, 2, 1]), 14739.0), (array([[ 6.,  4.],
       [11.,  4.],
       [ 4.,  9.],
       [ 1.,  6.]]), array([1, 1, 2, 1]), 14739.0), (array([[ 9,  8],
       [10,  4],
       [10,  3],
       [ 2,  7]]), array([2, 2, 0, 1]), 14743.0), (array([[ 7,  6],
       [ 6,  9],
       [ 3, 10],
       [12,  3]]), array([0, 2, 0, 2]), 14751.0), (array([[ 7,  2],
       [ 1,  4],
       [12,  8],
       [ 3, 10]]), array([2, 2, 3, 1]), 14893.0), (array([[ 7.,  8.],
       [ 5.,  8.],
       [10.,  3.],
       [13.,  9.]]), array([1, 0, 1, 0]), 15127.0), (array([[13,  3],
       [ 8,  2],
       [ 4,  9],
       [ 2,  4]]), array([0, 3, 2, 3]), 15129.0), (array([[10,  8],
       [ 4, 10],
       [ 5,  4],
       [ 4,  1]]), array([2, 0, 2, 2]), 15441.0), (array([[ 1,  4],
       [ 4,  9],
       [ 6,  1],
       [11,  6]]), array([2, 0, 2, 2]), 15591.0), (array([[8., 2.],
       [6., 4.],
       [2., 4.],
       [5., 9.]]), array([0, 3, 3, 2]), 15593.0), (array([[8., 2.],
       [6., 4.],
       [2., 4.],
       [5., 9.]]), array([0, 3, 3, 2]), 15593.0), (array([[ 8.,  6.],
       [ 9.,  2.],
       [12.,  8.],
       [ 1., 10.]]), array([3, 0, 3, 1]), 15598.0)]
Generation 4 population configuration: 
[(array([[14,  7],
       [ 8,  9],
       [ 7,  8],
       [ 1, 10]]), array([0, 1, 3, 1]), 14275.0), (array([[14.,  7.],
       [ 8.,  9.],
       [ 7.,  8.],
       [ 1., 10.]]), array([0, 1, 3, 1]), 14275.0), (array([[8, 5],
       [3, 2],
       [1, 6],
       [1, 9]]), array([1, 2, 2, 2]), 14733.0), (array([[8., 5.],
       [3., 2.],
       [1., 6.],
       [1., 9.]]), array([1, 2, 2, 2]), 14733.0), (array([[14,  1],
       [ 6,  0],
       [ 4,  5],
       [ 3,  8]]), array([3, 2, 2, 2]), 14736.0), (array([[14.,  1.],
       [ 6.,  0.],
       [ 4.,  5.],
       [ 3.,  8.]]), array([3, 2, 2, 2]), 14736.0), (array([[14.,  1.],
       [ 6.,  0.],
       [ 4.,  5.],
       [ 3.,  8.]]), array([3, 2, 2, 2]), 14736.0), (array([[14.,  1.],
       [ 6.,  0.],
       [ 4.,  5.],
       [ 3.,  8.]]), array([3, 2, 2, 2]), 14736.0), (array([[14.,  1.],
       [ 6.,  0.],
       [ 4.,  5.],
       [ 3.,  8.]]), array([3, 2, 2, 2]), 14736.0), (array([[ 6.,  4.],
       [11.,  4.],
       [ 4.,  9.],
       [ 1.,  6.]]), array([1, 1, 2, 1]), 14739.0), (array([[ 6.,  4.],
       [11.,  4.],
       [ 4.,  9.],
       [ 1.,  6.]]), array([1, 1, 2, 1]), 14739.0), (array([[ 9.,  8.],
       [10.,  4.],
       [10.,  3.],
       [ 2.,  6.]]), array([2, 2, 0, 1]), 14744.0), (array([[10,  8],
       [11,  2],
       [ 4,  3],
       [ 2,  7]]), array([2, 2, 0, 2]), 14746.0), (array([[ 6,  6],
       [ 8,  7],
       [13,  3],
       [14,  7]]), array([3, 1, 0, 3]), 14894.0), (array([[10,  8],
       [ 6, 10],
       [11,  3],
       [ 3,  5]]), array([1, 0, 0, 2]), 14896.0), (array([[13.,  3.],
       [ 8.,  2.],
       [ 4.,  9.],
       [ 2.,  4.]]), array([0, 3, 2, 3]), 15129.0), (array([[13.,  3.],
       [ 8.,  2.],
       [ 4.,  9.],
       [ 2.,  4.]]), array([0, 3, 2, 3]), 15129.0), (array([[12,  8],
       [12,  5],
       [ 7,  6],
       [ 5,  1]]), array([2, 1, 2, 2]), 15129.0), (array([[ 5,  1],
       [ 5,  6],
       [ 1,  8],
       [13,  3]]), array([2, 0, 2, 3]), 15435.0), (array([[10,  7],
       [ 3,  5],
       [ 4,  0],
       [ 2,  1]]), array([3, 2, 2, 3]), 15439.0)]
Generation 5 population configuration: 
[(array([[14,  7],
       [ 8,  9],
       [ 7,  8],
       [ 1, 10]]), array([0, 1, 3, 1]), 14275.0), (array([[14.,  7.],
       [ 8.,  9.],
       [ 7.,  8.],
       [ 1., 10.]]), array([0, 1, 3, 1]), 14275.0), (array([[8, 5],
       [3, 2],
       [1, 6],
       [1, 9]]), array([1, 2, 2, 2]), 14733.0), (array([[8., 5.],
       [3., 2.],
       [1., 6.],
       [1., 9.]]), array([1, 2, 2, 2]), 14733.0), (array([[8., 5.],
       [3., 2.],
       [1., 6.],
       [1., 9.]]), array([1, 2, 2, 2]), 14733.0), (array([[14,  1],
       [ 6,  0],
       [ 4,  5],
       [ 3,  8]]), array([3, 2, 2, 2]), 14736.0), (array([[14.,  1.],
       [ 6.,  0.],
       [ 4.,  5.],
       [ 3.,  8.]]), array([3, 2, 2, 2]), 14736.0), (array([[ 6,  3],
       [ 3,  6],
       [ 9,  6],
       [12,  2]]), array([1, 3, 2, 2]), 14745.0), (array([[10.,  8.],
       [11.,  2.],
       [ 4.,  3.],
       [ 2.,  7.]]), array([2, 2, 0, 2]), 14746.0), (array([[ 9.,  7.],
       [10.,  4.],
       [10.,  3.],
       [ 2.,  6.]]), array([2, 2, 0, 1]), 14746.0), (array([[10.,  8.],
       [11.,  2.],
       [ 4.,  3.],
       [ 2.,  7.]]), array([2, 2, 0, 2]), 14746.0), (array([[10.,  8.],
       [ 6., 10.],
       [11.,  3.],
       [ 3.,  5.]]), array([1, 0, 0, 2]), 14896.0), (array([[ 6,  5],
       [10,  8],
       [ 5, 10],
       [12,  7]]), array([1, 2, 1, 0]), 15123.0), (array([[12.,  8.],
       [12.,  5.],
       [ 7.,  6.],
       [ 5.,  1.]]), array([2, 1, 2, 2]), 15129.0), (array([[12.,  8.],
       [12.,  5.],
       [ 7.,  6.],
       [ 5.,  1.]]), array([2, 1, 2, 2]), 15129.0), (array([[13.,  3.],
       [ 8.,  2.],
       [ 4.,  9.],
       [ 2.,  4.]]), array([0, 3, 2, 3]), 15129.0), (array([[10,  2],
       [12,  6],
       [ 4,  4],
       [ 5,  8]]), array([3, 1, 3, 1]), 15132.0), (array([[ 8,  5],
       [ 4,  1],
       [12,  9],
       [14,  2]]), array([1, 3, 1, 0]), 15136.0), (array([[2, 7],
       [1, 5],
       [7, 9],
       [8, 1]]), array([2, 1, 2, 3]), 15438.0), (array([[13,  4],
       [14,  8],
       [ 7,  2],
       [ 1,  9]]), array([1, 0, 3, 2]), 15441.0)]
Generation 6 population configuration: 
[(array([[14,  7],
       [ 8,  9],
       [ 7,  8],
       [ 1, 10]]), array([0, 1, 3, 1]), 14275.0), (array([[14.,  7.],
       [ 8.,  9.],
       [ 7.,  8.],
       [ 1., 10.]]), array([0, 1, 3, 1]), 14275.0), (array([[8, 5],
       [3, 2],
       [1, 6],
       [1, 9]]), array([1, 2, 2, 2]), 14733.0), (array([[8., 5.],
       [3., 2.],
       [1., 6.],
       [1., 9.]]), array([1, 2, 2, 2]), 14733.0), (array([[8., 5.],
       [3., 2.],
       [1., 6.],
       [1., 9.]]), array([1, 2, 2, 2]), 14733.0), (array([[8., 5.],
       [3., 2.],
       [1., 6.],
       [1., 9.]]), array([1, 2, 2, 2]), 14733.0), (array([[14,  1],
       [ 6,  0],
       [ 4,  5],
       [ 3,  8]]), array([3, 2, 2, 2]), 14736.0), (array([[14.,  1.],
       [ 6.,  0.],
       [ 4.,  5.],
       [ 3.,  8.]]), array([3, 2, 2, 2]), 14736.0), (array([[14.,  1.],
       [ 6.,  0.],
       [ 4.,  5.],
       [ 3.,  8.]]), array([3, 2, 2, 2]), 14736.0), (array([[ 6,  7],
       [ 9,  6],
       [12, 10],
       [13,  3]]), array([2, 0, 1, 3]), 14745.0), (array([[10.,  8.],
       [ 6., 10.],
       [11.,  3.],
       [ 3.,  5.]]), array([1, 0, 0, 2]), 14896.0), (array([[10.,  8.],
       [ 6., 10.],
       [11.,  3.],
       [ 3.,  5.]]), array([1, 0, 0, 2]), 14896.0), (array([[10.,  2.],
       [12.,  6.],
       [ 4.,  4.],
       [ 5.,  8.]]), array([3, 1, 3, 1]), 15132.0), (array([[ 8.,  5.],
       [ 4.,  1.],
       [12.,  9.],
       [14.,  2.]]), array([1, 3, 1, 0]), 15136.0), (array([[ 1,  0],
       [ 2,  5],
       [ 6,  4],
       [12, 10]]), array([2, 2, 1, 1]), 15141.0), (array([[11,  7],
       [12,  9],
       [ 4,  5],
       [ 0,  6]]), array([1, 2, 1, 1]), 15448.0), (array([[ 3,  8],
       [ 7,  7],
       [ 9,  5],
       [13,  4]]), array([1, 2, 0, 1]), 15455.0), (array([[9, 3],
       [8, 1],
       [2, 2],
       [2, 7]]), array([1, 3, 2, 3]), 15588.0), (array([[7, 9],
       [6, 6],
       [7, 2],
       [0, 8]]), array([1, 3, 2, 1]), 15593.0), (array([[10.,  7.],
       [11.,  2.],
       [ 1.,  6.],
       [ 1.,  9.]]), array([2, 2, 2, 2]), 15693.0)]
Generation 7 population configuration: 
[(array([[14,  7],
       [ 8,  9],
       [ 7,  8],
       [ 1, 10]]), array([0, 1, 3, 1]), 14275.0), (array([[14.,  7.],
       [ 8.,  9.],
       [ 7.,  8.],
       [ 1., 10.]]), array([0, 1, 3, 1]), 14275.0), (array([[8, 5],
       [3, 2],
       [1, 6],
       [1, 9]]), array([1, 2, 2, 2]), 14733.0), (array([[8., 5.],
       [3., 2.],
       [1., 6.],
       [1., 9.]]), array([1, 2, 2, 2]), 14733.0), (array([[8., 5.],
       [3., 2.],
       [1., 6.],
       [1., 9.]]), array([1, 2, 2, 2]), 14733.0), (array([[8., 5.],
       [3., 2.],
       [1., 6.],
       [1., 9.]]), array([1, 2, 2, 2]), 14733.0), (array([[8., 5.],
       [3., 2.],
       [1., 6.],
       [1., 9.]]), array([1, 2, 2, 2]), 14733.0), (array([[14.,  1.],
       [ 6.,  0.],
       [ 4.,  5.],
       [ 3.,  8.]]), array([3, 2, 2, 2]), 14736.0), (array([[14.,  1.],
       [ 6.,  0.],
       [ 4.,  5.],
       [ 3.,  8.]]), array([3, 2, 2, 2]), 14736.0), (array([[ 6.,  7.],
       [ 9.,  6.],
       [12., 10.],
       [13.,  3.]]), array([2, 0, 1, 3]), 14745.0), (array([[ 6.,  7.],
       [ 9.,  6.],
       [12., 10.],
       [13.,  3.]]), array([2, 0, 1, 3]), 14745.0), (array([[10.,  8.],
       [ 6., 10.],
       [11.,  3.],
       [ 3.,  5.]]), array([1, 0, 0, 2]), 14896.0), (array([[ 9,  0],
       [ 3,  4],
       [12,  7],
       [ 6, 10]]), array([2, 1, 2, 0]), 14902.0), (array([[ 4,  7],
       [ 7,  5],
       [ 3,  2],
       [13,  6]]), array([3, 2, 0, 1]), 15128.0), (array([[ 8,  3],
       [12,  3],
       [ 3,  8],
       [13,  8]]), array([2, 1, 1, 0]), 15130.0), (array([[ 5,  6],
       [ 8,  9],
       [11,  1],
       [13,  3]]), array([2, 2, 3, 1]), 15136.0), (array([[11.,  7.],
       [12.,  9.],
       [ 4.,  5.],
       [ 0.,  6.]]), array([1, 2, 1, 1]), 15448.0), (array([[ 3, 10],
       [ 8,  9],
       [ 5,  2],
       [12, 10]]), array([0, 1, 0, 1]), 15450.0), (array([[ 3.,  8.],
       [ 7.,  7.],
       [ 9.,  5.],
       [13.,  4.]]), array([1, 2, 0, 1]), 15455.0), (array([[11,  5],
       [ 8,  2],
       [ 4, 10],
       [ 3,  1]]), array([2, 2, 0, 2]), 15594.0)]
Generation 8 population configuration: 
[(array([[14,  7],
       [ 8,  9],
       [ 7,  8],
       [ 1, 10]]), array([0, 1, 3, 1]), 14275.0), (array([[14.,  7.],
       [ 8.,  9.],
       [ 7.,  8.],
       [ 1., 10.]]), array([0, 1, 3, 1]), 14275.0), (array([[8, 5],
       [3, 2],
       [1, 6],
       [1, 9]]), array([1, 2, 2, 2]), 14733.0), (array([[8., 5.],
       [3., 2.],
       [1., 6.],
       [1., 9.]]), array([1, 2, 2, 2]), 14733.0), (array([[8., 5.],
       [3., 2.],
       [1., 6.],
       [1., 9.]]), array([1, 2, 2, 2]), 14733.0), (array([[8., 5.],
       [3., 2.],
       [1., 6.],
       [1., 9.]]), array([1, 2, 2, 2]), 14733.0), (array([[8., 5.],
       [3., 2.],
       [1., 6.],
       [1., 9.]]), array([1, 2, 2, 2]), 14733.0), (array([[8., 5.],
       [3., 2.],
       [1., 6.],
       [1., 9.]]), array([1, 2, 2, 2]), 14733.0), (array([[8., 5.],
       [3., 2.],
       [1., 6.],
       [1., 9.]]), array([1, 2, 2, 2]), 14733.0), (array([[8., 5.],
       [3., 2.],
       [1., 6.],
       [1., 9.]]), array([1, 2, 2, 2]), 14733.0), (array([[14.,  1.],
       [ 6.,  0.],
       [ 4.,  5.],
       [ 3.,  8.]]), array([3, 2, 2, 2]), 14736.0), (array([[ 6.,  7.],
       [ 9.,  6.],
       [12., 10.],
       [13.,  3.]]), array([2, 0, 1, 3]), 14745.0), (array([[ 6,  3],
       [ 1,  3],
       [ 6,  9],
       [13,  1]]), array([1, 1, 2, 3]), 15114.0), (array([[ 3,  7],
       [ 2,  9],
       [ 7,  5],
       [10,  8]]), array([1, 2, 1, 2]), 15129.0), (array([[9, 5],
       [7, 2],
       [6, 7],
       [0, 6]]), array([1, 3, 3, 1]), 15129.0), (array([[ 7,  2],
       [12,  3],
       [ 2,  4],
       [12,  9]]), array([0, 1, 2, 0]), 15132.0), (array([[13,  4],
       [11,  7],
       [ 7,  8],
       [ 5,  4]]), array([1, 0, 3, 0]), 15137.0), (array([[ 3.,  8.],
       [ 7.,  7.],
       [ 9.,  5.],
       [13.,  4.]]), array([1, 2, 0, 1]), 15455.0), (array([[ 3.,  8.],
       [ 7.,  7.],
       [ 9.,  5.],
       [13.,  4.]]), array([1, 2, 0, 1]), 15455.0), (array([[ 3,  5],
       [ 4,  8],
       [ 6,  9],
       [11,  1]]), array([0, 3, 1, 2]), 15603.0)]
Generation 9 population configuration: 
[(array([[14,  7],
       [ 8,  9],
       [ 7,  8],
       [ 1, 10]]), array([0, 1, 3, 1]), 14275.0), (array([[14.,  7.],
       [ 8.,  9.],
       [ 7.,  8.],
       [ 1., 10.]]), array([0, 1, 3, 1]), 14275.0), (array([[8, 5],
       [3, 2],
       [1, 6],
       [1, 9]]), array([1, 2, 2, 2]), 14733.0), (array([[8., 5.],
       [3., 2.],
       [1., 6.],
       [1., 9.]]), array([1, 2, 2, 2]), 14733.0), (array([[8., 5.],
       [3., 2.],
       [1., 6.],
       [1., 9.]]), array([1, 2, 2, 2]), 14733.0), (array([[8., 5.],
       [3., 2.],
       [1., 6.],
       [1., 9.]]), array([1, 2, 2, 2]), 14733.0), (array([[8., 5.],
       [3., 2.],
       [1., 6.],
       [1., 9.]]), array([1, 2, 2, 2]), 14733.0), (array([[8., 5.],
       [3., 2.],
       [1., 6.],
       [1., 9.]]), array([1, 2, 2, 2]), 14733.0), (array([[8., 5.],
       [3., 2.],
       [1., 6.],
       [1., 9.]]), array([1, 2, 2, 2]), 14733.0), (array([[8., 5.],
       [3., 2.],
       [1., 6.],
       [1., 9.]]), array([1, 2, 2, 2]), 14733.0), (array([[8., 5.],
       [3., 2.],
       [1., 6.],
       [1., 9.]]), array([1, 2, 2, 2]), 14733.0), (array([[8., 5.],
       [3., 2.],
       [1., 6.],
       [1., 9.]]), array([1, 2, 2, 2]), 14733.0), (array([[8., 5.],
       [3., 2.],
       [1., 6.],
       [1., 9.]]), array([1, 2, 2, 2]), 14733.0), (array([[14.,  1.],
       [ 6.,  0.],
       [ 4.,  5.],
       [ 3.,  8.]]), array([3, 2, 2, 2]), 14736.0), (array([[14,  8],
       [11,  2],
       [ 5,  7],
       [ 4,  1]]), array([3, 0, 1, 2]), 14895.0), (array([[12,  0],
       [12,  7],
       [ 8,  7],
       [13, 10]]), array([2, 3, 3, 1]), 15138.0), (array([[ 8,  7],
       [ 3,  8],
       [11,  2],
       [ 2,  3]]), array([2, 2, 2, 1]), 15436.0), (array([[ 1,  2],
       [ 5,  8],
       [10,  7],
       [13,  5]]), array([2, 0, 3, 3]), 15439.0), (array([[ 4,  2],
       [ 7,  2],
       [ 9,  3],
       [15,  7]]), array([3, 3, 1, 3]), 15442.0), (array([[3, 9],
       [4, 4],
       [3, 3],
       [7, 4]]), array([2, 1, 3, 1]), 15445.0)]
Generation 10 population configuration: 
[(array([[14,  7],
       [ 8,  9],
       [ 7,  8],
       [ 1, 10]]), array([0, 1, 3, 1]), 14275.0), (array([[14.,  7.],
       [ 8.,  9.],
       [ 7.,  8.],
       [ 1., 10.]]), array([0, 1, 3, 1]), 14275.0), (array([[14.,  7.],
       [ 8.,  9.],
       [ 7.,  8.],
       [ 1., 10.]]), array([0, 1, 3, 1]), 14275.0), (array([[14.,  7.],
       [ 8.,  9.],
       [ 7.,  8.],
       [ 1., 10.]]), array([0, 1, 3, 1]), 14275.0), (array([[8, 5],
       [3, 2],
       [1, 6],
       [1, 9]]), array([1, 2, 2, 2]), 14733.0), (array([[8., 5.],
       [3., 2.],
       [1., 6.],
       [1., 9.]]), array([1, 2, 2, 2]), 14733.0), (array([[8., 5.],
       [3., 2.],
       [1., 6.],
       [1., 9.]]), array([1, 2, 2, 2]), 14733.0), (array([[8., 5.],
       [3., 2.],
       [1., 6.],
       [1., 9.]]), array([1, 2, 2, 2]), 14733.0), (array([[8., 5.],
       [3., 2.],
       [1., 6.],
       [1., 9.]]), array([1, 2, 2, 2]), 14733.0), (array([[8., 5.],
       [3., 2.],
       [1., 6.],
       [1., 9.]]), array([1, 2, 2, 2]), 14733.0), (array([[8., 5.],
       [3., 2.],
       [1., 6.],
       [1., 9.]]), array([1, 2, 2, 2]), 14733.0), (array([[8., 5.],
       [3., 2.],
       [1., 6.],
       [1., 9.]]), array([1, 2, 2, 2]), 14733.0), (array([[ 8,  9],
       [ 5,  7],
       [11,  7],
       [ 1,  3]]), array([2, 1, 0, 1]), 15121.0), (array([[ 8,  8],
       [ 4,  8],
       [10,  2],
       [12,  3]]), array([2, 1, 0, 1]), 15127.0), (array([[ 6,  8],
       [ 7,  4],
       [12, 10],
       [14,  2]]), array([2, 1, 1, 0]), 15132.0), (array([[ 9,  1],
       [ 3,  5],
       [12, 10],
       [ 1,  7]]), array([2, 0, 0, 2]), 15133.0), (array([[13,  7],
       [13, 11],
       [ 8,  2],
       [ 2,  2]]), array([1, 0, 2, 3]), 15147.0), (array([[4., 2.],
       [7., 2.],
       [1., 6.],
       [1., 9.]]), array([3, 3, 2, 2]), 15328.0), (array([[ 8.,  7.],
       [ 3.,  8.],
       [11.,  2.],
       [ 2.,  3.]]), array([2, 2, 2, 1]), 15436.0), (array([[ 5,  3],
       [ 7,  7],
       [ 1,  9],
       [15,  6]]), array([2, 2, 2, 3]), 15598.0)]
Generation 11 population configuration: 
[(array([[14,  7],
       [ 8,  9],
       [ 7,  8],
       [ 1, 10]]), array([0, 1, 3, 1]), 14275.0), (array([[14.,  7.],
       [ 8.,  9.],
       [ 7.,  8.],
       [ 1., 10.]]), array([0, 1, 3, 1]), 14275.0), (array([[14.,  7.],
       [ 8.,  9.],
       [ 7.,  8.],
       [ 1., 10.]]), array([0, 1, 3, 1]), 14275.0), (array([[14.,  7.],
       [ 8.,  9.],
       [ 7.,  8.],
       [ 1., 10.]]), array([0, 1, 3, 1]), 14275.0), (array([[14.,  7.],
       [ 8.,  9.],
       [ 7.,  8.],
       [ 1., 10.]]), array([0, 1, 3, 1]), 14275.0), (array([[14.,  7.],
       [ 8.,  9.],
       [ 7.,  8.],
       [ 1., 10.]]), array([0, 1, 3, 1]), 14275.0), (array([[14.,  7.],
       [ 8.,  9.],
       [ 7.,  8.],
       [ 1., 10.]]), array([0, 1, 3, 1]), 14275.0), (array([[8, 5],
       [3, 2],
       [1, 6],
       [1, 9]]), array([1, 2, 2, 2]), 14733.0), (array([[8., 5.],
       [3., 2.],
       [1., 6.],
       [1., 9.]]), array([1, 2, 2, 2]), 14733.0), (array([[8., 5.],
       [3., 2.],
       [1., 6.],
       [1., 9.]]), array([1, 2, 2, 2]), 14733.0), (array([[8., 5.],
       [3., 2.],
       [1., 6.],
       [1., 9.]]), array([1, 2, 2, 2]), 14733.0), (array([[8., 5.],
       [3., 2.],
       [1., 6.],
       [1., 9.]]), array([1, 2, 2, 2]), 14733.0), (array([[8, 3],
       [9, 8],
       [1, 4],
       [3, 8]]), array([1, 2, 2, 2]), 14742.0), (array([[8, 8],
       [9, 5],
       [2, 7],
       [5, 2]]), array([2, 2, 2, 2]), 14745.0), (array([[11,  9],
       [ 4,  8],
       [12,  2],
       [ 6,  1]]), array([2, 1, 2, 2]), 14747.0), (array([[ 8.,  9.],
       [ 5.,  7.],
       [11.,  7.],
       [ 1.,  3.]]), array([2, 1, 0, 1]), 15121.0), (array([[ 1,  6],
       [ 4,  2],
       [11, 10],
       [13, 10]]), array([2, 2, 0, 1]), 15451.0), (array([[ 5.,  3.],
       [ 7.,  7.],
       [ 1.,  9.],
       [15.,  6.]]), array([2, 2, 2, 3]), 15598.0), (array([[14,  3],
       [14,  7],
       [10,  7],
       [ 6,  4]]), array([0, 3, 3, 0]), 15600.0), (array([[ 1,  7],
       [ 1,  4],
       [11,  7],
       [11,  2]]), array([2, 2, 2, 0]), 15691.0)]
Generation 12 population configuration: 
[(array([[14,  7],
       [ 8,  9],
       [ 7,  8],
       [ 1, 10]]), array([0, 1, 3, 1]), 14275.0), (array([[14.,  7.],
       [ 8.,  9.],
       [ 7.,  8.],
       [ 1., 10.]]), array([0, 1, 3, 1]), 14275.0), (array([[14.,  7.],
       [ 8.,  9.],
       [ 7.,  8.],
       [ 1., 10.]]), array([0, 1, 3, 1]), 14275.0), (array([[14.,  7.],
       [ 8.,  9.],
       [ 7.,  8.],
       [ 1., 10.]]), array([0, 1, 3, 1]), 14275.0), (array([[14.,  7.],
       [ 8.,  9.],
       [ 7.,  8.],
       [ 1., 10.]]), array([0, 1, 3, 1]), 14275.0), (array([[14.,  7.],
       [ 8.,  9.],
       [ 7.,  8.],
       [ 1., 10.]]), array([0, 1, 3, 1]), 14275.0), (array([[14.,  7.],
       [ 8.,  9.],
       [ 7.,  8.],
       [ 1., 10.]]), array([0, 1, 3, 1]), 14275.0), (array([[14.,  7.],
       [ 8.,  9.],
       [ 7.,  8.],
       [ 1., 10.]]), array([0, 1, 3, 1]), 14275.0), (array([[14.,  7.],
       [ 8.,  9.],
       [ 7.,  8.],
       [ 1., 10.]]), array([0, 1, 3, 1]), 14275.0), (array([[8., 5.],
       [3., 2.],
       [1., 6.],
       [1., 9.]]), array([1, 2, 2, 2]), 14733.0), (array([[8., 5.],
       [3., 2.],
       [1., 6.],
       [1., 9.]]), array([1, 2, 2, 2]), 14733.0), (array([[8., 5.],
       [3., 2.],
       [1., 6.],
       [1., 9.]]), array([1, 2, 2, 2]), 14733.0), (array([[11.,  9.],
       [ 4.,  8.],
       [12.,  2.],
       [ 6.,  1.]]), array([2, 1, 2, 2]), 14747.0), (array([[ 6,  2],
       [ 1,  8],
       [ 5, 10],
       [14,  3]]), array([0, 2, 1, 3]), 14750.0), (array([[ 4,  7],
       [ 6,  3],
       [ 0,  5],
       [11,  4]]), array([1, 0, 1, 3]), 15115.0), (array([[11,  7],
       [12,  3],
       [ 5,  8],
       [ 6,  0]]), array([3, 2, 2, 2]), 15126.0), (array([[14, 10],
       [ 8,  6],
       [ 6,  1],
       [ 3,  1]]), array([0, 0, 2, 3]), 15128.0), (array([[10,  8],
       [ 3,  8],
       [ 2,  5],
       [ 6,  0]]), array([1, 1, 3, 2]), 15450.0), (array([[ 1,  7],
       [ 2,  3],
       [ 5,  2],
       [13,  5]]), array([2, 3, 2, 0]), 15456.0), (array([[14.,  3.],
       [14.,  7.],
       [10.,  7.],
       [ 6.,  4.]]), array([0, 3, 3, 0]), 15600.0)]
Generation 13 population configuration: 
[(array([[ 8,  2],
       [ 3,  3],
       [10,  7],
       [ 4,  8]]), array([2, 3, 0, 1]), 14124.0), (array([[14,  7],
       [ 8,  9],
       [ 7,  8],
       [ 1, 10]]), array([0, 1, 3, 1]), 14275.0), (array([[14.,  7.],
       [ 8.,  9.],
       [ 7.,  8.],
       [ 1., 10.]]), array([0, 1, 3, 1]), 14275.0), (array([[14.,  7.],
       [ 8.,  9.],
       [ 7.,  8.],
       [ 1., 10.]]), array([0, 1, 3, 1]), 14275.0), (array([[14.,  7.],
       [ 8.,  9.],
       [ 7.,  8.],
       [ 1., 10.]]), array([0, 1, 3, 1]), 14275.0), (array([[14.,  7.],
       [ 8.,  9.],
       [ 7.,  8.],
       [ 1., 10.]]), array([0, 1, 3, 1]), 14275.0), (array([[14.,  7.],
       [ 8.,  9.],
       [ 7.,  8.],
       [ 1., 10.]]), array([0, 1, 3, 1]), 14275.0), (array([[14.,  7.],
       [ 8.,  9.],
       [ 7.,  8.],
       [ 1., 10.]]), array([0, 1, 3, 1]), 14275.0), (array([[14.,  7.],
       [ 8.,  9.],
       [ 7.,  8.],
       [ 2., 10.]]), array([0, 1, 3, 1]), 14275.0), (array([[11.,  9.],
       [ 4.,  8.],
       [12.,  2.],
       [ 6.,  1.]]), array([2, 1, 2, 2]), 14747.0), (array([[11.,  9.],
       [ 4.,  8.],
       [12.,  2.],
       [ 6.,  1.]]), array([2, 1, 2, 2]), 14747.0), (array([[ 6.,  2.],
       [ 1.,  8.],
       [ 5., 10.],
       [14.,  3.]]), array([0, 2, 1, 3]), 14750.0), (array([[14.,  3.],
       [14.,  7.],
       [10.,  8.],
       [ 1., 10.]]), array([0, 3, 3, 1]), 15126.0), (array([[13,  6],
       [12,  3],
       [ 2, 10],
       [ 0,  4]]), array([1, 3, 1, 1]), 15126.0), (array([[14., 10.],
       [ 8.,  6.],
       [ 6.,  1.],
       [ 3.,  1.]]), array([0, 0, 2, 3]), 15128.0), (array([[11,  7],
       [ 6,  8],
       [ 5,  6],
       [ 4,  1]]), array([0, 2, 1, 3]), 15128.0), (array([[14.,  7.],
       [ 8.,  9.],
       [ 7.,  1.],
       [ 3.,  1.]]), array([0, 1, 2, 3]), 15138.0), (array([[11,  9],
       [ 6,  8],
       [ 9,  3],
       [ 4,  5]]), array([2, 2, 1, 2]), 15443.0), (array([[ 5,  6],
       [ 1,  5],
       [ 8, 10],
       [ 5,  0]]), array([1, 1, 1, 2]), 15447.0), (array([[ 2,  1],
       [ 6,  7],
       [12,  5],
       [13,  2]]), array([2, 1, 3, 0]), 15451.0)]
Generation 14 population configuration: 
[(array([[ 8,  2],
       [ 3,  3],
       [10,  7],
       [ 4,  8]]), array([2, 3, 0, 1]), 14124.0), (array([[ 8.,  2.],
       [ 3.,  3.],
       [10.,  7.],
       [ 4.,  8.]]), array([2, 3, 0, 1]), 14124.0), (array([[14.,  7.],
       [ 8.,  9.],
       [ 7.,  8.],
       [ 2.,  9.]]), array([0, 1, 3, 1]), 14274.0), (array([[14,  7],
       [ 8,  9],
       [ 7,  8],
       [ 1, 10]]), array([0, 1, 3, 1]), 14275.0), (array([[14.,  7.],
       [ 8.,  9.],
       [ 7.,  8.],
       [ 1., 10.]]), array([0, 1, 3, 1]), 14275.0), (array([[14.,  7.],
       [ 8.,  9.],
       [ 7.,  8.],
       [ 1., 10.]]), array([0, 1, 3, 1]), 14275.0), (array([[14.,  7.],
       [ 8.,  9.],
       [ 7.,  8.],
       [ 1., 10.]]), array([0, 1, 3, 1]), 14275.0), (array([[14.,  7.],
       [ 8.,  9.],
       [ 7.,  8.],
       [ 1., 10.]]), array([0, 1, 3, 1]), 14275.0), (array([[14.,  7.],
       [ 8.,  9.],
       [ 7.,  8.],
       [ 1., 10.]]), array([0, 1, 3, 1]), 14275.0), (array([[14.,  7.],
       [ 8.,  9.],
       [ 7.,  8.],
       [ 1., 10.]]), array([0, 1, 3, 1]), 14275.0), (array([[14.,  7.],
       [ 8.,  9.],
       [ 7.,  8.],
       [ 1., 10.]]), array([0, 1, 3, 1]), 14275.0), (array([[11.,  9.],
       [ 4.,  8.],
       [12.,  2.],
       [ 6.,  1.]]), array([2, 1, 2, 2]), 14747.0), (array([[11.,  9.],
       [ 4.,  8.],
       [12.,  2.],
       [ 6.,  1.]]), array([2, 1, 2, 2]), 14747.0), (array([[ 5.,  6.],
       [ 1.,  5.],
       [10.,  8.],
       [ 1., 10.]]), array([1, 1, 3, 1]), 14892.0), (array([[ 2,  4],
       [ 7,  7],
       [ 3, 11],
       [12,  6]]), array([3, 1, 0, 1]), 15120.0), (array([[10, 10],
       [ 5,  7],
       [ 9,  3],
       [ 4,  1]]), array([0, 0, 1, 2]), 15129.0), (array([[ 5,  7],
       [ 3,  9],
       [ 4,  3],
       [14,  3]]), array([0, 2, 0, 0]), 15133.0), (array([[11,  6],
       [ 5,  2],
       [ 5, 11],
       [ 3,  4]]), array([1, 0, 0, 2]), 15134.0), (array([[ 1,  2],
       [ 4,  5],
       [ 6,  2],
       [11,  9]]), array([2, 2, 2, 1]), 15137.0), (array([[12,  0],
       [10,  3],
       [ 8,  7],
       [ 1,  5]]), array([2, 2, 2, 1]), 15605.0)]
Generation 15 population configuration: 
[(array([[ 8,  2],
       [ 3,  3],
       [10,  7],
       [ 4,  8]]), array([2, 3, 0, 1]), 14124.0), (array([[ 8.,  2.],
       [ 3.,  3.],
       [10.,  7.],
       [ 4.,  8.]]), array([2, 3, 0, 1]), 14124.0), (array([[14.,  7.],
       [ 8.,  9.],
       [ 7.,  8.],
       [ 2.,  9.]]), array([0, 1, 3, 1]), 14274.0), (array([[14,  7],
       [ 8,  9],
       [ 7,  8],
       [ 1, 10]]), array([0, 1, 3, 1]), 14275.0), (array([[14.,  7.],
       [ 8.,  9.],
       [ 7.,  8.],
       [ 1., 10.]]), array([0, 1, 3, 1]), 14275.0), (array([[14.,  7.],
       [ 8.,  9.],
       [ 7.,  8.],
       [ 1., 10.]]), array([0, 1, 3, 1]), 14275.0), (array([[14.,  7.],
       [ 8.,  9.],
       [ 7.,  8.],
       [ 1., 10.]]), array([0, 1, 3, 1]), 14275.0), (array([[14.,  7.],
       [ 8.,  9.],
       [ 7.,  8.],
       [ 1., 10.]]), array([0, 1, 3, 1]), 14275.0), (array([[14.,  7.],
       [ 8.,  9.],
       [ 7.,  8.],
       [ 1., 10.]]), array([0, 1, 3, 1]), 14275.0), (array([[14.,  7.],
       [ 8.,  9.],
       [ 7.,  8.],
       [ 1., 10.]]), array([0, 1, 3, 1]), 14275.0), (array([[14.,  7.],
       [ 8.,  9.],
       [ 7.,  8.],
       [ 1., 10.]]), array([0, 1, 3, 1]), 14275.0), (array([[12,  4],
       [ 7,  2],
       [ 3,  8],
       [ 1,  4]]), array([2, 0, 2, 2]), 14745.0), (array([[11.,  9.],
       [ 4.,  8.],
       [12.,  2.],
       [ 6.,  1.]]), array([2, 1, 2, 2]), 14747.0), (array([[ 8.,  2.],
       [ 3.,  3.],
       [10.,  8.],
       [ 1., 10.]]), array([2, 3, 3, 1]), 14893.0), (array([[ 8,  7],
       [12,  5],
       [ 6,  3],
       [12, 10]]), array([2, 1, 1, 1]), 15118.0), (array([[11,  3],
       [ 8,  7],
       [ 4,  4],
       [ 3,  9]]), array([0, 2, 1, 0]), 15126.0), (array([[11, 10],
       [ 9,  3],
       [13,  2],
       [ 3,  8]]), array([0, 3, 0, 1]), 15134.0), (array([[14.,  6.],
       [ 8.,  9.],
       [ 7.,  8.],
       [ 1., 10.]]), array([0, 1, 3, 1]), 15144.0), (array([[12,  1],
       [12,  5],
       [12,  8],
       [ 4,  1]]), array([3, 2, 2, 3]), 15446.0), (array([[ 5,  6],
       [ 4,  9],
       [ 9,  3],
       [14,  8]]), array([1, 2, 2, 3]), 15594.0)]
Generation 16 population configuration: 
[(array([[ 3,  2],
       [ 6,  8],
       [ 1,  9],
       [12,  7]]), array([2, 1, 2, 0]), 14121.0), (array([[ 8,  2],
       [ 3,  3],
       [10,  7],
       [ 4,  8]]), array([2, 3, 0, 1]), 14124.0), (array([[ 8.,  2.],
       [ 3.,  3.],
       [10.,  7.],
       [ 4.,  8.]]), array([2, 3, 0, 1]), 14124.0), (array([[14.,  7.],
       [ 8.,  9.],
       [ 7.,  8.],
       [ 2.,  9.]]), array([0, 1, 3, 1]), 14274.0), (array([[14.,  7.],
       [ 8.,  9.],
       [ 7.,  8.],
       [ 2.,  9.]]), array([0, 1, 3, 1]), 14274.0), (array([[14,  7],
       [ 8,  9],
       [ 7,  8],
       [ 1, 10]]), array([0, 1, 3, 1]), 14275.0), (array([[14.,  7.],
       [ 8.,  9.],
       [ 7.,  8.],
       [ 1., 10.]]), array([0, 1, 3, 1]), 14275.0), (array([[14.,  7.],
       [ 8.,  9.],
       [ 7.,  8.],
       [ 1., 10.]]), array([0, 1, 3, 1]), 14275.0), (array([[14.,  7.],
       [ 8.,  9.],
       [ 7.,  8.],
       [ 1., 10.]]), array([0, 1, 3, 1]), 14275.0), (array([[14.,  7.],
       [ 8.,  9.],
       [ 7.,  8.],
       [ 1., 10.]]), array([0, 1, 3, 1]), 14275.0), (array([[14.,  7.],
       [ 8.,  9.],
       [ 7.,  8.],
       [ 1., 10.]]), array([0, 1, 3, 1]), 14275.0), (array([[14.,  7.],
       [ 8.,  9.],
       [ 7.,  8.],
       [ 1., 10.]]), array([0, 1, 3, 1]), 14275.0), (array([[11,  7],
       [ 9,  3],
       [14,  3],
       [ 1,  6]]), array([3, 1, 3, 1]), 14742.0), (array([[ 7,  7],
       [12,  5],
       [ 1,  8],
       [12,  3]]), array([1, 2, 1, 0]), 14896.0), (array([[ 3,  7],
       [ 8,  4],
       [11,  8],
       [15,  1]]), array([1, 1, 2, 3]), 15118.0), (array([[14.,  6.],
       [ 8.,  9.],
       [ 7.,  8.],
       [ 1., 10.]]), array([0, 1, 3, 1]), 15144.0), (array([[14.,  6.],
       [ 8.,  9.],
       [ 7.,  8.],
       [ 1., 10.]]), array([0, 1, 3, 1]), 15144.0), (array([[ 6,  7],
       [ 4,  5],
       [ 8,  9],
       [13,  3]]), array([1, 0, 2, 1]), 15442.0), (array([[ 6,  4],
       [ 3,  7],
       [ 6, 10],
       [12,  4]]), array([0, 0, 1, 1]), 15444.0), (array([[ 5.,  7.],
       [ 4.,  9.],
       [ 9.,  3.],
       [14.,  8.]]), array([1, 2, 2, 3]), 15594.0)]
Generation 17 population configuration: 
[(array([[ 3,  2],
       [ 6,  8],
       [ 1,  9],
       [12,  7]]), array([2, 1, 2, 0]), 14121.0), (array([[ 8,  2],
       [ 3,  3],
       [10,  7],
       [ 4,  8]]), array([2, 3, 0, 1]), 14124.0), (array([[ 8.,  2.],
       [ 3.,  3.],
       [10.,  7.],
       [ 4.,  8.]]), array([2, 3, 0, 1]), 14124.0), (array([[ 8.,  2.],
       [ 3.,  3.],
       [10.,  7.],
       [ 4.,  8.]]), array([2, 3, 0, 1]), 14124.0), (array([[14.,  7.],
       [ 8.,  9.],
       [ 7.,  8.],
       [ 2.,  9.]]), array([0, 1, 3, 1]), 14274.0), (array([[14.,  7.],
       [ 8.,  9.],
       [ 7.,  8.],
       [ 2.,  9.]]), array([0, 1, 3, 1]), 14274.0), (array([[14.,  7.],
       [ 8.,  9.],
       [ 7.,  8.],
       [ 2.,  9.]]), array([0, 1, 3, 1]), 14274.0), (array([[14.,  7.],
       [ 8.,  9.],
       [ 7.,  8.],
       [ 2.,  9.]]), array([0, 1, 3, 1]), 14274.0), (array([[14,  7],
       [ 8,  9],
       [ 7,  8],
       [ 1, 10]]), array([0, 1, 3, 1]), 14275.0), (array([[14.,  7.],
       [ 8.,  9.],
       [ 7.,  8.],
       [ 1., 10.]]), array([0, 1, 3, 1]), 14275.0), (array([[11.,  7.],
       [ 9.,  3.],
       [14.,  3.],
       [ 1.,  6.]]), array([3, 1, 3, 1]), 14742.0), (array([[ 9,  1],
       [ 3,  4],
       [ 8,  8],
       [10,  8]]), array([3, 2, 3, 2]), 14743.0), (array([[ 5,  8],
       [ 8,  5],
       [12,  9],
       [ 9,  2]]), array([0, 0, 2, 0]), 14902.0), (array([[ 8,  3],
       [12,  5],
       [10,  9],
       [ 3,  7]]), array([1, 1, 2, 0]), 15119.0), (array([[ 3,  9],
       [ 7,  9],
       [10,  5],
       [11,  2]]), array([0, 1, 0, 0]), 15121.0), (array([[ 2,  9],
       [ 4,  4],
       [11,  7],
       [10,  2]]), array([1, 0, 0, 2]), 15128.0), (array([[14.,  6.],
       [ 8.,  9.],
       [ 7.,  8.],
       [ 1., 10.]]), array([0, 1, 3, 1]), 15144.0), (array([[ 3.,  2.],
       [ 3.,  7.],
       [ 6., 10.],
       [12.,  4.]]), array([2, 0, 1, 1]), 15437.0), (array([[ 6.,  4.],
       [ 3.,  7.],
       [ 6., 10.],
       [12.,  4.]]), array([0, 0, 1, 1]), 15444.0), (array([[14,  2],
       [ 4,  1],
       [ 4,  8],
       [ 3,  7]]), array([3, 2, 1, 3]), 15601.0)]
Generation 18 population configuration: 
[(array([[8., 2.],
       [3., 3.],
       [7., 8.],
       [2., 9.]]), array([2, 1, 3, 1]), 13922.0), (array([[8., 2.],
       [3., 3.],
       [7., 8.],
       [2., 9.]]), array([2, 1, 3, 1]), 13922.0), (array([[ 3,  2],
       [ 6,  8],
       [ 1,  9],
       [12,  7]]), array([2, 1, 2, 0]), 14121.0), (array([[ 8,  2],
       [ 3,  3],
       [10,  7],
       [ 4,  8]]), array([2, 3, 0, 1]), 14124.0), (array([[ 8.,  2.],
       [ 3.,  3.],
       [10.,  7.],
       [ 4.,  8.]]), array([2, 3, 0, 1]), 14124.0), (array([[ 8.,  2.],
       [ 3.,  3.],
       [10.,  7.],
       [ 4.,  8.]]), array([2, 3, 0, 1]), 14124.0), (array([[14.,  7.],
       [ 8.,  9.],
       [ 7.,  8.],
       [ 2.,  9.]]), array([0, 1, 3, 1]), 14274.0), (array([[14.,  7.],
       [ 8.,  9.],
       [ 7.,  8.],
       [ 2.,  9.]]), array([0, 1, 3, 1]), 14274.0), (array([[14.,  7.],
       [ 8.,  9.],
       [ 7.,  8.],
       [ 1., 10.]]), array([0, 1, 3, 1]), 14275.0), (array([[11.,  7.],
       [ 9.,  3.],
       [14.,  3.],
       [ 1.,  6.]]), array([3, 1, 3, 1]), 14742.0), (array([[11.,  7.],
       [ 9.,  3.],
       [14.,  3.],
       [ 1.,  6.]]), array([3, 1, 3, 1]), 14742.0), (array([[ 2.,  9.],
       [ 4.,  4.],
       [11.,  7.],
       [10.,  2.]]), array([1, 0, 0, 2]), 15128.0), (array([[11,  1],
       [ 4,  3],
       [ 2,  5],
       [14, 11]]), array([2, 1, 2, 0]), 15139.0), (array([[14.,  6.],
       [ 8.,  9.],
       [ 7.,  8.],
       [ 1., 10.]]), array([0, 1, 3, 1]), 15144.0), (array([[11,  3],
       [ 9,  9],
       [ 4,  9],
       [ 1,  1]]), array([1, 2, 1, 2]), 15437.0), (array([[12,  7],
       [ 7,  7],
       [ 7,  1],
       [ 2,  2]]), array([1, 2, 2, 2]), 15452.0), (array([[15,  1],
       [ 8,  1],
       [ 7, 10],
       [ 4,  8]]), array([3, 2, 1, 3]), 15472.0), (array([[15,  6],
       [ 8,  3],
       [ 5,  5],
       [ 4,  7]]), array([3, 2, 0, 2]), 15599.0), (array([[ 0,  4],
       [ 8,  8],
       [11,  1],
       [15,  6]]), array([1, 2, 2, 3]), 15600.0), (array([[14.,  2.],
       [ 4.,  1.],
       [ 4.,  8.],
       [ 3.,  7.]]), array([3, 2, 1, 3]), 15601.0)]
Generation 19 population configuration: 
[(array([[8., 2.],
       [3., 3.],
       [7., 8.],
       [2., 9.]]), array([2, 1, 3, 1]), 13922.0), (array([[8., 2.],
       [3., 3.],
       [7., 8.],
       [2., 9.]]), array([2, 1, 3, 1]), 13922.0), (array([[8., 2.],
       [3., 3.],
       [7., 8.],
       [2., 9.]]), array([2, 1, 3, 1]), 13922.0), (array([[ 3,  2],
       [ 6,  8],
       [ 1,  9],
       [12,  7]]), array([2, 1, 2, 0]), 14121.0), (array([[ 8,  2],
       [ 3,  3],
       [10,  7],
       [ 4,  8]]), array([2, 3, 0, 1]), 14124.0), (array([[ 8.,  2.],
       [ 3.,  3.],
       [10.,  7.],
       [ 4.,  8.]]), array([2, 3, 0, 1]), 14124.0), (array([[ 8.,  2.],
       [ 3.,  3.],
       [10.,  7.],
       [ 4.,  8.]]), array([2, 3, 0, 1]), 14124.0), (array([[ 8.,  2.],
       [ 3.,  3.],
       [10.,  7.],
       [ 4.,  8.]]), array([2, 3, 0, 1]), 14124.0), (array([[14.,  7.],
       [ 8.,  9.],
       [ 7.,  8.],
       [ 2.,  9.]]), array([0, 1, 3, 1]), 14274.0), (array([[14.,  7.],
       [ 8.,  9.],
       [ 7.,  8.],
       [ 2.,  9.]]), array([0, 1, 3, 1]), 14274.0), (array([[11.,  7.],
       [ 9.,  3.],
       [14.,  3.],
       [ 1.,  6.]]), array([3, 1, 3, 1]), 14742.0), (array([[ 0.,  4.],
       [ 8.,  8.],
       [11.,  1.],
       [15.,  6.]]), array([1, 2, 3, 3]), 14743.0), (array([[11,  1],
       [10,  7],
       [ 4,  1],
       [ 6,  9]]), array([2, 2, 2, 0]), 14746.0), (array([[9, 2],
       [9, 6],
       [6, 9],
       [4, 8]]), array([3, 2, 2, 3]), 14747.0), (array([[ 9,  9],
       [13,  6],
       [ 6,  4],
       [ 2,  7]]), array([2, 1, 1, 1]), 15127.0), (array([[ 1,  7],
       [ 3,  4],
       [ 8,  3],
       [10,  9]]), array([2, 0, 0, 1]), 15131.0), (array([[12,  7],
       [12,  2],
       [ 3,  5],
       [ 2,  3]]), array([3, 0, 1, 3]), 15131.0), (array([[ 9, 10],
       [13,  4],
       [ 3,  6],
       [ 2,  8]]), array([0, 3, 1, 2]), 15445.0), (array([[12.,  7.],
       [ 7.,  7.],
       [ 7.,  1.],
       [ 2.,  2.]]), array([1, 2, 2, 2]), 15452.0), (array([[ 8.,  2.],
       [ 3.,  3.],
       [ 7.,  8.],
       [ 1., 10.]]), array([2, 1, 3, 1]), 15597.0)]
Generation 20 population configuration: 
[(array([[8., 2.],
       [3., 3.],
       [7., 8.],
       [2., 9.]]), array([2, 1, 3, 1]), 13922.0), (array([[8., 2.],
       [3., 3.],
       [7., 8.],
       [2., 9.]]), array([2, 1, 3, 1]), 13922.0), (array([[8., 2.],
       [3., 3.],
       [7., 8.],
       [2., 9.]]), array([2, 1, 3, 1]), 13922.0), (array([[8., 2.],
       [3., 3.],
       [7., 8.],
       [2., 9.]]), array([2, 1, 3, 1]), 13922.0), (array([[ 3,  2],
       [ 6,  8],
       [ 1,  9],
       [12,  7]]), array([2, 1, 2, 0]), 14121.0), (array([[ 3.,  2.],
       [ 6.,  8.],
       [ 1.,  9.],
       [12.,  7.]]), array([2, 1, 2, 0]), 14121.0), (array([[ 8.,  2.],
       [ 3.,  3.],
       [10.,  8.],
       [ 4.,  8.]]), array([2, 3, 0, 1]), 14121.0), (array([[ 8,  2],
       [ 3,  3],
       [10,  7],
       [ 4,  8]]), array([2, 3, 0, 1]), 14124.0), (array([[ 8.,  2.],
       [ 3.,  3.],
       [10.,  7.],
       [ 4.,  8.]]), array([2, 3, 0, 1]), 14124.0), (array([[ 8.,  2.],
       [ 3.,  3.],
       [10.,  7.],
       [ 4.,  8.]]), array([2, 3, 0, 1]), 14124.0), (array([[ 8.,  2.],
       [ 3.,  3.],
       [10.,  7.],
       [ 4.,  8.]]), array([2, 3, 0, 1]), 14124.0), (array([[ 8.,  2.],
       [ 3.,  3.],
       [10.,  7.],
       [ 4.,  8.]]), array([2, 3, 0, 1]), 14124.0), (array([[14.,  7.],
       [ 8.,  9.],
       [ 7.,  8.],
       [ 2.,  9.]]), array([0, 1, 3, 1]), 14274.0), (array([[11.,  1.],
       [10.,  7.],
       [ 4.,  1.],
       [ 6.,  9.]]), array([2, 2, 2, 0]), 14746.0), (array([[ 3,  9],
       [ 4,  5],
       [ 8,  1],
       [15,  5]]), array([2, 0, 3, 3]), 14746.0), (array([[ 7,  3],
       [12,  2],
       [ 7,  9],
       [ 0, 10]]), array([2, 2, 2, 1]), 14753.0), (array([[11,  3],
       [12,  5],
       [ 7,  9],
       [ 4,  5]]), array([1, 2, 1, 1]), 14896.0), (array([[10, 11],
       [10,  4],
       [ 6,  3],
       [ 1,  7]]), array([0, 1, 0, 1]), 15128.0), (array([[ 5,  8],
       [ 3,  7],
       [11,  8],
       [11,  3]]), array([1, 3, 2, 3]), 15132.0), (array([[ 7,  1],
       [ 3,  8],
       [ 9,  9],
       [15,  5]]), array([3, 1, 1, 3]), 15445.0)]
Generation 21 population configuration: 
[(array([[8., 2.],
       [3., 3.],
       [7., 8.],
       [2., 9.]]), array([2, 1, 3, 1]), 13922.0), (array([[8., 2.],
       [3., 3.],
       [7., 8.],
       [2., 9.]]), array([2, 1, 3, 1]), 13922.0), (array([[8., 2.],
       [3., 3.],
       [7., 8.],
       [2., 9.]]), array([2, 1, 3, 1]), 13922.0), (array([[8., 2.],
       [3., 3.],
       [7., 8.],
       [2., 9.]]), array([2, 1, 3, 1]), 13922.0), (array([[8., 2.],
       [3., 3.],
       [7., 8.],
       [2., 9.]]), array([2, 1, 3, 1]), 13922.0), (array([[ 3,  2],
       [ 6,  8],
       [ 1,  9],
       [12,  7]]), array([2, 1, 2, 0]), 14121.0), (array([[ 3.,  2.],
       [ 6.,  8.],
       [ 1.,  9.],
       [12.,  7.]]), array([2, 1, 2, 0]), 14121.0), (array([[ 3.,  2.],
       [ 6.,  8.],
       [ 1.,  9.],
       [12.,  7.]]), array([2, 1, 2, 0]), 14121.0), (array([[ 8.,  2.],
       [ 3.,  3.],
       [10.,  7.],
       [ 4.,  8.]]), array([2, 3, 0, 1]), 14124.0), (array([[ 8.,  2.],
       [ 3.,  3.],
       [10.,  7.],
       [ 4.,  8.]]), array([2, 3, 0, 1]), 14124.0), (array([[ 8.,  2.],
       [ 3.,  3.],
       [10.,  7.],
       [ 4.,  8.]]), array([2, 3, 0, 3]), 14620.0), (array([[11.,  1.],
       [10.,  7.],
       [ 4.,  1.],
       [ 6.,  9.]]), array([2, 2, 2, 0]), 14746.0), (array([[ 7.,  3.],
       [12.,  2.],
       [ 7.,  9.],
       [ 0., 10.]]), array([2, 2, 2, 1]), 14753.0), (array([[ 5, 10],
       [ 9,  9],
       [ 9,  3],
       [ 4,  2]]), array([0, 2, 1, 2]), 14899.0), (array([[ 5,  9],
       [ 6,  3],
       [12, 10],
       [ 1,  3]]), array([2, 1, 0, 1]), 15118.0), (array([[ 0,  9],
       [ 0,  3],
       [ 8,  2],
       [10,  4]]), array([1, 1, 0, 1]), 15123.0), (array([[ 6,  6],
       [10,  2],
       [ 3,  1],
       [13, 10]]), array([0, 3, 2, 0]), 15445.0), (array([[12,  5],
       [ 9,  1],
       [ 2,  3],
       [ 0,  9]]), array([2, 3, 1, 1]), 15595.0), (array([[ 5,  6],
       [ 0,  5],
       [ 1, 10],
       [14,  5]]), array([2, 1, 1, 3]), 15595.0), (array([[ 8.,  2.],
       [ 3.,  3.],
       [ 7.,  8.],
       [12.,  7.]]), array([2, 1, 3, 0]), 16302.0)]
Generation 22 population configuration: 
[(array([[8., 2.],
       [3., 3.],
       [7., 8.],
       [2., 9.]]), array([2, 1, 3, 1]), 13922.0), (array([[8., 2.],
       [3., 3.],
       [7., 8.],
       [2., 9.]]), array([2, 1, 3, 1]), 13922.0), (array([[8., 2.],
       [3., 3.],
       [7., 8.],
       [2., 9.]]), array([2, 1, 3, 1]), 13922.0), (array([[8., 2.],
       [3., 3.],
       [7., 8.],
       [2., 9.]]), array([2, 1, 3, 1]), 13922.0), (array([[8., 2.],
       [3., 3.],
       [7., 8.],
       [2., 9.]]), array([2, 1, 3, 1]), 13922.0), (array([[8., 2.],
       [3., 3.],
       [7., 8.],
       [2., 9.]]), array([2, 1, 3, 1]), 13922.0), (array([[8., 2.],
       [3., 3.],
       [7., 8.],
       [2., 9.]]), array([2, 1, 3, 1]), 13922.0), (array([[ 3,  2],
       [ 6,  8],
       [ 1,  9],
       [12,  7]]), array([2, 1, 2, 0]), 14121.0), (array([[ 3.,  2.],
       [ 6.,  8.],
       [ 1.,  9.],
       [12.,  7.]]), array([2, 1, 2, 0]), 14121.0), (array([[ 8.,  2.],
       [ 3.,  3.],
       [10.,  7.],
       [ 4.,  8.]]), array([2, 3, 0, 1]), 14124.0), (array([[11,  6],
       [ 8,  6],
       [ 4,  9],
       [ 1,  5]]), array([1, 1, 1, 1]), 14269.0), (array([[ 5.,  9.],
       [ 6.,  3.],
       [12., 10.],
       [ 1.,  3.]]), array([2, 1, 0, 1]), 15118.0), (array([[ 3, 10],
       [ 7,  3],
       [ 3,  1],
       [13, 10]]), array([0, 1, 2, 0]), 15120.0), (array([[ 0.,  9.],
       [ 0.,  3.],
       [ 8.,  2.],
       [10.,  4.]]), array([1, 1, 0, 1]), 15123.0), (array([[ 0.,  9.],
       [ 0.,  3.],
       [ 8.,  2.],
       [10.,  4.]]), array([1, 1, 0, 1]), 15123.0), (array([[10,  3],
       [11,  9],
       [ 4,  4],
       [ 2,  6]]), array([2, 0, 1, 2]), 15130.0), (array([[ 3, 10],
       [ 1,  2],
       [ 8,  2],
       [12,  7]]), array([0, 2, 2, 1]), 15132.0), (array([[12,  9],
       [13,  7],
       [ 5, 10],
       [ 2,  5]]), array([2, 1, 1, 3]), 15446.0), (array([[12.,  5.],
       [ 9.,  1.],
       [ 2.,  3.],
       [ 0.,  9.]]), array([2, 3, 1, 1]), 15595.0), (array([[13,  5],
       [ 9,  9],
       [ 4,  4],
       [ 0,  8]]), array([3, 0, 2, 1]), 18304.0)]
Generation 23 population configuration: 
[(array([[8., 2.],
       [3., 3.],
       [7., 8.],
       [2., 9.]]), array([2, 1, 3, 1]), 13922.0), (array([[8., 2.],
       [3., 3.],
       [7., 8.],
       [2., 9.]]), array([2, 1, 3, 1]), 13922.0), (array([[8., 2.],
       [3., 3.],
       [7., 8.],
       [2., 9.]]), array([2, 1, 3, 1]), 13922.0), (array([[8., 2.],
       [3., 3.],
       [7., 8.],
       [2., 9.]]), array([2, 1, 3, 1]), 13922.0), (array([[8., 2.],
       [3., 3.],
       [7., 8.],
       [2., 9.]]), array([2, 1, 3, 1]), 13922.0), (array([[8., 2.],
       [3., 3.],
       [7., 8.],
       [2., 9.]]), array([2, 1, 3, 1]), 13922.0), (array([[8., 2.],
       [3., 3.],
       [7., 8.],
       [2., 9.]]), array([2, 1, 3, 1]), 13922.0), (array([[8., 2.],
       [3., 3.],
       [7., 8.],
       [2., 9.]]), array([2, 1, 3, 1]), 13922.0), (array([[8., 2.],
       [3., 3.],
       [7., 8.],
       [2., 9.]]), array([2, 1, 3, 1]), 13922.0), (array([[8., 2.],
       [3., 3.],
       [7., 8.],
       [2., 9.]]), array([2, 1, 3, 1]), 13922.0), (array([[ 3.,  2.],
       [ 6.,  8.],
       [ 1.,  9.],
       [12.,  7.]]), array([2, 1, 2, 0]), 14121.0), (array([[ 3.,  2.],
       [ 6.,  8.],
       [ 1.,  9.],
       [12.,  7.]]), array([2, 1, 2, 0]), 14121.0), (array([[11.,  6.],
       [ 8.,  6.],
       [ 4.,  9.],
       [ 1.,  5.]]), array([1, 1, 1, 1]), 14269.0), (array([[ 5.,  9.],
       [ 6.,  3.],
       [12., 10.],
       [ 1.,  3.]]), array([2, 1, 0, 1]), 15118.0), (array([[12,  3],
       [10,  5],
       [ 7,  2],
       [ 7,  6]]), array([1, 0, 0, 2]), 15121.0), (array([[12,  1],
       [10,  1],
       [ 9,  9],
       [ 6,  9]]), array([2, 3, 1, 0]), 15126.0), (array([[10, 10],
       [ 6,  7],
       [ 7,  2],
       [ 3,  1]]), array([1, 3, 0, 3]), 15136.0), (array([[ 4,  7],
       [10,  3],
       [11,  5],
       [12, 10]]), array([3, 3, 1, 0]), 15142.0), (array([[12,  3],
       [ 8,  7],
       [ 4,  3],
       [ 3,  8]]), array([0, 1, 1, 1]), 15453.0), (array([[13,  8],
       [ 9,  8],
       [13,  3],
       [ 1,  6]]), array([1, 2, 0, 2]), 15604.0)]
Generation 24 population configuration: 
[(array([[8., 2.],
       [3., 3.],
       [7., 8.],
       [2., 9.]]), array([2, 1, 3, 1]), 13922.0), (array([[8., 2.],
       [3., 3.],
       [7., 8.],
       [2., 9.]]), array([2, 1, 3, 1]), 13922.0), (array([[8., 2.],
       [3., 3.],
       [7., 8.],
       [2., 9.]]), array([2, 1, 3, 1]), 13922.0), (array([[8., 2.],
       [3., 3.],
       [7., 8.],
       [2., 9.]]), array([2, 1, 3, 1]), 13922.0), (array([[8., 2.],
       [3., 3.],
       [7., 8.],
       [2., 9.]]), array([2, 1, 3, 1]), 13922.0), (array([[8., 2.],
       [3., 3.],
       [7., 8.],
       [2., 9.]]), array([2, 1, 3, 1]), 13922.0), (array([[8., 2.],
       [3., 3.],
       [7., 8.],
       [2., 9.]]), array([2, 1, 3, 1]), 13922.0), (array([[8., 2.],
       [3., 3.],
       [7., 8.],
       [2., 9.]]), array([2, 1, 3, 1]), 13922.0), (array([[8., 2.],
       [3., 3.],
       [7., 8.],
       [2., 9.]]), array([2, 1, 3, 1]), 13922.0), (array([[8., 2.],
       [3., 3.],
       [7., 8.],
       [2., 9.]]), array([2, 1, 3, 1]), 13922.0), (array([[8., 2.],
       [3., 3.],
       [7., 8.],
       [2., 9.]]), array([2, 1, 3, 1]), 13922.0), (array([[ 5.,  9.],
       [ 6.,  3.],
       [12., 10.],
       [ 1.,  3.]]), array([2, 1, 0, 1]), 15118.0), (array([[ 5.,  9.],
       [ 6.,  3.],
       [12., 10.],
       [ 1.,  3.]]), array([2, 1, 0, 1]), 15118.0), (array([[ 4,  6],
       [ 1,  2],
       [10,  6],
       [10,  1]]), array([3, 2, 2, 3]), 15118.0), (array([[ 6,  7],
       [11,  7],
       [11,  3],
       [ 4,  0]]), array([2, 1, 0, 2]), 15125.0), (array([[12.,  1.],
       [10.,  1.],
       [ 9.,  9.],
       [ 6.,  9.]]), array([2, 3, 1, 0]), 15126.0), (array([[ 2,  6],
       [ 6,  4],
       [ 2,  1],
       [10,  8]]), array([2, 1, 2, 1]), 15130.0), (array([[ 8,  6],
       [10,  6],
       [ 5,  2],
       [ 0,  7]]), array([3, 2, 3, 1]), 15438.0), (array([[ 7,  5],
       [12,  6],
       [12,  3],
       [ 4, 10]]), array([2, 2, 1, 0]), 15444.0), (array([[ 3, 10],
       [ 7,  6],
       [ 1,  3],
       [12,  2]]), array([1, 2, 2, 2]), 15600.0)]
Generation 25 population configuration: 
[(array([[8., 2.],
       [3., 3.],
       [7., 8.],
       [2., 9.]]), array([2, 1, 3, 1]), 13922.0), (array([[8., 2.],
       [3., 3.],
       [7., 8.],
       [2., 9.]]), array([2, 1, 3, 1]), 13922.0), (array([[8., 2.],
       [3., 3.],
       [7., 8.],
       [2., 9.]]), array([2, 1, 3, 1]), 13922.0), (array([[8., 2.],
       [3., 3.],
       [7., 8.],
       [2., 9.]]), array([2, 1, 3, 1]), 13922.0), (array([[8., 2.],
       [3., 3.],
       [7., 8.],
       [2., 9.]]), array([2, 1, 3, 1]), 13922.0), (array([[8., 2.],
       [3., 3.],
       [7., 8.],
       [2., 9.]]), array([2, 1, 3, 1]), 13922.0), (array([[8., 2.],
       [3., 3.],
       [7., 8.],
       [2., 9.]]), array([2, 1, 3, 1]), 13922.0), (array([[8., 2.],
       [3., 3.],
       [7., 8.],
       [2., 9.]]), array([2, 1, 3, 1]), 13922.0), (array([[8., 1.],
       [3., 3.],
       [7., 8.],
       [2., 9.]]), array([2, 1, 3, 1]), 13922.0), (array([[8., 2.],
       [3., 3.],
       [7., 8.],
       [2., 9.]]), array([2, 1, 3, 1]), 13922.0), (array([[8., 2.],
       [3., 3.],
       [7., 8.],
       [2., 9.]]), array([2, 1, 3, 1]), 13922.0), (array([[8., 2.],
       [3., 3.],
       [7., 8.],
       [2., 9.]]), array([2, 1, 3, 1]), 13922.0), (array([[ 8,  4],
       [ 9,  3],
       [ 6,  8],
       [15,  6]]), array([3, 1, 2, 3]), 14748.0), (array([[12.,  1.],
       [10.,  1.],
       [ 8.,  9.],
       [ 6.,  9.]]), array([2, 3, 1, 0]), 15124.0), (array([[ 5,  4],
       [ 5,  0],
       [ 9,  8],
       [ 1, 10]]), array([2, 2, 1, 1]), 15128.0), (array([[ 2.,  6.],
       [ 6.,  4.],
       [ 2.,  1.],
       [10.,  8.]]), array([2, 1, 2, 1]), 15130.0), (array([[13, 10],
       [ 9,  8],
       [10,  5],
       [ 2,  5]]), array([1, 3, 1, 2]), 15136.0), (array([[ 1,  6],
       [ 1,  1],
       [ 8,  7],
       [10, 11]]), array([2, 2, 1, 0]), 15139.0), (array([[ 4,  1],
       [ 4,  7],
       [12,  3],
       [11, 10]]), array([2, 3, 1, 0]), 15436.0), (array([[ 0,  7],
       [ 3,  3],
       [10,  5],
       [12,  9]]), array([1, 1, 1, 2]), 15451.0)]
