Original population print time: 
[14275.0, 14733.0, 14736.0, 14742.0, 14744.0, 14746.0, 14900.0, 14905.0, 15115.0, 15120.0, 15122.0, 15129.0, 15131.0, 15135.0, 15140.0, 15140.0, 15141.0, 15142.0, 15440.0, 15451.0]
Generation 1 population print time: 
[14275.0, 14733.0, 14736.0, 14736.0, 14739.0, 14742.0, 14742.0, 14742.0, 14744.0, 14744.0, 14746.0, 14746.0, 15115.0, 15125.0, 15130.0, 15137.0, 15142.0, 15443.0, 15452.0, 15453.0]
Generation 2 population print time: 
[14275.0, 14275.0, 14733.0, 14736.0, 14736.0, 14739.0, 14739.0, 14742.0, 14742.0, 14742.0, 14742.0, 14744.0, 14744.0, 15127.0, 15130.0, 15142.0, 15146.0, 15443.0, 15453.0, 15593.0]
Generation 3 population print time: 
[14275.0, 14275.0, 14733.0, 14733.0, 14736.0, 14736.0, 14736.0, 14739.0, 14739.0, 14739.0, 14743.0, 14751.0, 14893.0, 15127.0, 15129.0, 15441.0, 15591.0, 15593.0, 15593.0, 15598.0]
Generation 4 population print time: 
[14275.0, 14275.0, 14733.0, 14733.0, 14736.0, 14736.0, 14736.0, 14736.0, 14736.0, 14739.0, 14739.0, 14744.0, 14746.0, 14894.0, 14896.0, 15129.0, 15129.0, 15129.0, 15435.0, 15439.0]
Generation 5 population print time: 
[14275.0, 14275.0, 14733.0, 14733.0, 14733.0, 14736.0, 14736.0, 14745.0, 14746.0, 14746.0, 14746.0, 14896.0, 15123.0, 15129.0, 15129.0, 15129.0, 15132.0, 15136.0, 15438.0, 15441.0]
Generation 6 population print time: 
[14275.0, 14275.0, 14733.0, 14733.0, 14733.0, 14733.0, 14736.0, 14736.0, 14736.0, 14745.0, 14896.0, 14896.0, 15132.0, 15136.0, 15141.0, 15448.0, 15455.0, 15588.0, 15593.0, 15693.0]
Generation 7 population print time: 
[14275.0, 14275.0, 14733.0, 14733.0, 14733.0, 14733.0, 14733.0, 14736.0, 14736.0, 14745.0, 14745.0, 14896.0, 14902.0, 15128.0, 15130.0, 15136.0, 15448.0, 15450.0, 15455.0, 15594.0]
Generation 8 population print time: 
[14275.0, 14275.0, 14733.0, 14733.0, 14733.0, 14733.0, 14733.0, 14733.0, 14733.0, 14733.0, 14736.0, 14745.0, 15114.0, 15129.0, 15129.0, 15132.0, 15137.0, 15455.0, 15455.0, 15603.0]
Generation 9 population print time: 
[14275.0, 14275.0, 14733.0, 14733.0, 14733.0, 14733.0, 14733.0, 14733.0, 14733.0, 14733.0, 14733.0, 14733.0, 14733.0, 14736.0, 14895.0, 15138.0, 15436.0, 15439.0, 15442.0, 15445.0]
Generation 10 population print time: 
[14275.0, 14275.0, 14275.0, 14275.0, 14733.0, 14733.0, 14733.0, 14733.0, 14733.0, 14733.0, 14733.0, 14733.0, 15121.0, 15127.0, 15132.0, 15133.0, 15147.0, 15328.0, 15436.0, 15598.0]
Generation 11 population print time: 
[14275.0, 14275.0, 14275.0, 14275.0, 14275.0, 14275.0, 14275.0, 14733.0, 14733.0, 14733.0, 14733.0, 14733.0, 14742.0, 14745.0, 14747.0, 15121.0, 15451.0, 15598.0, 15600.0, 15691.0]
Generation 12 population print time: 
[14275.0, 14275.0, 14275.0, 14275.0, 14275.0, 14275.0, 14275.0, 14275.0, 14275.0, 14733.0, 14733.0, 14733.0, 14747.0, 14750.0, 15115.0, 15126.0, 15128.0, 15450.0, 15456.0, 15600.0]
Generation 13 population print time: 
[14124.0, 14275.0, 14275.0, 14275.0, 14275.0, 14275.0, 14275.0, 14275.0, 14275.0, 14747.0, 14747.0, 14750.0, 15126.0, 15126.0, 15128.0, 15128.0, 15138.0, 15443.0, 15447.0, 15451.0]
Generation 14 population print time: 
[14124.0, 14124.0, 14274.0, 14275.0, 14275.0, 14275.0, 14275.0, 14275.0, 14275.0, 14275.0, 14275.0, 14747.0, 14747.0, 14892.0, 15120.0, 15129.0, 15133.0, 15134.0, 15137.0, 15605.0]
Generation 15 population print time: 
[14124.0, 14124.0, 14274.0, 14275.0, 14275.0, 14275.0, 14275.0, 14275.0, 14275.0, 14275.0, 14275.0, 14745.0, 14747.0, 14893.0, 15118.0, 15126.0, 15134.0, 15144.0, 15446.0, 15594.0]
Generation 16 population print time: 
[14121.0, 14124.0, 14124.0, 14274.0, 14274.0, 14275.0, 14275.0, 14275.0, 14275.0, 14275.0, 14275.0, 14275.0, 14742.0, 14896.0, 15118.0, 15144.0, 15144.0, 15442.0, 15444.0, 15594.0]
Generation 17 population print time: 
[14121.0, 14124.0, 14124.0, 14124.0, 14274.0, 14274.0, 14274.0, 14274.0, 14275.0, 14275.0, 14742.0, 14743.0, 14902.0, 15119.0, 15121.0, 15128.0, 15144.0, 15437.0, 15444.0, 15601.0]
Generation 18 population print time: 
[13922.0, 13922.0, 14121.0, 14124.0, 14124.0, 14124.0, 14274.0, 14274.0, 14275.0, 14742.0, 14742.0, 15128.0, 15139.0, 15144.0, 15437.0, 15452.0, 15472.0, 15599.0, 15600.0, 15601.0]
Generation 19 population print time: 
[13922.0, 13922.0, 13922.0, 14121.0, 14124.0, 14124.0, 14124.0, 14124.0, 14274.0, 14274.0, 14742.0, 14743.0, 14746.0, 14747.0, 15127.0, 15131.0, 15131.0, 15445.0, 15452.0, 15597.0]
Generation 20 population print time: 
[13922.0, 13922.0, 13922.0, 13922.0, 14121.0, 14121.0, 14121.0, 14124.0, 14124.0, 14124.0, 14124.0, 14124.0, 14274.0, 14746.0, 14746.0, 14753.0, 14896.0, 15128.0, 15132.0, 15445.0]
Generation 21 population print time: 
[13922.0, 13922.0, 13922.0, 13922.0, 13922.0, 14121.0, 14121.0, 14121.0, 14124.0, 14124.0, 14620.0, 14746.0, 14753.0, 14899.0, 15118.0, 15123.0, 15445.0, 15595.0, 15595.0, 16302.0]
Generation 22 population print time: 
[13922.0, 13922.0, 13922.0, 13922.0, 13922.0, 13922.0, 13922.0, 14121.0, 14121.0, 14124.0, 14269.0, 15118.0, 15120.0, 15123.0, 15123.0, 15130.0, 15132.0, 15446.0, 15595.0, 18304.0]
Generation 23 population print time: 
[13922.0, 13922.0, 13922.0, 13922.0, 13922.0, 13922.0, 13922.0, 13922.0, 13922.0, 13922.0, 14121.0, 14121.0, 14269.0, 15118.0, 15121.0, 15126.0, 15136.0, 15142.0, 15453.0, 15604.0]
Generation 24 population print time: 
[13922.0, 13922.0, 13922.0, 13922.0, 13922.0, 13922.0, 13922.0, 13922.0, 13922.0, 13922.0, 13922.0, 15118.0, 15118.0, 15118.0, 15125.0, 15126.0, 15130.0, 15438.0, 15444.0, 15600.0]
Generation 25 population print time: 
[13922.0, 13922.0, 13922.0, 13922.0, 13922.0, 13922.0, 13922.0, 13922.0, 13922.0, 13922.0, 13922.0, 13922.0, 14748.0, 15124.0, 15128.0, 15130.0, 15136.0, 15139.0, 15436.0, 15451.0]
