Original population configuration: 
[(array([[ 3,  4],
       [11,  7],
       [ 4,  0],
       [ 8,  7]]), array([2, 2, 2, 2]), 26781.0), (array([[ 7,  5],
       [ 4,  7],
       [ 2,  1],
       [12,  9]]), array([1, 2, 2, 2]), 30188.0), (array([[ 3,  9],
       [12,  0],
       [ 8,  3],
       [ 3,  1]]), array([1, 2, 0, 1]), 30189.0), (array([[ 5,  9],
       [12,  4],
       [ 4,  4],
       [ 3,  7]]), array([1, 0, 1, 2]), 30648.0), (array([[11,  3],
       [ 2,  9],
       [ 1,  4],
       [ 7,  9]]), array([2, 1, 1, 1]), 32004.0), (array([[ 4,  6],
       [11,  3],
       [ 1,  1],
       [ 2,  6]]), array([1, 2, 2, 3]), 32292.0), (array([[13,  7],
       [ 6,  5],
       [ 2,  9],
       [ 6,  6]]), array([0, 0, 0, 2]), 32540.0), (array([[11,  6],
       [ 8,  0],
       [ 0,  9],
       [ 4,  9]]), array([2, 2, 1, 1]), 33508.0), (array([[12,  6],
       [ 1,  7],
       [13,  5],
       [ 9,  3]]), array([2, 2, 0, 3]), 33512.0), (array([[ 5,  3],
       [ 5,  7],
       [11,  8],
       [ 7,  7]]), array([1, 3, 1, 2]), 33548.0), (array([[10,  9],
       [ 1,  5],
       [ 7,  2],
       [ 0, 10]]), array([0, 1, 1, 1]), 33842.0), (array([[10, 10],
       [ 2,  7],
       [ 3,  5],
       [14,  3]]), array([1, 2, 1, 2]), 33987.0), (array([[ 9,  8],
       [ 2,  7],
       [ 2,  5],
       [13,  2]]), array([1, 2, 0, 1]), 33990.0), (array([[ 8,  6],
       [ 7,  4],
       [ 4, 10],
       [15,  4]]), array([2, 1, 0, 3]), 34059.0), (array([[ 8, 10],
       [ 4,  3],
       [12,  5],
       [ 2,  8]]), array([1, 1, 1, 1]), 34158.0), (array([[ 1,  9],
       [ 8,  4],
       [ 7, 10],
       [ 5,  4]]), array([1, 1, 1, 1]), 34221.0), (array([[14,  8],
       [ 5,  5],
       [ 9,  5],
       [ 2,  7]]), array([3, 0, 0, 1]), 34258.0), (array([[12,  1],
       [ 1,  6],
       [ 4,  5],
       [ 8,  9]]), array([2, 2, 0, 1]), 34272.0), (array([[ 6, 10],
       [ 1,  6],
       [ 6,  3],
       [ 4,  1]]), array([1, 2, 2, 1]), 34489.0), (array([[ 5,  9],
       [ 9,  1],
       [ 4,  2],
       [12,  7]]), array([1, 2, 2, 2]), 34986.0)]
Generation 1 population configuration: 
[(array([[ 3,  4],
       [11,  7],
       [ 4,  0],
       [ 8,  7]]), array([2, 2, 2, 2]), 26781.0), (array([[ 3.,  4.],
       [11.,  7.],
       [ 4.,  0.],
       [ 8.,  7.]]), array([2, 2, 2, 2]), 26781.0), (array([[ 3.,  4.],
       [12.,  7.],
       [ 4.,  0.],
       [ 8.,  7.]]), array([2, 2, 2, 2]), 26782.0), (array([[ 7,  5],
       [ 4,  7],
       [ 2,  1],
       [12,  9]]), array([1, 2, 2, 2]), 30188.0), (array([[ 3.,  9.],
       [12.,  0.],
       [ 8.,  3.],
       [ 3.,  1.]]), array([1, 2, 0, 1]), 30189.0), (array([[ 8,  8],
       [ 9,  9],
       [14,  2],
       [ 5,  1]]), array([3, 1, 3, 1]), 30194.0), (array([[ 5.,  9.],
       [13.,  4.],
       [ 4.,  4.],
       [ 3.,  7.]]), array([1, 0, 1, 2]), 30648.0), (array([[ 5.,  9.],
       [12.,  4.],
       [ 4.,  4.],
       [ 3.,  7.]]), array([1, 0, 0, 2]), 31249.0), (array([[11.,  3.],
       [ 2.,  9.],
       [ 1.,  4.],
       [ 7.,  9.]]), array([2, 1, 1, 1]), 32004.0), (array([[ 4.,  6.],
       [11.,  3.],
       [ 1.,  1.],
       [ 2.,  6.]]), array([1, 2, 2, 3]), 32292.0), (array([[ 9,  6],
       [11,  9],
       [13,  5],
       [ 2,  6]]), array([0, 1, 0, 0]), 32416.0), (array([[ 5.,  3.],
       [ 5.,  7.],
       [11.,  8.],
       [ 7.,  7.]]), array([1, 3, 1, 2]), 33548.0), (array([[ 6,  7],
       [10, 10],
       [12,  5],
       [ 9,  0]]), array([0, 1, 1, 2]), 33556.0), (array([[10,  4],
       [ 1,  3],
       [ 5,  5],
       [ 4,  1]]), array([1, 2, 1, 1]), 33848.0), (array([[13,  5],
       [ 5,  5],
       [11,  2],
       [ 7, 10]]), array([3, 0, 1, 1]), 33850.0), (array([[ 9.,  8.],
       [ 2.,  7.],
       [ 2.,  5.],
       [13.,  2.]]), array([1, 2, 0, 1]), 33990.0), (array([[12.,  1.],
       [ 1.,  6.],
       [ 4.,  5.],
       [ 7.,  9.]]), array([2, 2, 0, 1]), 34272.0), (array([[ 5,  5],
       [ 9,  9],
       [ 6,  6],
       [11,  1]]), array([0, 1, 2, 2]), 34856.0), (array([[5, 4],
       [9, 4],
       [8, 6],
       [3, 8]]), array([3, 0, 2, 2]), 35905.0), (array([[ 4,  6],
       [12,  2],
       [ 8,  4],
       [10,  1]]), array([0, 2, 2, 3]), 35912.0)]
Generation 2 population configuration: 
[(array([[12,  6],
       [ 6,  7],
       [ 9,  7],
       [13, 11]]), array([0, 3, 2, 0]), 21502.0), (array([[ 3.,  4.],
       [12.,  7.],
       [ 4.,  0.],
       [ 8.,  6.]]), array([2, 2, 2, 2]), 26780.0), (array([[ 3,  4],
       [11,  7],
       [ 4,  0],
       [ 8,  7]]), array([2, 2, 2, 2]), 26781.0), (array([[ 3.,  4.],
       [11.,  7.],
       [ 4.,  0.],
       [ 8.,  7.]]), array([2, 2, 2, 2]), 26781.0), (array([[ 3.,  4.],
       [11.,  7.],
       [ 4.,  0.],
       [ 8.,  7.]]), array([2, 2, 2, 2]), 26781.0), (array([[ 3.,  4.],
       [12.,  7.],
       [ 4.,  0.],
       [ 8.,  7.]]), array([2, 2, 2, 2]), 26782.0), (array([[ 3.,  4.],
       [12.,  7.],
       [ 3.,  0.],
       [ 8.,  7.]]), array([2, 2, 2, 2]), 26782.0), (array([[ 3.,  4.],
       [12.,  7.],
       [ 4.,  0.],
       [ 8.,  7.]]), array([2, 2, 2, 2]), 26782.0), (array([[ 3.,  4.],
       [11.,  7.],
       [ 4.,  0.],
       [ 8.,  8.]]), array([2, 2, 2, 2]), 26783.0), (array([[ 7,  5],
       [ 4,  7],
       [ 2,  1],
       [12,  9]]), array([1, 2, 2, 2]), 30188.0), (array([[ 3.,  9.],
       [12.,  0.],
       [ 8.,  3.],
       [ 3.,  1.]]), array([1, 2, 0, 1]), 30189.0), (array([[ 3.,  9.],
       [12.,  0.],
       [ 8.,  3.],
       [ 3.,  1.]]), array([1, 2, 0, 1]), 30189.0), (array([[ 2,  6],
       [14,  9],
       [ 5,  2],
       [ 7,  6]]), array([2, 0, 1, 1]), 30189.0), (array([[ 8,  8],
       [ 9,  9],
       [14,  2],
       [ 5,  1]]), array([3, 1, 3, 1]), 30194.0), (array([[ 5.,  9.],
       [13.,  4.],
       [ 4.,  4.],
       [ 3.,  7.]]), array([1, 0, 1, 2]), 30648.0), (array([[11,  6],
       [13,  5],
       [ 6,  5],
       [ 4,  6]]), array([2, 0, 1, 2]), 30654.0), (array([[ 1, 10],
       [14,  4],
       [ 5,  2],
       [12,  8]]), array([1, 0, 3, 2]), 30771.0), (array([[ 5.,  9.],
       [12.,  4.],
       [ 4.,  4.],
       [ 3.,  7.]]), array([1, 0, 0, 2]), 31249.0), (array([[ 5.,  9.],
       [12.,  4.],
       [ 4.,  4.],
       [ 3.,  7.]]), array([1, 0, 0, 2]), 31249.0), (array([[ 5.,  9.],
       [12.,  4.],
       [ 4.,  4.],
       [ 3.,  7.]]), array([1, 0, 0, 2]), 31249.0), (array([[ 8,  5],
       [ 3,  8],
       [ 4,  3],
       [10,  8]]), array([1, 1, 0, 1]), 31252.0), (array([[11.,  3.],
       [ 2.,  9.],
       [ 1.,  4.],
       [ 7.,  9.]]), array([2, 1, 1, 1]), 32004.0), (array([[ 4.,  6.],
       [11.,  3.],
       [ 1.,  1.],
       [ 2.,  6.]]), array([1, 2, 2, 3]), 32292.0), (array([[ 9,  6],
       [11,  9],
       [13,  5],
       [ 2,  6]]), array([0, 1, 0, 0]), 32416.0), (array([[ 3.,  4.],
       [11.,  7.],
       [ 4.,  0.],
       [ 8.,  7.]]), array([2, 1, 2, 2]), 32842.0), (array([[ 5.,  3.],
       [ 5.,  7.],
       [11.,  8.],
       [ 7.,  7.]]), array([1, 3, 1, 2]), 33548.0), (array([[ 6,  7],
       [10, 10],
       [12,  5],
       [ 9,  0]]), array([0, 1, 1, 2]), 33556.0), (array([[10,  4],
       [ 1,  3],
       [ 5,  5],
       [ 4,  1]]), array([1, 2, 1, 1]), 33848.0), (array([[13,  5],
       [ 5,  5],
       [11,  2],
       [ 7, 10]]), array([3, 0, 1, 1]), 33850.0), (array([[13.,  5.],
       [ 6.,  5.],
       [11.,  2.],
       [ 7., 10.]]), array([3, 0, 1, 1]), 33850.0), (array([[ 9.,  8.],
       [ 2.,  7.],
       [ 2.,  5.],
       [13.,  2.]]), array([1, 2, 0, 1]), 33990.0), (array([[12,  1],
       [ 1,  3],
       [13,  8],
       [ 1,  8]]), array([3, 2, 0, 2]), 34060.0), (array([[11,  7],
       [ 4,  3],
       [ 2,  8],
       [ 8,  2]]), array([3, 3, 2, 1]), 34151.0), (array([[ 3, 10],
       [ 4,  3],
       [10,  4],
       [13,  7]]), array([0, 1, 1, 2]), 34210.0), (array([[12.,  1.],
       [ 1.,  6.],
       [ 4.,  5.],
       [ 7.,  9.]]), array([2, 2, 0, 1]), 34272.0), (array([[ 5,  5],
       [ 9,  9],
       [ 6,  6],
       [11,  1]]), array([0, 1, 2, 2]), 34856.0), (array([[5, 4],
       [9, 4],
       [8, 6],
       [3, 8]]), array([3, 0, 2, 2]), 35905.0), (array([[ 4,  6],
       [12,  2],
       [ 8,  4],
       [10,  1]]), array([0, 2, 2, 3]), 35912.0)]
Generation 3 population configuration: 
[(array([[12,  6],
       [ 6,  7],
       [ 9,  7],
       [13, 11]]), array([0, 3, 2, 0]), 21502.0), (array([[12.,  6.],
       [ 6.,  7.],
       [ 9.,  7.],
       [13., 11.]]), array([0, 3, 2, 0]), 21502.0), (array([[12.,  6.],
       [ 6.,  7.],
       [ 8.,  7.],
       [13., 11.]]), array([0, 3, 2, 0]), 21502.0), (array([[ 3.,  4.],
       [12.,  7.],
       [ 4.,  0.],
       [ 8.,  6.]]), array([2, 2, 2, 2]), 26780.0), (array([[ 3.,  4.],
       [12.,  7.],
       [ 4.,  0.],
       [ 8.,  6.]]), array([2, 2, 2, 2]), 26780.0), (array([[ 3,  4],
       [11,  7],
       [ 4,  0],
       [ 8,  7]]), array([2, 2, 2, 2]), 26781.0), (array([[ 3.,  4.],
       [11.,  7.],
       [ 4.,  0.],
       [ 8.,  7.]]), array([2, 2, 2, 2]), 26781.0), (array([[ 3.,  4.],
       [11.,  7.],
       [ 4.,  0.],
       [ 8.,  7.]]), array([2, 2, 2, 2]), 26781.0), (array([[ 3.,  4.],
       [11.,  7.],
       [ 4.,  0.],
       [ 8.,  7.]]), array([2, 2, 2, 2]), 26781.0), (array([[ 3.,  4.],
       [11.,  7.],
       [ 4.,  0.],
       [ 8.,  7.]]), array([2, 2, 2, 2]), 26781.0), (array([[ 3.,  4.],
       [11.,  7.],
       [ 4.,  0.],
       [ 8.,  7.]]), array([2, 2, 2, 2]), 26781.0), (array([[ 3.,  4.],
       [12.,  7.],
       [ 4.,  0.],
       [ 8.,  7.]]), array([2, 2, 2, 2]), 26782.0), (array([[ 3.,  4.],
       [12.,  7.],
       [ 3.,  0.],
       [ 8.,  7.]]), array([2, 2, 2, 2]), 26782.0), (array([[ 3.,  4.],
       [12.,  7.],
       [ 4.,  0.],
       [ 8.,  7.]]), array([2, 2, 2, 2]), 26782.0), (array([[ 3.,  4.],
       [12.,  7.],
       [ 4.,  0.],
       [ 8.,  7.]]), array([2, 2, 2, 2]), 26782.0), (array([[ 3.,  4.],
       [11.,  7.],
       [ 4.,  0.],
       [ 8.,  8.]]), array([2, 2, 2, 2]), 26783.0), (array([[ 3.,  4.],
       [11.,  7.],
       [ 4.,  0.],
       [ 8.,  8.]]), array([2, 2, 2, 2]), 26783.0), (array([[ 3.,  4.],
       [11.,  7.],
       [ 5.,  0.],
       [ 8.,  7.]]), array([2, 2, 2, 2]), 26783.0), (array([[ 7,  5],
       [ 4,  7],
       [ 2,  1],
       [12,  9]]), array([1, 2, 2, 2]), 30188.0), (array([[ 3.,  9.],
       [12.,  0.],
       [ 8.,  3.],
       [ 3.,  1.]]), array([1, 2, 0, 1]), 30189.0), (array([[ 3.,  9.],
       [12.,  0.],
       [ 8.,  3.],
       [ 3.,  1.]]), array([1, 2, 0, 1]), 30189.0), (array([[ 2,  6],
       [14,  9],
       [ 5,  2],
       [ 7,  6]]), array([2, 0, 1, 1]), 30189.0), (array([[ 8,  8],
       [ 9,  9],
       [14,  2],
       [ 5,  1]]), array([3, 1, 3, 1]), 30194.0), (array([[ 5.,  9.],
       [13.,  4.],
       [ 4.,  4.],
       [ 3.,  7.]]), array([1, 0, 1, 2]), 30648.0), (array([[ 5.,  9.],
       [13.,  4.],
       [ 4.,  4.],
       [ 3.,  7.]]), array([1, 0, 1, 2]), 30648.0), (array([[11,  6],
       [13,  5],
       [ 6,  5],
       [ 4,  6]]), array([2, 0, 1, 2]), 30654.0), (array([[ 1, 10],
       [14,  4],
       [ 5,  2],
       [12,  8]]), array([1, 0, 3, 2]), 30771.0), (array([[ 5.,  9.],
       [12.,  4.],
       [ 4.,  4.],
       [ 3.,  7.]]), array([1, 0, 0, 2]), 31249.0), (array([[ 5.,  9.],
       [12.,  4.],
       [ 4.,  4.],
       [ 3.,  7.]]), array([1, 0, 0, 2]), 31249.0), (array([[ 5.,  9.],
       [12.,  4.],
       [ 4.,  4.],
       [ 3.,  7.]]), array([1, 0, 0, 2]), 31249.0), (array([[ 8,  5],
       [ 3,  8],
       [ 4,  3],
       [10,  8]]), array([1, 1, 0, 1]), 31252.0), (array([[ 4,  0],
       [11,  3],
       [ 3, 10],
       [11,  9]]), array([2, 2, 1, 3]), 31383.0), (array([[11.,  3.],
       [ 2.,  9.],
       [ 1.,  4.],
       [ 7.,  9.]]), array([2, 1, 1, 1]), 32004.0), (array([[ 4.,  6.],
       [11.,  3.],
       [ 1.,  1.],
       [ 2.,  6.]]), array([1, 2, 2, 3]), 32292.0), (array([[11,  8],
       [ 6,  1],
       [ 3,  6],
       [11,  2]]), array([3, 2, 2, 1]), 32386.0), (array([[ 9,  6],
       [11,  9],
       [13,  5],
       [ 2,  6]]), array([0, 1, 0, 0]), 32416.0), (array([[ 0,  7],
       [11,  4],
       [12,  9],
       [ 6,  1]]), array([1, 1, 0, 1]), 32686.0), (array([[ 3.,  4.],
       [11.,  7.],
       [ 4.,  0.],
       [ 8.,  7.]]), array([2, 1, 2, 2]), 32842.0), (array([[14,  7],
       [ 4,  2],
       [ 5,  6],
       [13,  1]]), array([3, 3, 2, 2]), 33030.0), (array([[ 5.,  3.],
       [ 5.,  7.],
       [11.,  8.],
       [ 7.,  7.]]), array([1, 3, 1, 2]), 33548.0), (array([[ 6,  7],
       [10, 10],
       [12,  5],
       [ 9,  0]]), array([0, 1, 1, 2]), 33556.0), (array([[10,  4],
       [ 1,  3],
       [ 5,  5],
       [ 4,  1]]), array([1, 2, 1, 1]), 33848.0), (array([[13,  5],
       [ 5,  5],
       [11,  2],
       [ 7, 10]]), array([3, 0, 1, 1]), 33850.0), (array([[13.,  5.],
       [ 6.,  5.],
       [11.,  2.],
       [ 7., 10.]]), array([3, 0, 1, 1]), 33850.0), (array([[9, 8],
       [5, 7],
       [2, 1],
       [9, 0]]), array([1, 3, 2, 2]), 33983.0), (array([[ 9.,  8.],
       [ 2.,  7.],
       [ 2.,  5.],
       [13.,  2.]]), array([1, 2, 0, 1]), 33990.0), (array([[ 3,  9],
       [ 7,  2],
       [12,  8],
       [ 3,  3]]), array([0, 2, 2, 0]), 34058.0), (array([[12,  1],
       [ 1,  3],
       [13,  8],
       [ 1,  8]]), array([3, 2, 0, 2]), 34060.0), (array([[11,  7],
       [ 4,  3],
       [ 2,  8],
       [ 8,  2]]), array([3, 3, 2, 1]), 34151.0), (array([[ 3, 10],
       [ 4,  3],
       [10,  4],
       [13,  7]]), array([0, 1, 1, 2]), 34210.0), (array([[12,  2],
       [ 2,  7],
       [ 7,  6],
       [ 4,  2]]), array([2, 2, 2, 2]), 34265.0), (array([[12.,  1.],
       [ 1.,  6.],
       [ 4.,  5.],
       [ 7.,  9.]]), array([2, 2, 0, 1]), 34272.0), (array([[ 5,  5],
       [ 9,  9],
       [ 6,  6],
       [11,  1]]), array([0, 1, 2, 2]), 34856.0), (array([[ 6,  3],
       [12,  6],
       [ 4,  8],
       [13,  1]]), array([3, 2, 2, 2]), 34864.0), (array([[5, 4],
       [9, 4],
       [8, 6],
       [3, 8]]), array([3, 0, 2, 2]), 35905.0), (array([[ 4,  6],
       [12,  2],
       [ 8,  4],
       [10,  1]]), array([0, 2, 2, 3]), 35912.0)]
Generation 4 population configuration: 
[(array([[12,  6],
       [ 6,  7],
       [ 9,  7],
       [13, 11]]), array([0, 3, 2, 0]), 21502.0), (array([[12.,  6.],
       [ 6.,  7.],
       [ 9.,  7.],
       [13., 11.]]), array([0, 3, 2, 0]), 21502.0), (array([[12.,  6.],
       [ 6.,  7.],
       [ 8.,  7.],
       [13., 11.]]), array([0, 3, 2, 0]), 21502.0), (array([[12.,  6.],
       [ 6.,  7.],
       [ 8.,  7.],
       [13., 11.]]), array([0, 3, 2, 0]), 21502.0), (array([[12.,  6.],
       [ 6.,  7.],
       [ 8.,  7.],
       [13., 11.]]), array([0, 3, 2, 0]), 21502.0), (array([[12.,  6.],
       [ 6.,  7.],
       [ 9.,  7.],
       [13., 11.]]), array([0, 3, 2, 0]), 21502.0), (array([[12.,  6.],
       [ 6.,  7.],
       [ 9.,  7.],
       [13., 11.]]), array([0, 3, 2, 0]), 21502.0), (array([[12.,  6.],
       [ 7.,  7.],
       [ 9.,  7.],
       [13., 11.]]), array([0, 3, 2, 0]), 21502.0), (array([[12.,  6.],
       [ 7.,  7.],
       [ 9.,  7.],
       [13., 11.]]), array([0, 3, 2, 0]), 21502.0), (array([[12.,  6.],
       [ 6.,  7.],
       [ 9.,  7.],
       [13., 11.]]), array([0, 3, 2, 0]), 21502.0), (array([[12.,  6.],
       [ 6.,  7.],
       [ 9.,  7.],
       [13., 11.]]), array([0, 3, 2, 0]), 21502.0), (array([[12.,  5.],
       [ 6.,  7.],
       [ 9.,  7.],
       [13., 11.]]), array([0, 3, 2, 0]), 21503.0), (array([[ 3.,  4.],
       [12.,  7.],
       [ 4.,  0.],
       [ 8.,  6.]]), array([2, 2, 2, 2]), 26780.0), (array([[ 3.,  4.],
       [12.,  7.],
       [ 4.,  0.],
       [ 8.,  6.]]), array([2, 2, 2, 2]), 26780.0), (array([[ 3,  4],
       [11,  7],
       [ 4,  0],
       [ 8,  7]]), array([2, 2, 2, 2]), 26781.0), (array([[ 3.,  4.],
       [11.,  7.],
       [ 4.,  0.],
       [ 8.,  7.]]), array([2, 2, 2, 2]), 26781.0), (array([[ 3.,  4.],
       [11.,  7.],
       [ 4.,  0.],
       [ 8.,  7.]]), array([2, 2, 2, 2]), 26781.0), (array([[ 3.,  4.],
       [11.,  7.],
       [ 4.,  0.],
       [ 8.,  7.]]), array([2, 2, 2, 2]), 26781.0), (array([[ 3.,  4.],
       [11.,  7.],
       [ 4.,  0.],
       [ 8.,  7.]]), array([2, 2, 2, 2]), 26781.0), (array([[ 3.,  4.],
       [11.,  7.],
       [ 4.,  0.],
       [ 8.,  7.]]), array([2, 2, 2, 2]), 26781.0), (array([[ 3.,  4.],
       [11.,  7.],
       [ 4.,  0.],
       [ 8.,  7.]]), array([2, 2, 2, 2]), 26781.0), (array([[ 3.,  4.],
       [12.,  7.],
       [ 4.,  0.],
       [ 8.,  7.]]), array([2, 2, 2, 2]), 26782.0), (array([[ 3.,  4.],
       [12.,  7.],
       [ 3.,  0.],
       [ 8.,  7.]]), array([2, 2, 2, 2]), 26782.0), (array([[ 3.,  4.],
       [12.,  7.],
       [ 4.,  0.],
       [ 8.,  7.]]), array([2, 2, 2, 2]), 26782.0), (array([[ 3.,  4.],
       [12.,  7.],
       [ 4.,  0.],
       [ 8.,  7.]]), array([2, 2, 2, 2]), 26782.0), (array([[ 3.,  4.],
       [11.,  7.],
       [ 4.,  0.],
       [ 8.,  8.]]), array([2, 2, 2, 2]), 26783.0), (array([[ 3.,  4.],
       [11.,  7.],
       [ 4.,  0.],
       [ 8.,  8.]]), array([2, 2, 2, 2]), 26783.0), (array([[ 3.,  4.],
       [11.,  7.],
       [ 5.,  0.],
       [ 8.,  7.]]), array([2, 2, 2, 2]), 26783.0), (array([[ 7,  5],
       [ 4,  7],
       [ 2,  1],
       [12,  9]]), array([1, 2, 2, 2]), 30188.0), (array([[ 3.,  9.],
       [12.,  0.],
       [ 8.,  3.],
       [ 3.,  1.]]), array([1, 2, 0, 1]), 30189.0), (array([[ 3.,  9.],
       [12.,  0.],
       [ 8.,  3.],
       [ 3.,  1.]]), array([1, 2, 0, 1]), 30189.0), (array([[ 2,  6],
       [14,  9],
       [ 5,  2],
       [ 7,  6]]), array([2, 0, 1, 1]), 30189.0), (array([[ 8,  8],
       [ 9,  9],
       [14,  2],
       [ 5,  1]]), array([3, 1, 3, 1]), 30194.0), (array([[ 5.,  9.],
       [13.,  4.],
       [ 4.,  4.],
       [ 3.,  7.]]), array([1, 0, 1, 2]), 30648.0), (array([[ 5.,  9.],
       [13.,  4.],
       [ 4.,  4.],
       [ 3.,  7.]]), array([1, 0, 1, 2]), 30648.0), (array([[11,  6],
       [13,  5],
       [ 6,  5],
       [ 4,  6]]), array([2, 0, 1, 2]), 30654.0), (array([[ 3,  6],
       [ 8,  1],
       [ 7,  9],
       [14,  5]]), array([2, 2, 1, 2]), 30757.0), (array([[ 1, 10],
       [14,  4],
       [ 5,  2],
       [12,  8]]), array([1, 0, 3, 2]), 30771.0), (array([[ 5.,  9.],
       [12.,  4.],
       [ 4.,  4.],
       [ 3.,  7.]]), array([1, 0, 0, 2]), 31249.0), (array([[ 5.,  9.],
       [12.,  4.],
       [ 4.,  4.],
       [ 3.,  7.]]), array([1, 0, 0, 2]), 31249.0), (array([[ 5.,  9.],
       [12.,  4.],
       [ 4.,  4.],
       [ 3.,  7.]]), array([1, 0, 0, 2]), 31249.0), (array([[ 8,  5],
       [ 3,  8],
       [ 4,  3],
       [10,  8]]), array([1, 1, 0, 1]), 31252.0), (array([[ 8, 10],
       [ 9,  2],
       [ 7,  5],
       [ 6,  8]]), array([1, 2, 3, 2]), 31310.0), (array([[ 4,  0],
       [11,  3],
       [ 3, 10],
       [11,  9]]), array([2, 2, 1, 3]), 31383.0), (array([[11.,  3.],
       [ 2.,  9.],
       [ 1.,  4.],
       [ 7.,  9.]]), array([2, 1, 1, 1]), 32004.0), (array([[ 4.,  6.],
       [11.,  3.],
       [ 1.,  1.],
       [ 2.,  6.]]), array([1, 2, 2, 3]), 32292.0), (array([[ 6,  6],
       [ 7,  3],
       [ 4,  2],
       [10, 10]]), array([2, 1, 2, 1]), 32379.0), (array([[11,  8],
       [ 6,  1],
       [ 3,  6],
       [11,  2]]), array([3, 2, 2, 1]), 32386.0), (array([[ 9,  6],
       [11,  9],
       [13,  5],
       [ 2,  6]]), array([0, 1, 0, 0]), 32416.0), (array([[ 0,  7],
       [11,  4],
       [12,  9],
       [ 6,  1]]), array([1, 1, 0, 1]), 32686.0), (array([[ 3.,  4.],
       [11.,  7.],
       [ 4.,  0.],
       [ 8.,  7.]]), array([2, 1, 2, 2]), 32842.0), (array([[ 4,  5],
       [11,  3],
       [ 6,  4],
       [11,  9]]), array([2, 1, 0, 2]), 32848.0), (array([[14,  7],
       [ 4,  2],
       [ 5,  6],
       [13,  1]]), array([3, 3, 2, 2]), 33030.0), (array([[ 8, 10],
       [ 9,  4],
       [ 1,  8],
       [ 4,  3]]), array([1, 1, 1, 1]), 33498.0), (array([[ 5.,  3.],
       [ 5.,  7.],
       [11.,  8.],
       [ 7.,  7.]]), array([1, 3, 1, 2]), 33548.0), (array([[ 6,  7],
       [10, 10],
       [12,  5],
       [ 9,  0]]), array([0, 1, 1, 2]), 33556.0), (array([[10,  4],
       [ 1,  3],
       [ 5,  5],
       [ 4,  1]]), array([1, 2, 1, 1]), 33848.0), (array([[13,  5],
       [ 5,  5],
       [11,  2],
       [ 7, 10]]), array([3, 0, 1, 1]), 33850.0), (array([[13.,  5.],
       [ 6.,  5.],
       [11.,  2.],
       [ 7., 10.]]), array([3, 0, 1, 1]), 33850.0), (array([[9, 8],
       [5, 7],
       [2, 1],
       [9, 0]]), array([1, 3, 2, 2]), 33983.0), (array([[ 9.,  8.],
       [ 2.,  7.],
       [ 2.,  5.],
       [13.,  2.]]), array([1, 2, 0, 1]), 33990.0), (array([[ 3,  9],
       [ 7,  2],
       [12,  8],
       [ 3,  3]]), array([0, 2, 2, 0]), 34058.0), (array([[12,  1],
       [ 1,  3],
       [13,  8],
       [ 1,  8]]), array([3, 2, 0, 2]), 34060.0), (array([[11,  7],
       [ 4,  3],
       [ 2,  8],
       [ 8,  2]]), array([3, 3, 2, 1]), 34151.0), (array([[13,  6],
       [ 2,  2],
       [ 7,  8],
       [ 6,  2]]), array([3, 2, 3, 1]), 34204.0), (array([[10,  5],
       [ 1,  2],
       [ 8,  5],
       [ 2,  9]]), array([2, 2, 3, 2]), 34208.0), (array([[ 3, 10],
       [ 4,  3],
       [10,  4],
       [13,  7]]), array([0, 1, 1, 2]), 34210.0), (array([[12,  2],
       [ 2,  7],
       [ 7,  6],
       [ 4,  2]]), array([2, 2, 2, 2]), 34265.0), (array([[12.,  1.],
       [ 1.,  6.],
       [ 4.,  5.],
       [ 7.,  9.]]), array([2, 2, 0, 1]), 34272.0), (array([[ 5,  5],
       [ 9,  9],
       [ 6,  6],
       [11,  1]]), array([0, 1, 2, 2]), 34856.0), (array([[ 6,  3],
       [12,  6],
       [ 4,  8],
       [13,  1]]), array([3, 2, 2, 2]), 34864.0), (array([[ 3,  5],
       [10, 11],
       [10,  2],
       [12,  9]]), array([1, 0, 1, 1]), 35904.0), (array([[5, 4],
       [9, 4],
       [8, 6],
       [3, 8]]), array([3, 0, 2, 2]), 35905.0), (array([[ 4,  6],
       [12,  2],
       [ 8,  4],
       [10,  1]]), array([0, 2, 2, 3]), 35912.0)]
Generation 5 population configuration: 
[(array([[12,  6],
       [ 6,  7],
       [ 9,  7],
       [13, 11]]), array([0, 3, 2, 0]), 21502.0), (array([[12.,  6.],
       [ 6.,  7.],
       [ 9.,  7.],
       [13., 11.]]), array([0, 3, 2, 0]), 21502.0), (array([[12.,  6.],
       [ 6.,  7.],
       [ 8.,  7.],
       [13., 11.]]), array([0, 3, 2, 0]), 21502.0), (array([[12.,  6.],
       [ 6.,  7.],
       [ 8.,  7.],
       [13., 11.]]), array([0, 3, 2, 0]), 21502.0), (array([[12.,  6.],
       [ 6.,  7.],
       [ 8.,  7.],
       [13., 11.]]), array([0, 3, 2, 0]), 21502.0), (array([[12.,  6.],
       [ 6.,  7.],
       [ 9.,  7.],
       [13., 11.]]), array([0, 3, 2, 0]), 21502.0), (array([[12.,  6.],
       [ 6.,  7.],
       [ 9.,  7.],
       [13., 11.]]), array([0, 3, 2, 0]), 21502.0), (array([[12.,  6.],
       [ 7.,  7.],
       [ 9.,  7.],
       [13., 11.]]), array([0, 3, 2, 0]), 21502.0), (array([[12.,  6.],
       [ 7.,  7.],
       [ 9.,  7.],
       [13., 11.]]), array([0, 3, 2, 0]), 21502.0), (array([[12.,  6.],
       [ 6.,  7.],
       [ 9.,  7.],
       [13., 11.]]), array([0, 3, 2, 0]), 21502.0), (array([[12.,  6.],
       [ 6.,  7.],
       [ 9.,  7.],
       [13., 11.]]), array([0, 3, 2, 0]), 21502.0), (array([[12.,  6.],
       [ 6.,  6.],
       [ 9.,  7.],
       [13., 11.]]), array([0, 3, 2, 0]), 21502.0), (array([[12.,  6.],
       [ 6.,  7.],
       [ 9.,  7.],
       [13., 11.]]), array([0, 3, 2, 0]), 21502.0), (array([[12.,  6.],
       [ 7.,  7.],
       [ 9.,  7.],
       [13., 11.]]), array([0, 3, 2, 0]), 21502.0), (array([[12.,  6.],
       [ 6.,  7.],
       [ 8.,  7.],
       [13., 11.]]), array([0, 3, 2, 0]), 21502.0), (array([[12.,  6.],
       [ 6.,  6.],
       [ 8.,  7.],
       [13., 11.]]), array([0, 3, 2, 0]), 21502.0), (array([[12.,  6.],
       [ 7.,  7.],
       [ 9.,  7.],
       [13., 11.]]), array([0, 3, 2, 0]), 21502.0), (array([[12.,  6.],
       [ 6.,  7.],
       [ 9.,  7.],
       [13., 11.]]), array([0, 3, 2, 0]), 21502.0), (array([[12.,  6.],
       [ 5.,  7.],
       [ 9.,  7.],
       [13., 11.]]), array([0, 3, 2, 0]), 21502.0), (array([[12.,  6.],
       [ 6.,  7.],
       [ 9.,  7.],
       [13., 11.]]), array([0, 3, 2, 0]), 21502.0), (array([[12.,  6.],
       [ 6.,  7.],
       [ 9.,  7.],
       [13., 11.]]), array([0, 3, 2, 0]), 21502.0), (array([[12.,  5.],
       [ 6.,  7.],
       [ 9.,  7.],
       [13., 11.]]), array([0, 3, 2, 0]), 21503.0), (array([[ 3.,  4.],
       [12.,  7.],
       [ 4.,  0.],
       [ 8.,  6.]]), array([2, 2, 2, 2]), 26780.0), (array([[ 3.,  4.],
       [12.,  7.],
       [ 4.,  0.],
       [ 8.,  6.]]), array([2, 2, 2, 2]), 26780.0), (array([[ 3,  4],
       [11,  7],
       [ 4,  0],
       [ 8,  7]]), array([2, 2, 2, 2]), 26781.0), (array([[ 3.,  4.],
       [11.,  7.],
       [ 4.,  0.],
       [ 8.,  7.]]), array([2, 2, 2, 2]), 26781.0), (array([[ 3.,  4.],
       [11.,  7.],
       [ 4.,  0.],
       [ 8.,  7.]]), array([2, 2, 2, 2]), 26781.0), (array([[ 3.,  4.],
       [11.,  7.],
       [ 4.,  0.],
       [ 8.,  7.]]), array([2, 2, 2, 2]), 26781.0), (array([[ 3.,  4.],
       [11.,  7.],
       [ 4.,  0.],
       [ 8.,  7.]]), array([2, 2, 2, 2]), 26781.0), (array([[ 3.,  4.],
       [11.,  7.],
       [ 4.,  0.],
       [ 8.,  7.]]), array([2, 2, 2, 2]), 26781.0), (array([[ 3.,  4.],
       [11.,  7.],
       [ 4.,  0.],
       [ 8.,  7.]]), array([2, 2, 2, 2]), 26781.0), (array([[ 3.,  4.],
       [12.,  7.],
       [ 4.,  0.],
       [ 8.,  7.]]), array([2, 2, 2, 2]), 26782.0), (array([[ 3.,  4.],
       [12.,  7.],
       [ 3.,  0.],
       [ 8.,  7.]]), array([2, 2, 2, 2]), 26782.0), (array([[ 3.,  4.],
       [12.,  7.],
       [ 4.,  0.],
       [ 8.,  7.]]), array([2, 2, 2, 2]), 26782.0), (array([[ 3.,  4.],
       [12.,  7.],
       [ 4.,  0.],
       [ 8.,  7.]]), array([2, 2, 2, 2]), 26782.0), (array([[ 3.,  4.],
       [11.,  7.],
       [ 4.,  0.],
       [ 8.,  8.]]), array([2, 2, 2, 2]), 26783.0), (array([[ 3.,  4.],
       [11.,  7.],
       [ 4.,  0.],
       [ 8.,  8.]]), array([2, 2, 2, 2]), 26783.0), (array([[ 3.,  4.],
       [11.,  7.],
       [ 5.,  0.],
       [ 8.,  7.]]), array([2, 2, 2, 2]), 26783.0), (array([[8, 3],
       [8, 9],
       [2, 7],
       [3, 9]]), array([1, 0, 0, 2]), 30187.0), (array([[ 7,  5],
       [ 4,  7],
       [ 2,  1],
       [12,  9]]), array([1, 2, 2, 2]), 30188.0), (array([[ 3.,  9.],
       [12.,  0.],
       [ 8.,  3.],
       [ 3.,  1.]]), array([1, 2, 0, 1]), 30189.0), (array([[ 3.,  9.],
       [12.,  0.],
       [ 8.,  3.],
       [ 3.,  1.]]), array([1, 2, 0, 1]), 30189.0), (array([[ 2,  6],
       [14,  9],
       [ 5,  2],
       [ 7,  6]]), array([2, 0, 1, 1]), 30189.0), (array([[ 8,  8],
       [ 9,  9],
       [14,  2],
       [ 5,  1]]), array([3, 1, 3, 1]), 30194.0), (array([[ 5.,  9.],
       [13.,  4.],
       [ 4.,  4.],
       [ 3.,  7.]]), array([1, 0, 1, 2]), 30648.0), (array([[ 5.,  9.],
       [13.,  4.],
       [ 4.,  4.],
       [ 3.,  7.]]), array([1, 0, 1, 2]), 30648.0), (array([[11,  6],
       [13,  5],
       [ 6,  5],
       [ 4,  6]]), array([2, 0, 1, 2]), 30654.0), (array([[ 3,  6],
       [ 8,  1],
       [ 7,  9],
       [14,  5]]), array([2, 2, 1, 2]), 30757.0), (array([[ 1, 10],
       [14,  4],
       [ 5,  2],
       [12,  8]]), array([1, 0, 3, 2]), 30771.0), (array([[ 5.,  9.],
       [12.,  4.],
       [ 4.,  4.],
       [ 3.,  7.]]), array([1, 0, 0, 2]), 31249.0), (array([[ 5.,  9.],
       [12.,  4.],
       [ 4.,  4.],
       [ 3.,  7.]]), array([1, 0, 0, 2]), 31249.0), (array([[ 5.,  9.],
       [12.,  4.],
       [ 4.,  4.],
       [ 3.,  7.]]), array([1, 0, 0, 2]), 31249.0), (array([[ 8,  5],
       [ 3,  8],
       [ 4,  3],
       [10,  8]]), array([1, 1, 0, 1]), 31252.0), (array([[11,  6],
       [14,  1],
       [ 2,  9],
       [ 9,  3]]), array([2, 3, 1, 3]), 31259.0), (array([[ 8, 10],
       [ 9,  2],
       [ 7,  5],
       [ 6,  8]]), array([1, 2, 3, 2]), 31310.0), (array([[ 4,  0],
       [11,  3],
       [ 3, 10],
       [11,  9]]), array([2, 2, 1, 3]), 31383.0), (array([[ 5,  1],
       [14,  6],
       [ 5,  7],
       [ 1,  1]]), array([2, 0, 2, 2]), 31639.0), (array([[ 7,  5],
       [11,  4],
       [ 2,  8],
       [14,  8]]), array([2, 1, 2, 3]), 31750.0), (array([[11.,  3.],
       [ 2.,  9.],
       [ 1.,  4.],
       [ 7.,  9.]]), array([2, 1, 1, 1]), 32004.0), (array([[ 4.,  6.],
       [11.,  3.],
       [ 1.,  1.],
       [ 2.,  6.]]), array([1, 2, 2, 3]), 32292.0), (array([[ 6,  6],
       [ 7,  3],
       [ 4,  2],
       [10, 10]]), array([2, 1, 2, 1]), 32379.0), (array([[11,  8],
       [ 6,  1],
       [ 3,  6],
       [11,  2]]), array([3, 2, 2, 1]), 32386.0), (array([[ 9,  6],
       [11,  9],
       [13,  5],
       [ 2,  6]]), array([0, 1, 0, 0]), 32416.0), (array([[14,  5],
       [ 3,  4],
       [ 7,  9],
       [ 3,  6]]), array([3, 1, 0, 2]), 32534.0), (array([[ 0,  7],
       [11,  4],
       [12,  9],
       [ 6,  1]]), array([1, 1, 0, 1]), 32686.0), (array([[ 3.,  4.],
       [11.,  7.],
       [ 4.,  0.],
       [ 8.,  7.]]), array([2, 1, 2, 2]), 32842.0), (array([[ 4,  5],
       [11,  3],
       [ 6,  4],
       [11,  9]]), array([2, 1, 0, 2]), 32848.0), (array([[14,  7],
       [ 4,  2],
       [ 5,  6],
       [13,  1]]), array([3, 3, 2, 2]), 33030.0), (array([[ 8, 10],
       [ 9,  4],
       [ 1,  8],
       [ 4,  3]]), array([1, 1, 1, 1]), 33498.0), (array([[ 3,  3],
       [10,  1],
       [10, 10],
       [ 8,  7]]), array([2, 2, 1, 2]), 33531.0), (array([[ 5.,  3.],
       [ 5.,  7.],
       [11.,  8.],
       [ 7.,  7.]]), array([1, 3, 1, 2]), 33548.0), (array([[ 6,  7],
       [10, 10],
       [12,  5],
       [ 9,  0]]), array([0, 1, 1, 2]), 33556.0), (array([[10,  4],
       [ 1,  3],
       [ 5,  5],
       [ 4,  1]]), array([1, 2, 1, 1]), 33848.0), (array([[13,  5],
       [ 5,  5],
       [11,  2],
       [ 7, 10]]), array([3, 0, 1, 1]), 33850.0), (array([[13.,  5.],
       [ 6.,  5.],
       [11.,  2.],
       [ 7., 10.]]), array([3, 0, 1, 1]), 33850.0), (array([[9, 8],
       [5, 7],
       [2, 1],
       [9, 0]]), array([1, 3, 2, 2]), 33983.0), (array([[ 9.,  8.],
       [ 2.,  7.],
       [ 2.,  5.],
       [13.,  2.]]), array([1, 2, 0, 1]), 33990.0), (array([[12,  1],
       [ 3,  3],
       [ 6,  8],
       [ 1,  5]]), array([2, 1, 3, 0]), 34021.0), (array([[ 3,  9],
       [ 7,  2],
       [12,  8],
       [ 3,  3]]), array([0, 2, 2, 0]), 34058.0), (array([[12,  1],
       [ 1,  3],
       [13,  8],
       [ 1,  8]]), array([3, 2, 0, 2]), 34060.0), (array([[11,  7],
       [ 4,  3],
       [ 2,  8],
       [ 8,  2]]), array([3, 3, 2, 1]), 34151.0), (array([[13,  6],
       [ 2,  2],
       [ 7,  8],
       [ 6,  2]]), array([3, 2, 3, 1]), 34204.0), (array([[10,  5],
       [ 1,  2],
       [ 8,  5],
       [ 2,  9]]), array([2, 2, 3, 2]), 34208.0), (array([[ 3, 10],
       [ 4,  3],
       [10,  4],
       [13,  7]]), array([0, 1, 1, 2]), 34210.0), (array([[12,  2],
       [ 2,  7],
       [ 7,  6],
       [ 4,  2]]), array([2, 2, 2, 2]), 34265.0), (array([[12.,  1.],
       [ 1.,  6.],
       [ 4.,  5.],
       [ 7.,  9.]]), array([2, 2, 0, 1]), 34272.0), (array([[ 5,  5],
       [ 9,  9],
       [ 6,  6],
       [11,  1]]), array([0, 1, 2, 2]), 34856.0), (array([[ 6,  3],
       [12,  6],
       [ 4,  8],
       [13,  1]]), array([3, 2, 2, 2]), 34864.0), (array([[ 3,  5],
       [10, 11],
       [10,  2],
       [12,  9]]), array([1, 0, 1, 1]), 35904.0), (array([[5, 4],
       [9, 4],
       [8, 6],
       [3, 8]]), array([3, 0, 2, 2]), 35905.0), (array([[ 4,  6],
       [12,  2],
       [ 8,  4],
       [10,  1]]), array([0, 2, 2, 3]), 35912.0), (array([[ 0,  9],
       [11,  4],
       [12,  8],
       [ 6,  8]]), array([1, 1, 3, 1]), 35914.0)]
Converged in 6 generations!