Original population print time: 
[26781.0, 30188.0, 30189.0, 30648.0, 32004.0, 32292.0, 32540.0, 33508.0, 33512.0, 33548.0, 33842.0, 33987.0, 33990.0, 34059.0, 34158.0, 34221.0, 34258.0, 34272.0, 34489.0, 34986.0]
Generation 1 population print time: 
[26781.0, 26781.0, 26782.0, 30188.0, 30189.0, 30194.0, 30648.0, 31249.0, 32004.0, 32292.0, 32416.0, 33548.0, 33556.0, 33848.0, 33850.0, 33990.0, 34272.0, 34856.0, 35905.0, 35912.0]
Generation 2 population print time: 
[21502.0, 26780.0, 26781.0, 26781.0, 26781.0, 26782.0, 26782.0, 26783.0, 30189.0, 30189.0, 30654.0, 30771.0, 31249.0, 31249.0, 31252.0, 32842.0, 33850.0, 34060.0, 34151.0, 34210.0]
Generation 3 population print time: 
[21502.0, 21502.0, 21502.0, 26780.0, 26780.0, 26781.0, 26781.0, 26781.0, 26782.0, 26783.0, 26783.0, 30648.0, 31383.0, 32386.0, 32686.0, 33030.0, 33983.0, 34058.0, 34265.0, 34864.0]
Generation 4 population print time: 
[21502.0, 21502.0, 21502.0, 21502.0, 21502.0, 21502.0, 21502.0, 21502.0, 21502.0, 21502.0, 21503.0, 26781.0, 30757.0, 31310.0, 32379.0, 32848.0, 33498.0, 34204.0, 34208.0, 35904.0]
Generation 5 population print time: 
[21502.0, 21502.0, 21502.0, 21502.0, 21502.0, 21502.0, 21502.0, 21502.0, 21502.0, 21502.0, 21502.0, 21502.0, 30187.0, 31259.0, 31639.0, 31750.0, 32534.0, 33531.0, 34021.0, 35914.0]
