Original population configuration: 
[(array([[ 4,  3],
       [ 5,  7],
       [ 8,  4],
       [ 0, 10]]), array([1, 3, 1, 1]), 14732.0), (array([[ 1,  4],
       [ 6,  5],
       [10,  3],
       [12,  8]]), array([1, 2, 1, 1]), 14741.0), (array([[11,  8],
       [11,  2],
       [ 4,  8],
       [ 2,  5]]), array([2, 2, 2, 1]), 14746.0), (array([[ 3,  6],
       [ 2,  9],
       [12,  4],
       [13, 10]]), array([2, 2, 1, 1]), 14757.0), (array([[ 2,  9],
       [ 3,  4],
       [ 8,  4],
       [12,  3]]), array([1, 1, 1, 1]), 14889.0), (array([[1, 4],
       [5, 9],
       [8, 4],
       [9, 8]]), array([2, 0, 1, 3]), 14895.0), (array([[ 9, 10],
       [ 3,  7],
       [11,  3],
       [ 6,  0]]), array([0, 1, 2, 2]), 15122.0), (array([[ 0,  9],
       [ 7,  9],
       [11,  8],
       [13,  4]]), array([1, 0, 2, 3]), 15123.0), (array([[11,  8],
       [ 8,  9],
       [ 8,  1],
       [ 2,  5]]), array([1, 0, 2, 1]), 15126.0), (array([[ 9,  7],
       [ 9, 11],
       [ 5,  8],
       [14,  7]]), array([1, 0, 3, 3]), 15127.0), (array([[ 3,  9],
       [ 8,  9],
       [ 6,  1],
       [14,  8]]), array([0, 2, 2, 0]), 15134.0), (array([[11,  3],
       [10,  5],
       [12,  8],
       [ 2,  7]]), array([1, 3, 1, 3]), 15134.0), (array([[ 5,  9],
       [ 6,  7],
       [11,  4],
       [ 8,  1]]), array([2, 0, 1, 3]), 15136.0), (array([[ 2,  5],
       [ 7,  6],
       [ 7,  3],
       [12,  9]]), array([3, 2, 2, 2]), 15438.0), (array([[11,  2],
       [12,  3],
       [14,  8],
       [ 5,  5]]), array([3, 1, 0, 0]), 15442.0), (array([[ 8,  7],
       [ 5, 11],
       [12,  4],
       [ 2,  7]]), array([2, 0, 1, 1]), 15443.0), (array([[ 3,  9],
       [ 7, 10],
       [ 7,  2],
       [14,  8]]), array([0, 1, 0, 0]), 15454.0), (array([[13, 10],
       [ 8,  6],
       [15,  3],
       [ 4,  5]]), array([1, 1, 3, 3]), 15458.0), (array([[ 2,  5],
       [ 1,  7],
       [ 8,  4],
       [10,  6]]), array([1, 2, 3, 1]), 15592.0), (array([[ 2,  2],
       [ 2,  6],
       [ 7,  1],
       [12,  5]]), array([2, 2, 2, 1]), 15606.0)]
Generation 1 population configuration: 
[(array([[ 8,  3],
       [ 4,  1],
       [ 5,  8],
       [ 1, 10]]), array([1, 3, 2, 1]), 13922.0), (array([[ 4,  3],
       [ 5,  7],
       [ 8,  4],
       [ 0, 10]]), array([1, 3, 1, 1]), 14732.0), (array([[ 1,  4],
       [ 6,  5],
       [10,  3],
       [12,  8]]), array([1, 2, 1, 1]), 14741.0), (array([[11,  8],
       [11,  2],
       [ 4,  8],
       [ 2,  5]]), array([2, 2, 2, 1]), 14746.0), (array([[ 3,  6],
       [ 2,  9],
       [12,  4],
       [13, 10]]), array([2, 2, 1, 1]), 14757.0), (array([[ 3.,  6.],
       [ 2.,  9.],
       [12.,  4.],
       [13., 10.]]), array([2, 2, 1, 1]), 14757.0), (array([[ 2,  9],
       [ 3,  4],
       [ 8,  4],
       [12,  3]]), array([1, 1, 1, 1]), 14889.0), (array([[ 2.,  9.],
       [ 3.,  4.],
       [ 8.,  4.],
       [12.,  3.]]), array([1, 1, 1, 1]), 14889.0), (array([[1, 4],
       [5, 9],
       [8, 4],
       [9, 8]]), array([2, 0, 1, 3]), 14895.0), (array([[1., 4.],
       [5., 9.],
       [8., 4.],
       [9., 8.]]), array([2, 0, 1, 3]), 14895.0), (array([[ 9,  6],
       [13,  6],
       [ 6, 10],
       [ 3,  9]]), array([1, 1, 1, 0]), 14902.0), (array([[ 9.,  7.],
       [ 9., 11.],
       [ 5.,  8.],
       [14.,  8.]]), array([1, 0, 3, 3]), 15127.0), (array([[ 9.,  7.],
       [ 9., 11.],
       [ 5.,  8.],
       [14.,  7.]]), array([1, 0, 3, 3]), 15127.0), (array([[13,  8],
       [14,  4],
       [ 8,  7],
       [10,  1]]), array([1, 0, 2, 3]), 15131.0), (array([[ 3.,  9.],
       [ 8.,  9.],
       [ 6.,  1.],
       [14.,  8.]]), array([0, 2, 2, 0]), 15134.0), (array([[ 3.,  9.],
       [ 6.,  7.],
       [11.,  4.],
       [ 8.,  1.]]), array([2, 0, 1, 3]), 15136.0), (array([[11.,  2.],
       [12.,  3.],
       [14.,  8.],
       [ 5.,  5.]]), array([3, 1, 0, 0]), 15442.0), (array([[13,  4],
       [12,  6],
       [ 2,  6],
       [ 1,  3]]), array([1, 2, 2, 2]), 15442.0), (array([[ 8, 10],
       [ 4,  6],
       [14,  5],
       [ 5,  2]]), array([1, 2, 0, 2]), 15456.0), (array([[ 1,  9],
       [ 9,  4],
       [11,  8],
       [ 8,  1]]), array([2, 2, 3, 2]), 15596.0)]
Generation 2 population configuration: 
[(array([[ 8,  3],
       [ 4,  1],
       [ 5,  8],
       [ 1, 10]]), array([1, 3, 2, 1]), 13922.0), (array([[ 4,  3],
       [ 5,  7],
       [ 8,  4],
       [ 0, 10]]), array([1, 3, 1, 1]), 14732.0), (array([[ 1,  4],
       [ 6,  5],
       [10,  3],
       [12,  8]]), array([1, 2, 1, 1]), 14741.0), (array([[ 7,  4],
       [12,  2],
       [ 7, 10],
       [ 4, 10]]), array([0, 2, 1, 1]), 14741.0), (array([[10,  2],
       [ 7,  5],
       [ 7,  7],
       [ 0,  7]]), array([2, 0, 2, 1]), 14742.0), (array([[11,  8],
       [11,  2],
       [ 4,  8],
       [ 2,  5]]), array([2, 2, 2, 1]), 14746.0), (array([[11.,  8.],
       [11.,  2.],
       [ 4.,  8.],
       [ 2.,  5.]]), array([2, 2, 2, 1]), 14746.0), (array([[ 3,  6],
       [ 2,  9],
       [12,  4],
       [13, 10]]), array([2, 2, 1, 1]), 14757.0), (array([[ 3.,  6.],
       [ 2.,  9.],
       [12.,  4.],
       [13., 10.]]), array([2, 2, 1, 1]), 14757.0), (array([[ 3.,  6.],
       [ 2.,  9.],
       [12.,  4.],
       [13., 10.]]), array([2, 2, 1, 1]), 14757.0), (array([[1., 4.],
       [5., 9.],
       [8., 4.],
       [9., 8.]]), array([2, 0, 1, 3]), 14895.0), (array([[10,  7],
       [ 4, 10],
       [15,  2],
       [ 1,  2]]), array([0, 0, 3, 2]), 15122.0), (array([[ 8,  9],
       [ 5,  9],
       [ 2,  5],
       [10,  2]]), array([1, 0, 1, 3]), 15123.0), (array([[ 9.,  7.],
       [ 9., 11.],
       [ 5.,  8.],
       [14.,  8.]]), array([1, 0, 3, 3]), 15127.0), (array([[ 3.,  9.],
       [ 8.,  9.],
       [ 6.,  1.],
       [14.,  8.]]), array([0, 2, 2, 0]), 15134.0), (array([[ 3.,  9.],
       [ 6.,  7.],
       [11.,  4.],
       [ 8.,  1.]]), array([2, 0, 1, 3]), 15136.0), (array([[ 3.,  9.],
       [ 6.,  7.],
       [11.,  4.],
       [ 8.,  1.]]), array([2, 0, 1, 3]), 15136.0), (array([[10,  3],
       [ 6,  3],
       [14,  7],
       [ 2,  6]]), array([1, 2, 3, 1]), 15440.0), (array([[11,  2],
       [ 8,  4],
       [13,  9],
       [ 5,  7]]), array([0, 2, 1, 2]), 15593.0), (array([[ 1.,  9.],
       [ 9.,  4.],
       [11.,  8.],
       [ 8.,  1.]]), array([2, 2, 3, 2]), 15596.0)]
Generation 3 population configuration: 
[(array([[ 8,  3],
       [ 4,  1],
       [ 5,  8],
       [ 1, 10]]), array([1, 3, 2, 1]), 13922.0), (array([[ 8.,  3.],
       [ 4.,  1.],
       [ 5.,  8.],
       [ 1., 10.]]), array([1, 3, 2, 1]), 13922.0), (array([[ 8.,  3.],
       [ 4.,  1.],
       [ 5.,  8.],
       [ 1., 10.]]), array([1, 3, 2, 1]), 13922.0), (array([[ 4,  3],
       [ 5,  7],
       [ 8,  4],
       [ 0, 10]]), array([1, 3, 1, 1]), 14732.0), (array([[ 1,  4],
       [ 6,  5],
       [10,  3],
       [12,  8]]), array([1, 2, 1, 1]), 14741.0), (array([[ 7,  4],
       [12,  2],
       [ 7, 10],
       [ 4, 10]]), array([0, 2, 1, 1]), 14741.0), (array([[ 1.,  4.],
       [ 6.,  5.],
       [10.,  3.],
       [12.,  8.]]), array([1, 2, 1, 1]), 14741.0), (array([[10,  2],
       [ 7,  5],
       [ 7,  7],
       [ 0,  7]]), array([2, 0, 2, 1]), 14742.0), (array([[ 8,  4],
       [ 9,  8],
       [12,  3],
       [ 4,  1]]), array([1, 2, 1, 3]), 14742.0), (array([[11,  8],
       [11,  2],
       [ 4,  8],
       [ 2,  5]]), array([2, 2, 2, 1]), 14746.0), (array([[11.,  8.],
       [11.,  2.],
       [ 4.,  8.],
       [ 2.,  5.]]), array([2, 2, 2, 1]), 14746.0), (array([[11.,  8.],
       [11.,  2.],
       [ 4.,  8.],
       [ 2.,  5.]]), array([2, 2, 2, 1]), 14746.0), (array([[ 3,  9],
       [12,  8],
       [ 4,  0],
       [11,  4]]), array([1, 2, 2, 2]), 14749.0), (array([[ 3.,  6.],
       [ 2.,  9.],
       [12.,  4.],
       [13., 10.]]), array([2, 2, 1, 1]), 14757.0), (array([[ 3.,  6.],
       [ 2.,  9.],
       [12.,  4.],
       [13., 10.]]), array([2, 2, 1, 1]), 14757.0), (array([[ 8.,  9.],
       [ 5.,  9.],
       [ 2.,  5.],
       [10.,  2.]]), array([1, 0, 1, 3]), 15123.0), (array([[ 3,  1],
       [10,  5],
       [ 5, 11],
       [13,  3]]), array([3, 2, 0, 1]), 15124.0), (array([[ 9,  4],
       [13,  4],
       [12,  8],
       [ 1,  4]]), array([0, 1, 3, 1]), 15124.0), (array([[12,  7],
       [10,  1],
       [ 4,  8],
       [ 5,  3]]), array([1, 2, 2, 3]), 15136.0), (array([[11,  3],
       [ 4,  6],
       [ 5,  9],
       [ 1,  2]]), array([3, 2, 2, 2]), 15452.0)]
Generation 4 population configuration: 
[(array([[ 8,  3],
       [ 4,  1],
       [ 5,  8],
       [ 1, 10]]), array([1, 3, 2, 1]), 13922.0), (array([[ 8.,  3.],
       [ 4.,  1.],
       [ 5.,  8.],
       [ 1., 10.]]), array([1, 3, 2, 1]), 13922.0), (array([[ 8.,  3.],
       [ 4.,  1.],
       [ 5.,  8.],
       [ 1., 10.]]), array([1, 3, 2, 1]), 13922.0), (array([[ 8.,  3.],
       [ 4.,  1.],
       [ 5.,  8.],
       [ 1., 10.]]), array([1, 3, 2, 1]), 13922.0), (array([[ 8.,  3.],
       [ 4.,  1.],
       [ 5.,  8.],
       [ 1., 10.]]), array([1, 3, 2, 1]), 13922.0), (array([[ 8.,  3.],
       [ 4.,  1.],
       [ 5.,  8.],
       [ 1., 10.]]), array([1, 3, 2, 1]), 13922.0), (array([[ 8.,  3.],
       [ 4.,  1.],
       [ 5.,  8.],
       [ 1., 10.]]), array([1, 3, 2, 1]), 13922.0), (array([[ 4,  6],
       [ 5, 10],
       [ 8, 10],
       [11,  1]]), array([3, 1, 1, 3]), 14122.0), (array([[ 4,  3],
       [ 5,  7],
       [ 8,  4],
       [ 0, 10]]), array([1, 3, 1, 1]), 14732.0), (array([[ 4.,  3.],
       [ 5.,  7.],
       [ 8.,  4.],
       [ 0., 10.]]), array([1, 3, 1, 1]), 14732.0), (array([[ 8, 11],
       [ 4,  6],
       [13,  6],
       [12,  1]]), array([0, 2, 3, 3]), 14740.0), (array([[ 1,  4],
       [ 6,  5],
       [10,  3],
       [12,  8]]), array([1, 2, 1, 1]), 14741.0), (array([[ 7,  4],
       [12,  2],
       [ 7, 10],
       [ 4, 10]]), array([0, 2, 1, 1]), 14741.0), (array([[ 1.,  4.],
       [ 6.,  5.],
       [10.,  3.],
       [12.,  8.]]), array([1, 2, 1, 1]), 14741.0), (array([[11.,  8.],
       [11.,  2.],
       [ 4.,  8.],
       [ 2.,  5.]]), array([2, 2, 2, 1]), 14746.0), (array([[ 3.,  6.],
       [ 2.,  9.],
       [12.,  4.],
       [13., 10.]]), array([2, 2, 1, 1]), 14757.0), (array([[ 1,  0],
       [ 7,  3],
       [ 1,  9],
       [11,  4]]), array([2, 1, 1, 2]), 14889.0), (array([[5, 3],
       [9, 1],
       [5, 8],
       [9, 8]]), array([1, 2, 0, 1]), 15126.0), (array([[ 4, 11],
       [ 6,  8],
       [ 5,  2],
       [13,  4]]), array([0, 1, 2, 0]), 15133.0), (array([[ 5,  6],
       [ 5,  1],
       [ 1, 10],
       [ 8,  1]]), array([2, 3, 1, 2]), 15823.0)]
Generation 5 population configuration: 
[(array([[ 8,  3],
       [ 4,  1],
       [ 5,  8],
       [ 1, 10]]), array([1, 3, 2, 1]), 13922.0), (array([[ 8.,  3.],
       [ 4.,  1.],
       [ 5.,  8.],
       [ 1., 10.]]), array([1, 3, 2, 1]), 13922.0), (array([[ 8.,  3.],
       [ 4.,  1.],
       [ 5.,  8.],
       [ 1., 10.]]), array([1, 3, 2, 1]), 13922.0), (array([[ 8.,  3.],
       [ 4.,  1.],
       [ 5.,  8.],
       [ 1., 10.]]), array([1, 3, 2, 1]), 13922.0), (array([[ 8.,  3.],
       [ 4.,  1.],
       [ 5.,  8.],
       [ 1., 10.]]), array([1, 3, 2, 1]), 13922.0), (array([[ 8.,  3.],
       [ 4.,  1.],
       [ 5.,  8.],
       [ 1., 10.]]), array([1, 3, 2, 1]), 13922.0), (array([[ 8.,  3.],
       [ 4.,  1.],
       [ 5.,  8.],
       [ 1., 10.]]), array([1, 3, 2, 1]), 13922.0), (array([[ 8.,  3.],
       [ 4.,  1.],
       [ 5.,  8.],
       [ 1., 10.]]), array([1, 3, 2, 1]), 13922.0), (array([[ 8.,  3.],
       [ 4.,  1.],
       [ 5.,  8.],
       [ 1., 10.]]), array([1, 3, 2, 1]), 13922.0), (array([[ 4.,  6.],
       [ 5., 10.],
       [ 8., 10.],
       [11.,  1.]]), array([3, 1, 1, 3]), 14122.0), (array([[ 4.,  3.],
       [ 5.,  7.],
       [ 8.,  4.],
       [ 0., 10.]]), array([1, 3, 1, 1]), 14732.0), (array([[ 4.,  3.],
       [ 5.,  7.],
       [ 8.,  4.],
       [ 0., 10.]]), array([1, 3, 1, 1]), 14732.0), (array([[ 1.,  0.],
       [ 7.,  3.],
       [ 1.,  9.],
       [11.,  4.]]), array([2, 1, 1, 2]), 14889.0), (array([[ 0,  9],
       [ 3,  9],
       [ 8,  3],
       [13, 11]]), array([1, 1, 2, 0]), 15122.0), (array([[5., 3.],
       [9., 1.],
       [5., 8.],
       [9., 8.]]), array([1, 2, 0, 1]), 15126.0), (array([[10,  5],
       [13,  6],
       [ 3,  6],
       [ 1,  4]]), array([3, 1, 2, 1]), 15451.0), (array([[ 8,  6],
       [10,  2],
       [12,  9],
       [ 4,  3]]), array([2, 0, 1, 1]), 15452.0), (array([[13,  3],
       [ 7,  7],
       [ 4,  4],
       [ 4,  8]]), array([1, 2, 0, 0]), 15455.0), (array([[ 1,  2],
       [ 8,  5],
       [ 9,  8],
       [14, 11]]), array([2, 0, 3, 0]), 15462.0), (array([[12,  4],
       [11,  0],
       [ 9,  9],
       [ 1,  0]]), array([2, 2, 2, 2]), 15596.0)]
Generation 6 population configuration: 
[(array([[9, 3],
       [6, 6],
       [3, 4],
       [3, 8]]), array([1, 1, 1, 3]), 13920.0), (array([[ 8,  3],
       [ 4,  1],
       [ 5,  8],
       [ 1, 10]]), array([1, 3, 2, 1]), 13922.0), (array([[ 8.,  3.],
       [ 4.,  1.],
       [ 5.,  8.],
       [ 1., 10.]]), array([1, 3, 2, 1]), 13922.0), (array([[ 8.,  3.],
       [ 4.,  1.],
       [ 5.,  8.],
       [ 1., 10.]]), array([1, 3, 2, 1]), 13922.0), (array([[ 8.,  3.],
       [ 4.,  1.],
       [ 5.,  8.],
       [ 1., 10.]]), array([1, 3, 2, 1]), 13922.0), (array([[ 8.,  3.],
       [ 4.,  1.],
       [ 5.,  8.],
       [ 1., 10.]]), array([1, 3, 2, 1]), 13922.0), (array([[ 8.,  3.],
       [ 4.,  1.],
       [ 5.,  8.],
       [ 1., 10.]]), array([1, 3, 2, 1]), 13922.0), (array([[ 8.,  3.],
       [ 4.,  1.],
       [ 5.,  8.],
       [ 1., 10.]]), array([1, 3, 2, 1]), 13922.0), (array([[ 8.,  3.],
       [ 4.,  1.],
       [ 5.,  8.],
       [ 1., 10.]]), array([1, 3, 2, 1]), 13922.0), (array([[ 8.,  3.],
       [ 4.,  1.],
       [ 5.,  8.],
       [ 1., 10.]]), array([1, 3, 2, 1]), 13922.0), (array([[ 8.,  3.],
       [ 4.,  1.],
       [ 5.,  8.],
       [ 1., 10.]]), array([1, 3, 2, 1]), 13922.0), (array([[ 8.,  3.],
       [ 4.,  1.],
       [ 5.,  8.],
       [ 1., 10.]]), array([1, 3, 2, 1]), 13922.0), (array([[ 8.,  3.],
       [ 4.,  1.],
       [ 5.,  8.],
       [ 1., 10.]]), array([1, 3, 2, 1]), 13922.0), (array([[ 8.,  3.],
       [ 4.,  1.],
       [ 5.,  8.],
       [ 1., 10.]]), array([1, 3, 2, 1]), 13922.0), (array([[ 4.,  3.],
       [ 5.,  7.],
       [ 9.,  4.],
       [ 0., 10.]]), array([1, 3, 1, 1]), 14733.0), (array([[ 7,  2],
       [ 4,  2],
       [12,  3],
       [ 8,  8]]), array([2, 0, 2, 3]), 14746.0), (array([[ 5,  7],
       [ 6,  8],
       [11,  3],
       [15,  8]]), array([3, 1, 1, 3]), 14751.0), (array([[ 2,  7],
       [ 1,  4],
       [ 5,  8],
       [11,  4]]), array([3, 1, 1, 3]), 14889.0), (array([[15,  7],
       [10,  3],
       [ 6,  9],
       [ 1,  8]]), array([3, 2, 2, 2]), 15132.0), (array([[ 2,  0],
       [ 9,  4],
       [11,  3],
       [13,  6]]), array([2, 0, 1, 3]), 15440.0)]
Generation 7 population configuration: 
[(array([[9, 3],
       [6, 6],
       [3, 4],
       [3, 8]]), array([1, 1, 1, 3]), 13920.0), (array([[9., 3.],
       [6., 6.],
       [3., 4.],
       [3., 8.]]), array([1, 1, 1, 3]), 13920.0), (array([[ 8,  3],
       [ 4,  1],
       [ 5,  8],
       [ 1, 10]]), array([1, 3, 2, 1]), 13922.0), (array([[ 8.,  3.],
       [ 4.,  1.],
       [ 5.,  8.],
       [ 1., 10.]]), array([1, 3, 2, 1]), 13922.0), (array([[ 8.,  3.],
       [ 4.,  1.],
       [ 5.,  8.],
       [ 1., 10.]]), array([1, 3, 2, 1]), 13922.0), (array([[ 8.,  3.],
       [ 4.,  1.],
       [ 5.,  8.],
       [ 1., 10.]]), array([1, 3, 2, 1]), 13922.0), (array([[ 8.,  3.],
       [ 4.,  1.],
       [ 5.,  8.],
       [ 1., 10.]]), array([1, 3, 2, 1]), 13922.0), (array([[ 8.,  3.],
       [ 4.,  1.],
       [ 5.,  8.],
       [ 1., 10.]]), array([1, 3, 2, 1]), 13922.0), (array([[ 8.,  3.],
       [ 4.,  1.],
       [ 5.,  8.],
       [ 1., 10.]]), array([1, 3, 2, 1]), 13922.0), (array([[ 8.,  3.],
       [ 4.,  1.],
       [ 5.,  8.],
       [ 1., 10.]]), array([1, 3, 2, 1]), 13922.0), (array([[ 8.,  3.],
       [ 4.,  1.],
       [ 5.,  8.],
       [ 1., 10.]]), array([1, 3, 2, 1]), 13922.0), (array([[ 8.,  3.],
       [ 4.,  1.],
       [ 5.,  8.],
       [ 1., 10.]]), array([1, 3, 2, 1]), 13922.0), (array([[ 8.,  3.],
       [ 4.,  1.],
       [ 5.,  8.],
       [ 1., 10.]]), array([1, 3, 2, 1]), 13922.0), (array([[ 5.,  7.],
       [ 6.,  8.],
       [11.,  3.],
       [15.,  8.]]), array([3, 1, 1, 3]), 14751.0), (array([[ 2,  3],
       [ 6,  3],
       [11,  4],
       [10,  9]]), array([1, 1, 2, 0]), 15118.0), (array([[13,  2],
       [12,  9],
       [ 5,  3],
       [ 3,  6]]), array([0, 1, 2, 2]), 15137.0), (array([[13,  2],
       [ 6,  3],
       [12, 10],
       [ 2,  8]]), array([0, 2, 1, 2]), 15140.0), (array([[12,  3],
       [13,  3],
       [ 3,  4],
       [ 0, 10]]), array([3, 1, 2, 1]), 15447.0), (array([[10,  5],
       [ 9,  8],
       [10,  1],
       [ 6,  5]]), array([2, 2, 2, 1]), 15592.0), (array([[12,  5],
       [10,  2],
       [ 7,  8],
       [ 3,  4]]), array([2, 2, 2, 1]), 15595.0)]
Generation 8 population configuration: 
[(array([[9, 3],
       [6, 6],
       [3, 4],
       [3, 8]]), array([1, 1, 1, 3]), 13920.0), (array([[9., 3.],
       [6., 6.],
       [3., 4.],
       [3., 8.]]), array([1, 1, 1, 3]), 13920.0), (array([[9., 3.],
       [6., 6.],
       [3., 4.],
       [3., 8.]]), array([1, 1, 1, 3]), 13920.0), (array([[9., 3.],
       [6., 6.],
       [3., 4.],
       [3., 8.]]), array([1, 1, 1, 3]), 13920.0), (array([[ 8,  3],
       [ 4,  1],
       [ 5,  8],
       [ 1, 10]]), array([1, 3, 2, 1]), 13922.0), (array([[ 8.,  3.],
       [ 4.,  1.],
       [ 5.,  8.],
       [ 1., 10.]]), array([1, 3, 2, 1]), 13922.0), (array([[ 8.,  3.],
       [ 4.,  1.],
       [ 5.,  8.],
       [ 1., 10.]]), array([1, 3, 2, 1]), 13922.0), (array([[ 8.,  3.],
       [ 4.,  1.],
       [ 5.,  8.],
       [ 1., 10.]]), array([1, 3, 2, 1]), 13922.0), (array([[ 8.,  3.],
       [ 4.,  1.],
       [ 5.,  8.],
       [ 1., 10.]]), array([1, 3, 2, 1]), 13922.0), (array([[ 8.,  3.],
       [ 4.,  1.],
       [ 5.,  8.],
       [ 1., 10.]]), array([1, 3, 2, 1]), 13922.0), (array([[ 8.,  3.],
       [ 4.,  1.],
       [ 5.,  8.],
       [ 1., 10.]]), array([1, 3, 2, 1]), 13922.0), (array([[ 8.,  3.],
       [ 4.,  1.],
       [ 5.,  8.],
       [ 1., 10.]]), array([1, 3, 2, 1]), 13922.0), (array([[ 8.,  3.],
       [ 4.,  1.],
       [ 5.,  8.],
       [ 1., 10.]]), array([1, 3, 2, 1]), 13922.0), (array([[ 8.,  3.],
       [ 4.,  1.],
       [ 5.,  8.],
       [ 1., 10.]]), array([1, 3, 2, 1]), 13922.0), (array([[11,  4],
       [11,  8],
       [ 6,  5],
       [ 1,  3]]), array([1, 2, 1, 2]), 14744.0), (array([[6, 3],
       [8, 0],
       [4, 9],
       [0, 7]]), array([3, 2, 2, 1]), 14745.0), (array([[11,  1],
       [ 5,  3],
       [ 8,  8],
       [ 6,  9]]), array([2, 1, 0, 2]), 15132.0), (array([[ 1,  7],
       [ 7,  6],
       [ 5,  1],
       [10,  3]]), array([1, 2, 2, 1]), 15434.0), (array([[ 1,  3],
       [ 3,  7],
       [ 5, 10],
       [ 9,  0]]), array([1, 0, 1, 2]), 15435.0), (array([[ 2,  8],
       [ 4,  8],
       [ 1,  3],
       [11,  6]]), array([3, 2, 2, 3]), 15595.0)]
Generation 9 population configuration: 
[(array([[9, 3],
       [6, 6],
       [3, 4],
       [3, 8]]), array([1, 1, 1, 3]), 13920.0), (array([[9., 3.],
       [6., 6.],
       [3., 4.],
       [3., 8.]]), array([1, 1, 1, 3]), 13920.0), (array([[9., 3.],
       [6., 6.],
       [3., 4.],
       [3., 8.]]), array([1, 1, 1, 3]), 13920.0), (array([[9., 3.],
       [6., 6.],
       [3., 4.],
       [3., 8.]]), array([1, 1, 1, 3]), 13920.0), (array([[9., 3.],
       [6., 6.],
       [3., 4.],
       [3., 8.]]), array([1, 1, 1, 3]), 13920.0), (array([[ 8,  3],
       [ 4,  1],
       [ 5,  8],
       [ 1, 10]]), array([1, 3, 2, 1]), 13922.0), (array([[ 8.,  3.],
       [ 4.,  1.],
       [ 5.,  8.],
       [ 1., 10.]]), array([1, 3, 2, 1]), 13922.0), (array([[ 8.,  3.],
       [ 4.,  1.],
       [ 5.,  8.],
       [ 1., 10.]]), array([1, 3, 2, 1]), 13922.0), (array([[ 8.,  3.],
       [ 4.,  1.],
       [ 5.,  8.],
       [ 1., 10.]]), array([1, 3, 2, 1]), 13922.0), (array([[ 8.,  3.],
       [ 4.,  1.],
       [ 5.,  8.],
       [ 1., 10.]]), array([1, 3, 2, 1]), 13922.0), (array([[ 8.,  3.],
       [ 4.,  1.],
       [ 5.,  8.],
       [ 1., 10.]]), array([1, 3, 2, 1]), 13922.0), (array([[ 8.,  3.],
       [ 4.,  1.],
       [ 5.,  8.],
       [ 1., 10.]]), array([1, 3, 2, 1]), 13922.0), (array([[ 8.,  3.],
       [ 4.,  1.],
       [ 5.,  8.],
       [ 1., 10.]]), array([1, 3, 2, 1]), 13922.0), (array([[ 8.,  3.],
       [ 4.,  1.],
       [ 5.,  8.],
       [ 1., 10.]]), array([1, 3, 2, 1]), 13922.0), (array([[ 1,  4],
       [ 6,  2],
       [ 6,  8],
       [11,  1]]), array([2, 2, 3, 2]), 14739.0), (array([[2, 3],
       [6, 3],
       [2, 7],
       [7, 6]]), array([1, 1, 3, 3]), 14891.0), (array([[ 7,  8],
       [10,  6],
       [ 3,  5],
       [ 4,  2]]), array([1, 1, 2, 2]), 15116.0), (array([[10,  3],
       [ 5,  1],
       [ 1,  3],
       [ 1,  9]]), array([2, 2, 1, 2]), 15125.0), (array([[11,  2],
       [ 7,  3],
       [ 6,  7],
       [ 8,  9]]), array([2, 1, 0, 1]), 15128.0), (array([[5, 2],
       [5, 4],
       [6, 8],
       [1, 7]]), array([0, 2, 2, 1]), 15589.0)]
Generation 10 population configuration: 
[(array([[9, 3],
       [6, 6],
       [3, 4],
       [3, 8]]), array([1, 1, 1, 3]), 13920.0), (array([[9., 3.],
       [6., 6.],
       [3., 4.],
       [3., 8.]]), array([1, 1, 1, 3]), 13920.0), (array([[9., 3.],
       [6., 6.],
       [3., 4.],
       [3., 8.]]), array([1, 1, 1, 3]), 13920.0), (array([[9., 3.],
       [6., 6.],
       [3., 4.],
       [3., 8.]]), array([1, 1, 1, 3]), 13920.0), (array([[9., 3.],
       [6., 6.],
       [3., 4.],
       [3., 8.]]), array([1, 1, 1, 3]), 13920.0), (array([[9., 3.],
       [6., 6.],
       [3., 4.],
       [3., 8.]]), array([1, 1, 1, 3]), 13920.0), (array([[9., 3.],
       [6., 6.],
       [3., 4.],
       [3., 8.]]), array([1, 1, 1, 3]), 13920.0), (array([[9., 3.],
       [6., 6.],
       [3., 4.],
       [3., 8.]]), array([1, 1, 1, 3]), 13920.0), (array([[ 8,  3],
       [ 4,  1],
       [ 5,  8],
       [ 1, 10]]), array([1, 3, 2, 1]), 13922.0), (array([[ 8.,  3.],
       [ 4.,  1.],
       [ 5.,  8.],
       [ 1., 10.]]), array([1, 3, 2, 1]), 13922.0), (array([[ 8.,  3.],
       [ 4.,  1.],
       [ 5.,  8.],
       [ 1., 10.]]), array([1, 3, 2, 1]), 13922.0), (array([[ 8.,  3.],
       [ 4.,  1.],
       [ 5.,  8.],
       [ 1., 10.]]), array([1, 3, 2, 1]), 13922.0), (array([[ 8.,  3.],
       [ 4.,  1.],
       [ 5.,  8.],
       [ 1., 10.]]), array([1, 3, 2, 1]), 13922.0), (array([[ 9,  9],
       [13,  4],
       [12,  3],
       [ 4,  2]]), array([2, 1, 3, 3]), 14744.0), (array([[ 6, 10],
       [10,  8],
       [10,  6],
       [12,  0]]), array([0, 2, 1, 2]), 14748.0), (array([[11.,  2.],
       [ 7.,  3.],
       [ 6.,  7.],
       [ 8.,  9.]]), array([2, 1, 0, 1]), 15128.0), (array([[ 7,  2],
       [ 5,  7],
       [12,  8],
       [ 2,  8]]), array([2, 0, 0, 2]), 15129.0), (array([[ 7,  6],
       [ 3,  7],
       [12,  2],
       [ 1,  1]]), array([0, 2, 0, 2]), 15132.0), (array([[ 8,  3],
       [ 8,  8],
       [13,  3],
       [ 3,  4]]), array([1, 1, 1, 3]), 15447.0), (array([[ 2,  8],
       [ 9,  8],
       [10,  3],
       [13, 10]]), array([2, 2, 3, 1]), 15455.0)]
Generation 11 population configuration: 
[(array([[9, 3],
       [6, 6],
       [3, 4],
       [3, 8]]), array([1, 1, 1, 3]), 13920.0), (array([[9., 3.],
       [6., 6.],
       [3., 4.],
       [3., 8.]]), array([1, 1, 1, 3]), 13920.0), (array([[9., 3.],
       [6., 6.],
       [3., 4.],
       [3., 8.]]), array([1, 1, 1, 3]), 13920.0), (array([[9., 3.],
       [6., 6.],
       [3., 4.],
       [3., 8.]]), array([1, 1, 1, 3]), 13920.0), (array([[9., 3.],
       [6., 6.],
       [3., 4.],
       [3., 8.]]), array([1, 1, 1, 3]), 13920.0), (array([[9., 3.],
       [6., 6.],
       [3., 4.],
       [3., 8.]]), array([1, 1, 1, 3]), 13920.0), (array([[9., 3.],
       [6., 6.],
       [3., 4.],
       [3., 8.]]), array([1, 1, 1, 3]), 13920.0), (array([[9., 3.],
       [6., 6.],
       [3., 4.],
       [3., 8.]]), array([1, 1, 1, 3]), 13920.0), (array([[9., 3.],
       [6., 6.],
       [3., 4.],
       [3., 8.]]), array([1, 1, 1, 3]), 13920.0), (array([[9., 3.],
       [6., 6.],
       [3., 4.],
       [3., 8.]]), array([1, 1, 1, 3]), 13920.0), (array([[ 9.,  3.],
       [ 4.,  1.],
       [ 5.,  8.],
       [ 1., 10.]]), array([1, 3, 2, 1]), 13922.0), (array([[ 8.,  3.],
       [ 4.,  1.],
       [ 5.,  8.],
       [ 1., 10.]]), array([1, 3, 2, 1]), 13922.0), (array([[1, 9],
       [1, 4],
       [6, 5],
       [9, 5]]), array([2, 2, 1, 1]), 14734.0), (array([[11.,  2.],
       [ 7.,  1.],
       [ 5.,  8.],
       [ 1., 10.]]), array([2, 3, 2, 1]), 14752.0), (array([[ 5,  4],
       [ 3,  9],
       [11,  3],
       [11, 10]]), array([1, 1, 0, 0]), 15124.0), (array([[ 3,  3],
       [ 8,  1],
       [ 9,  8],
       [14, 10]]), array([2, 2, 0, 0]), 15126.0), (array([[8., 3.],
       [4., 1.],
       [5., 8.],
       [3., 8.]]), array([1, 3, 1, 3]), 15135.0), (array([[ 7,  5],
       [ 6,  9],
       [ 3,  4],
       [12,  1]]), array([3, 2, 3, 2]), 15444.0), (array([[ 6,  5],
       [ 1,  8],
       [10, 10],
       [13, 10]]), array([0, 2, 1, 1]), 15452.0), (array([[ 6,  5],
       [ 8,  8],
       [ 1,  9],
       [13,  3]]), array([2, 2, 2, 1]), 15466.0)]
Generation 12 population configuration: 
[(array([[9, 3],
       [6, 6],
       [3, 4],
       [3, 8]]), array([1, 1, 1, 3]), 13920.0), (array([[9., 3.],
       [6., 6.],
       [3., 4.],
       [3., 8.]]), array([1, 1, 1, 3]), 13920.0), (array([[9., 3.],
       [6., 6.],
       [3., 4.],
       [3., 8.]]), array([1, 1, 1, 3]), 13920.0), (array([[9., 3.],
       [6., 6.],
       [3., 4.],
       [3., 8.]]), array([1, 1, 1, 3]), 13920.0), (array([[9., 3.],
       [6., 6.],
       [3., 4.],
       [3., 8.]]), array([1, 1, 1, 3]), 13920.0), (array([[9., 3.],
       [6., 6.],
       [3., 4.],
       [3., 8.]]), array([1, 1, 1, 3]), 13920.0), (array([[9., 3.],
       [6., 6.],
       [3., 4.],
       [3., 8.]]), array([1, 1, 1, 3]), 13920.0), (array([[9., 3.],
       [6., 6.],
       [3., 4.],
       [3., 8.]]), array([1, 1, 1, 3]), 13920.0), (array([[9., 3.],
       [6., 6.],
       [3., 4.],
       [3., 8.]]), array([1, 1, 1, 3]), 13920.0), (array([[ 9.,  3.],
       [ 4.,  1.],
       [ 5.,  8.],
       [ 1., 10.]]), array([1, 3, 2, 1]), 13922.0), (array([[1., 9.],
       [1., 4.],
       [6., 5.],
       [9., 5.]]), array([2, 2, 1, 1]), 14734.0), (array([[ 7,  7],
       [ 5,  4],
       [10,  4],
       [ 1,  9]]), array([2, 1, 2, 2]), 14739.0), (array([[1, 3],
       [4, 6],
       [9, 4],
       [9, 6]]), array([1, 1, 1, 2]), 14740.0), (array([[ 2,  1],
       [ 5,  8],
       [11,  3],
       [10,  9]]), array([2, 2, 1, 2]), 14746.0), (array([[ 3,  9],
       [ 4,  6],
       [ 5,  5],
       [10,  2]]), array([2, 2, 0, 2]), 14746.0), (array([[11.,  2.],
       [ 7.,  1.],
       [ 5.,  8.],
       [ 1., 10.]]), array([2, 3, 2, 1]), 14752.0), (array([[ 5,  5],
       [ 1,  7],
       [ 7, 10],
       [11,  5]]), array([1, 1, 0, 3]), 15120.0), (array([[11, 10],
       [ 7,  7],
       [ 6,  9],
       [ 5,  4]]), array([1, 1, 2, 0]), 15126.0), (array([[8., 3.],
       [4., 1.],
       [5., 8.],
       [3., 8.]]), array([1, 3, 1, 3]), 15135.0), (array([[8., 3.],
       [4., 1.],
       [5., 8.],
       [3., 8.]]), array([1, 3, 1, 3]), 15135.0)]
Generation 13 population configuration: 
[(array([[9, 3],
       [6, 6],
       [3, 4],
       [3, 8]]), array([1, 1, 1, 3]), 13920.0), (array([[9., 3.],
       [6., 6.],
       [3., 4.],
       [3., 8.]]), array([1, 1, 1, 3]), 13920.0), (array([[9., 3.],
       [6., 6.],
       [3., 4.],
       [3., 8.]]), array([1, 1, 1, 3]), 13920.0), (array([[9., 3.],
       [6., 6.],
       [3., 4.],
       [3., 8.]]), array([1, 1, 1, 3]), 13920.0), (array([[9., 3.],
       [6., 6.],
       [3., 4.],
       [3., 8.]]), array([1, 1, 1, 3]), 13920.0), (array([[9., 3.],
       [6., 6.],
       [3., 4.],
       [3., 8.]]), array([1, 1, 1, 3]), 13920.0), (array([[9., 3.],
       [6., 6.],
       [3., 4.],
       [3., 8.]]), array([1, 1, 1, 3]), 13920.0), (array([[9., 3.],
       [6., 6.],
       [3., 4.],
       [3., 8.]]), array([1, 1, 1, 3]), 13920.0), (array([[9., 3.],
       [6., 6.],
       [3., 4.],
       [3., 8.]]), array([1, 1, 1, 3]), 13920.0), (array([[9., 3.],
       [6., 6.],
       [3., 4.],
       [3., 8.]]), array([1, 1, 1, 3]), 13920.0), (array([[9., 3.],
       [6., 6.],
       [3., 4.],
       [3., 8.]]), array([1, 1, 1, 3]), 13920.0), (array([[9., 3.],
       [6., 6.],
       [3., 4.],
       [3., 8.]]), array([1, 1, 1, 3]), 13920.0), (array([[9., 3.],
       [6., 6.],
       [3., 4.],
       [3., 8.]]), array([1, 1, 1, 3]), 13920.0), (array([[10,  5],
       [ 9,  9],
       [ 5,  5],
       [ 2, 10]]), array([2, 2, 0, 1]), 14747.0), (array([[11.,  2.],
       [ 7.,  1.],
       [ 5.,  8.],
       [ 1., 10.]]), array([2, 3, 2, 1]), 14752.0), (array([[11,  4],
       [10,  0],
       [ 3,  4],
       [ 0, 10]]), array([3, 2, 0, 1]), 14901.0), (array([[11,  4],
       [ 9,  9],
       [15,  8],
       [ 4,  8]]), array([2, 2, 3, 2]), 15131.0), (array([[ 3,  6],
       [ 6, 10],
       [ 6,  1],
       [10,  8]]), array([0, 1, 2, 1]), 15133.0), (array([[ 2,  2],
       [ 2,  5],
       [ 9, 10],
       [14,  5]]), array([2, 2, 0, 3]), 15440.0), (array([[ 2,  5],
       [ 7,  3],
       [ 8,  8],
       [11,  4]]), array([2, 2, 2, 1]), 15444.0)]
Generation 14 population configuration: 
[(array([[ 4, 10],
       [ 3,  6],
       [ 6,  3],
       [11,  1]]), array([1, 0, 1, 3]), 11553.0), (array([[9, 3],
       [6, 6],
       [3, 4],
       [3, 8]]), array([1, 1, 1, 3]), 13920.0), (array([[9., 3.],
       [6., 6.],
       [3., 4.],
       [3., 8.]]), array([1, 1, 1, 3]), 13920.0), (array([[9., 3.],
       [6., 6.],
       [3., 4.],
       [3., 8.]]), array([1, 1, 1, 3]), 13920.0), (array([[9., 3.],
       [6., 6.],
       [3., 4.],
       [3., 8.]]), array([1, 1, 1, 3]), 13920.0), (array([[9., 3.],
       [6., 6.],
       [3., 4.],
       [3., 8.]]), array([1, 1, 1, 3]), 13920.0), (array([[9., 3.],
       [6., 6.],
       [3., 4.],
       [3., 8.]]), array([1, 1, 1, 3]), 13920.0), (array([[9., 3.],
       [6., 6.],
       [3., 4.],
       [3., 8.]]), array([1, 1, 1, 3]), 13920.0), (array([[9., 3.],
       [6., 6.],
       [2., 4.],
       [3., 8.]]), array([1, 1, 1, 3]), 13920.0), (array([[9., 3.],
       [6., 6.],
       [3., 4.],
       [3., 8.]]), array([1, 1, 1, 3]), 13920.0), (array([[9., 3.],
       [6., 6.],
       [3., 4.],
       [3., 8.]]), array([1, 1, 1, 3]), 13920.0), (array([[9., 3.],
       [6., 6.],
       [3., 4.],
       [3., 8.]]), array([1, 1, 1, 3]), 13920.0), (array([[9., 3.],
       [6., 6.],
       [3., 4.],
       [3., 8.]]), array([1, 1, 1, 3]), 13920.0), (array([[9., 3.],
       [6., 6.],
       [3., 4.],
       [3., 8.]]), array([1, 1, 1, 3]), 13920.0), (array([[ 6,  3],
       [ 5,  8],
       [ 8,  8],
       [12,  2]]), array([1, 1, 1, 2]), 14740.0), (array([[10.,  3.],
       [ 6.,  6.],
       [ 3.,  4.],
       [ 3.,  8.]]), array([1, 1, 1, 3]), 14891.0), (array([[ 1,  4],
       [10,  6],
       [ 9,  9],
       [15,  1]]), array([1, 1, 2, 3]), 15126.0), (array([[ 4,  8],
       [ 8,  9],
       [12, 10],
       [13,  2]]), array([0, 1, 1, 0]), 15127.0), (array([[ 9, 10],
       [ 5,  7],
       [13,  7],
       [ 1,  8]]), array([1, 1, 1, 2]), 15449.0), (array([[ 8,  2],
       [ 6,  7],
       [ 2,  4],
       [10,  8]]), array([2, 3, 1, 3]), 15595.0)]
Generation 15 population configuration: 
[(array([[ 4, 10],
       [ 3,  6],
       [ 6,  3],
       [11,  1]]), array([1, 0, 1, 3]), 11553.0), (array([[ 4., 10.],
       [ 3.,  6.],
       [ 6.,  3.],
       [11.,  1.]]), array([1, 0, 1, 3]), 11553.0), (array([[9, 3],
       [6, 6],
       [3, 4],
       [3, 8]]), array([1, 1, 1, 3]), 13920.0), (array([[9., 3.],
       [6., 6.],
       [3., 4.],
       [3., 8.]]), array([1, 1, 1, 3]), 13920.0), (array([[9., 3.],
       [6., 6.],
       [3., 4.],
       [3., 8.]]), array([1, 1, 1, 3]), 13920.0), (array([[9., 3.],
       [6., 6.],
       [3., 4.],
       [3., 8.]]), array([1, 1, 1, 3]), 13920.0), (array([[9., 3.],
       [6., 6.],
       [3., 4.],
       [3., 8.]]), array([1, 1, 1, 3]), 13920.0), (array([[9., 3.],
       [6., 6.],
       [2., 4.],
       [3., 8.]]), array([1, 1, 1, 3]), 13920.0), (array([[9., 3.],
       [6., 6.],
       [3., 4.],
       [3., 8.]]), array([1, 1, 1, 3]), 13920.0), (array([[9., 3.],
       [6., 6.],
       [3., 4.],
       [3., 8.]]), array([1, 1, 1, 3]), 13920.0), (array([[9., 3.],
       [6., 6.],
       [3., 4.],
       [3., 8.]]), array([1, 1, 1, 3]), 13920.0), (array([[ 6.,  3.],
       [ 5.,  8.],
       [ 8.,  8.],
       [12.,  2.]]), array([1, 1, 1, 2]), 14740.0), (array([[ 2,  3],
       [ 2,  8],
       [ 8,  6],
       [10,  2]]), array([1, 1, 2, 3]), 14745.0), (array([[ 6,  5],
       [12,  3],
       [13,  3],
       [11, 11]]), array([1, 3, 1, 0]), 15120.0), (array([[ 4.,  8.],
       [ 8.,  9.],
       [12., 10.],
       [13.,  2.]]), array([0, 1, 1, 0]), 15127.0), (array([[ 7,  6],
       [12,  6],
       [ 7, 11],
       [ 3,  2]]), array([2, 1, 0, 2]), 15127.0), (array([[12,  9],
       [11,  1],
       [ 5,  4],
       [ 2,  9]]), array([0, 2, 1, 1]), 15129.0), (array([[ 9., 10.],
       [ 5.,  7.],
       [13.,  7.],
       [ 1.,  8.]]), array([1, 1, 1, 2]), 15449.0), (array([[ 9,  7],
       [13, 10],
       [ 5,  2],
       [ 2,  6]]), array([1, 1, 3, 2]), 15450.0), (array([[ 7,  5],
       [10,  7],
       [12,  3],
       [12,  8]]), array([3, 3, 2, 2]), 15603.0)]
Generation 16 population configuration: 
[(array([[ 4, 10],
       [ 3,  6],
       [ 6,  3],
       [11,  1]]), array([1, 0, 1, 3]), 11553.0), (array([[ 4., 10.],
       [ 3.,  6.],
       [ 6.,  3.],
       [11.,  1.]]), array([1, 0, 1, 3]), 11553.0), (array([[ 4., 10.],
       [ 3.,  6.],
       [ 6.,  3.],
       [11.,  1.]]), array([1, 0, 1, 3]), 11553.0), (array([[ 4., 10.],
       [ 3.,  6.],
       [ 6.,  3.],
       [11.,  1.]]), array([1, 0, 1, 3]), 11553.0), (array([[9, 3],
       [6, 6],
       [3, 4],
       [3, 8]]), array([1, 1, 1, 3]), 13920.0), (array([[9., 3.],
       [6., 6.],
       [3., 4.],
       [3., 8.]]), array([1, 1, 1, 3]), 13920.0), (array([[9., 3.],
       [6., 6.],
       [3., 4.],
       [3., 8.]]), array([1, 1, 1, 3]), 13920.0), (array([[9., 3.],
       [6., 6.],
       [3., 4.],
       [3., 8.]]), array([1, 1, 1, 3]), 13920.0), (array([[9., 3.],
       [6., 6.],
       [3., 4.],
       [3., 8.]]), array([1, 1, 1, 3]), 13920.0), (array([[9., 3.],
       [6., 6.],
       [2., 3.],
       [3., 8.]]), array([1, 1, 1, 3]), 13920.0), (array([[9., 3.],
       [6., 6.],
       [3., 4.],
       [3., 8.]]), array([1, 1, 1, 3]), 13920.0), (array([[9., 3.],
       [6., 6.],
       [3., 4.],
       [3., 8.]]), array([1, 1, 1, 3]), 13920.0), (array([[9., 3.],
       [6., 6.],
       [3., 4.],
       [3., 8.]]), array([1, 1, 1, 3]), 13920.0), (array([[9., 3.],
       [6., 6.],
       [3., 4.],
       [3., 8.]]), array([1, 1, 1, 3]), 13920.0), (array([[5, 8],
       [3, 4],
       [0, 7],
       [6, 3]]), array([3, 1, 1, 1]), 14738.0), (array([[4, 7],
       [4, 9],
       [3, 1],
       [7, 0]]), array([0, 2, 3, 2]), 14894.0), (array([[ 9,  2],
       [ 9,  6],
       [13,  4],
       [ 5, 10]]), array([3, 2, 0, 1]), 15127.0), (array([[ 3,  2],
       [ 6,  6],
       [ 4, 10],
       [ 9,  8]]), array([0, 0, 1, 2]), 15129.0), (array([[1, 0],
       [7, 4],
       [2, 9],
       [9, 7]]), array([2, 2, 1, 2]), 15594.0), (array([[11,  1],
       [10,  6],
       [ 6,  2],
       [ 6, 10]]), array([2, 3, 2, 0]), 15598.0)]
Generation 17 population configuration: 
[(array([[ 4, 10],
       [ 3,  6],
       [ 6,  3],
       [11,  1]]), array([1, 0, 1, 3]), 11553.0), (array([[ 4., 10.],
       [ 3.,  6.],
       [ 6.,  3.],
       [11.,  1.]]), array([1, 0, 1, 3]), 11553.0), (array([[ 4., 10.],
       [ 3.,  6.],
       [ 6.,  3.],
       [11.,  1.]]), array([1, 0, 1, 3]), 11553.0), (array([[ 4., 10.],
       [ 3.,  6.],
       [ 6.,  3.],
       [11.,  1.]]), array([1, 0, 1, 3]), 11553.0), (array([[ 4., 10.],
       [ 3.,  6.],
       [ 6.,  3.],
       [11.,  1.]]), array([1, 0, 1, 3]), 11553.0), (array([[ 4., 10.],
       [ 3.,  6.],
       [ 6.,  3.],
       [11.,  1.]]), array([1, 0, 1, 3]), 11553.0), (array([[ 4., 10.],
       [ 3.,  6.],
       [ 6.,  3.],
       [11.,  1.]]), array([1, 0, 1, 3]), 11553.0), (array([[ 4., 10.],
       [ 3.,  6.],
       [ 6.,  3.],
       [11.,  1.]]), array([1, 0, 1, 3]), 11553.0), (array([[ 4., 10.],
       [ 3.,  6.],
       [ 6.,  3.],
       [11.,  1.]]), array([1, 0, 1, 3]), 11553.0), (array([[ 4., 10.],
       [ 3.,  6.],
       [ 6.,  3.],
       [11.,  1.]]), array([1, 0, 1, 3]), 11553.0), (array([[9, 3],
       [6, 6],
       [3, 4],
       [3, 8]]), array([1, 1, 1, 3]), 13920.0), (array([[9., 3.],
       [6., 6.],
       [3., 4.],
       [3., 8.]]), array([1, 1, 1, 3]), 13920.0), (array([[9., 3.],
       [6., 6.],
       [3., 4.],
       [3., 8.]]), array([1, 1, 1, 3]), 13920.0), (array([[9., 3.],
       [6., 6.],
       [2., 3.],
       [3., 8.]]), array([1, 1, 1, 3]), 13920.0), (array([[ 9,  3],
       [13,  7],
       [15,  2],
       [ 7, 10]]), array([1, 3, 3, 0]), 14746.0), (array([[13, 10],
       [ 7,  4],
       [ 3, 10],
       [ 3,  7]]), array([1, 2, 0, 0]), 15134.0), (array([[ 1,  0],
       [ 4,  5],
       [10,  1],
       [ 8,  6]]), array([2, 0, 3, 2]), 15445.0), (array([[12,  6],
       [ 7,  7],
       [ 7,  2],
       [ 0,  8]]), array([1, 2, 3, 1]), 15456.0), (array([[14,  3],
       [ 9,  4],
       [ 3,  6],
       [ 1,  4]]), array([0, 2, 2, 1]), 15461.0), (array([[ 2,  7],
       [ 3,  6],
       [ 9,  1],
       [13,  4]]), array([2, 0, 3, 3]), 15593.0)]
Generation 18 population configuration: 
[(array([[ 4, 10],
       [ 3,  6],
       [ 6,  3],
       [11,  1]]), array([1, 0, 1, 3]), 11553.0), (array([[ 4., 10.],
       [ 3.,  6.],
       [ 6.,  3.],
       [11.,  1.]]), array([1, 0, 1, 3]), 11553.0), (array([[ 4., 10.],
       [ 3.,  6.],
       [ 6.,  3.],
       [11.,  1.]]), array([1, 0, 1, 3]), 11553.0), (array([[ 4., 10.],
       [ 3.,  6.],
       [ 6.,  3.],
       [11.,  1.]]), array([1, 0, 1, 3]), 11553.0), (array([[ 4., 10.],
       [ 3.,  6.],
       [ 6.,  3.],
       [11.,  1.]]), array([1, 0, 1, 3]), 11553.0), (array([[ 4., 10.],
       [ 3.,  6.],
       [ 6.,  3.],
       [11.,  1.]]), array([1, 0, 1, 3]), 11553.0), (array([[ 4., 10.],
       [ 3.,  6.],
       [ 6.,  3.],
       [11.,  1.]]), array([1, 0, 1, 3]), 11553.0), (array([[ 4., 10.],
       [ 3.,  6.],
       [ 6.,  3.],
       [11.,  1.]]), array([1, 0, 1, 3]), 11553.0), (array([[ 4., 10.],
       [ 3.,  6.],
       [ 6.,  3.],
       [11.,  1.]]), array([1, 0, 1, 3]), 11553.0), (array([[ 4., 10.],
       [ 3.,  6.],
       [ 6.,  3.],
       [11.,  1.]]), array([1, 0, 1, 3]), 11553.0), (array([[ 4., 10.],
       [ 3.,  6.],
       [ 6.,  3.],
       [11.,  1.]]), array([1, 0, 1, 3]), 11553.0), (array([[ 4., 10.],
       [ 3.,  6.],
       [ 6.,  3.],
       [11.,  1.]]), array([1, 0, 1, 3]), 11553.0), (array([[9., 3.],
       [6., 6.],
       [3., 4.],
       [3., 8.]]), array([1, 1, 1, 3]), 13920.0), (array([[9., 3.],
       [6., 6.],
       [3., 4.],
       [3., 8.]]), array([1, 1, 1, 3]), 13920.0), (array([[8, 3],
       [7, 0],
       [2, 5],
       [2, 9]]), array([2, 2, 2, 2]), 14736.0), (array([[ 9,  4],
       [12,  5],
       [ 8,  9],
       [ 1,  9]]), array([1, 1, 2, 1]), 14744.0), (array([[11,  7],
       [ 6,  3],
       [ 5, 10],
       [ 0,  9]]), array([0, 1, 1, 1]), 15125.0), (array([[11,  6],
       [13,  3],
       [ 3,  6],
       [ 3,  2]]), array([2, 0, 0, 0]), 15127.0), (array([[ 8,  4],
       [ 4, 10],
       [14,  9],
       [ 1, 10]]), array([2, 1, 0, 1]), 15129.0), (array([[10,  4],
       [ 8,  9],
       [ 6,  9],
       [ 2,  7]]), array([1, 1, 0, 3]), 15446.0)]
Generation 19 population configuration: 
[(array([[ 4, 10],
       [ 3,  6],
       [ 6,  3],
       [11,  1]]), array([1, 0, 1, 3]), 11553.0), (array([[ 4., 10.],
       [ 3.,  6.],
       [ 6.,  3.],
       [11.,  1.]]), array([1, 0, 1, 3]), 11553.0), (array([[ 4., 10.],
       [ 3.,  6.],
       [ 6.,  3.],
       [11.,  1.]]), array([1, 0, 1, 3]), 11553.0), (array([[ 4., 10.],
       [ 3.,  6.],
       [ 6.,  3.],
       [11.,  1.]]), array([1, 0, 1, 3]), 11553.0), (array([[ 4., 10.],
       [ 3.,  6.],
       [ 6.,  3.],
       [11.,  1.]]), array([1, 0, 1, 3]), 11553.0), (array([[ 4., 10.],
       [ 3.,  6.],
       [ 6.,  3.],
       [11.,  1.]]), array([1, 0, 1, 3]), 11553.0), (array([[ 4., 10.],
       [ 3.,  6.],
       [ 6.,  3.],
       [11.,  1.]]), array([1, 0, 1, 3]), 11553.0), (array([[ 4., 10.],
       [ 3.,  6.],
       [ 6.,  3.],
       [11.,  1.]]), array([1, 0, 1, 3]), 11553.0), (array([[ 4., 10.],
       [ 3.,  6.],
       [ 6.,  3.],
       [11.,  1.]]), array([1, 0, 1, 3]), 11553.0), (array([[ 4., 10.],
       [ 3.,  6.],
       [ 6.,  3.],
       [11.,  1.]]), array([1, 0, 1, 3]), 11553.0), (array([[ 4., 10.],
       [ 3.,  6.],
       [ 6.,  3.],
       [11.,  1.]]), array([1, 0, 1, 3]), 11553.0), (array([[ 4., 10.],
       [ 3.,  6.],
       [ 6.,  3.],
       [11.,  1.]]), array([1, 0, 1, 3]), 11553.0), (array([[ 4., 10.],
       [ 3.,  6.],
       [ 6.,  3.],
       [11.,  1.]]), array([1, 0, 1, 3]), 11553.0), (array([[ 9.,  4.],
       [12.,  5.],
       [ 8.,  9.],
       [ 1.,  9.]]), array([1, 1, 2, 1]), 14744.0), (array([[ 8,  6],
       [ 7,  5],
       [ 7,  9],
       [14,  3]]), array([1, 3, 2, 3]), 15120.0), (array([[ 9,  7],
       [14,  5],
       [ 5,  0],
       [ 3,  1]]), array([1, 3, 2, 3]), 15121.0), (array([[10,  9],
       [ 8,  4],
       [ 4,  5],
       [ 3, 11]]), array([1, 3, 0, 0]), 15131.0), (array([[ 3,  3],
       [ 8,  2],
       [10,  8],
       [12,  8]]), array([1, 3, 3, 2]), 15442.0), (array([[13, 11],
       [ 5,  9],
       [ 5,  7],
       [ 2,  5]]), array([0, 2, 1, 3]), 15458.0), (array([[ 5,  6],
       [ 5,  3],
       [ 2,  8],
       [11,  9]]), array([2, 0, 3, 2]), 15597.0)]
Generation 20 population configuration: 
[(array([[ 4, 10],
       [ 3,  6],
       [ 6,  3],
       [11,  1]]), array([1, 0, 1, 3]), 11553.0), (array([[ 4., 10.],
       [ 3.,  6.],
       [ 6.,  3.],
       [11.,  1.]]), array([1, 0, 1, 3]), 11553.0), (array([[ 4., 10.],
       [ 3.,  6.],
       [ 6.,  3.],
       [11.,  1.]]), array([1, 0, 1, 3]), 11553.0), (array([[ 4., 10.],
       [ 3.,  6.],
       [ 6.,  3.],
       [11.,  1.]]), array([1, 0, 1, 3]), 11553.0), (array([[ 4., 10.],
       [ 3.,  6.],
       [ 6.,  3.],
       [11.,  1.]]), array([1, 0, 1, 3]), 11553.0), (array([[ 4., 10.],
       [ 3.,  6.],
       [ 6.,  3.],
       [11.,  1.]]), array([1, 0, 1, 3]), 11553.0), (array([[ 4., 10.],
       [ 3.,  6.],
       [ 6.,  3.],
       [11.,  1.]]), array([1, 0, 1, 3]), 11553.0), (array([[ 4., 10.],
       [ 3.,  6.],
       [ 6.,  3.],
       [11.,  1.]]), array([1, 0, 1, 3]), 11553.0), (array([[ 4., 10.],
       [ 3.,  6.],
       [ 6.,  3.],
       [11.,  1.]]), array([1, 0, 1, 3]), 11553.0), (array([[ 4., 10.],
       [ 3.,  6.],
       [ 6.,  3.],
       [11.,  1.]]), array([1, 0, 1, 3]), 11553.0), (array([[ 4., 10.],
       [ 3.,  6.],
       [ 6.,  3.],
       [11.,  1.]]), array([1, 0, 1, 3]), 11553.0), (array([[ 4., 10.],
       [ 3.,  6.],
       [ 6.,  3.],
       [11.,  1.]]), array([1, 0, 1, 3]), 11553.0), (array([[ 4., 10.],
       [ 3.,  6.],
       [ 6.,  3.],
       [11.,  1.]]), array([1, 0, 1, 3]), 11553.0), (array([[ 5., 10.],
       [ 3.,  6.],
       [ 6.,  3.],
       [11.,  1.]]), array([1, 0, 1, 3]), 11554.0), (array([[12,  4],
       [ 8,  3],
       [ 7,  8],
       [ 0,  9]]), array([1, 1, 1, 1]), 14742.0), (array([[2, 3],
       [6, 2],
       [2, 9],
       [8, 8]]), array([1, 2, 1, 1]), 15121.0), (array([[ 1,  7],
       [ 8,  6],
       [ 8,  9],
       [14,  4]]), array([2, 1, 2, 0]), 15124.0), (array([[ 3,  6],
       [ 8, 10],
       [ 8,  1],
       [11,  8]]), array([1, 0, 2, 1]), 15129.0), (array([[ 5,  7],
       [ 2,  9],
       [ 3,  1],
       [12,  5]]), array([1, 2, 3, 2]), 15442.0), (array([[11,  9],
       [14,  3],
       [ 8,  3],
       [ 6,  4]]), array([2, 3, 2, 3]), 15452.0)]
Generation 21 population configuration: 
[(array([[ 4, 10],
       [ 3,  6],
       [ 6,  3],
       [11,  1]]), array([1, 0, 1, 3]), 11553.0), (array([[ 4., 10.],
       [ 3.,  6.],
       [ 6.,  3.],
       [11.,  1.]]), array([1, 0, 1, 3]), 11553.0), (array([[ 4., 10.],
       [ 3.,  6.],
       [ 6.,  3.],
       [11.,  1.]]), array([1, 0, 1, 3]), 11553.0), (array([[ 4., 10.],
       [ 3.,  6.],
       [ 6.,  3.],
       [11.,  1.]]), array([1, 0, 1, 3]), 11553.0), (array([[ 4., 10.],
       [ 3.,  6.],
       [ 6.,  3.],
       [11.,  1.]]), array([1, 0, 1, 3]), 11553.0), (array([[ 4., 10.],
       [ 3.,  6.],
       [ 6.,  3.],
       [11.,  1.]]), array([1, 0, 1, 3]), 11553.0), (array([[ 4., 10.],
       [ 3.,  6.],
       [ 6.,  3.],
       [11.,  1.]]), array([1, 0, 1, 3]), 11553.0), (array([[ 4., 10.],
       [ 3.,  6.],
       [ 6.,  3.],
       [11.,  1.]]), array([1, 0, 1, 3]), 11553.0), (array([[ 4., 10.],
       [ 3.,  6.],
       [ 6.,  3.],
       [11.,  1.]]), array([1, 0, 1, 3]), 11553.0), (array([[ 4., 10.],
       [ 3.,  6.],
       [ 6.,  3.],
       [11.,  1.]]), array([1, 0, 1, 3]), 11553.0), (array([[ 4., 10.],
       [ 3.,  6.],
       [ 6.,  3.],
       [11.,  1.]]), array([1, 0, 1, 3]), 11553.0), (array([[ 4., 10.],
       [ 3.,  6.],
       [ 6.,  3.],
       [11.,  1.]]), array([1, 0, 1, 3]), 11553.0), (array([[ 4., 10.],
       [ 3.,  6.],
       [ 6.,  3.],
       [11.,  1.]]), array([1, 0, 1, 3]), 11553.0), (array([[ 5., 10.],
       [ 3.,  6.],
       [ 6.,  3.],
       [11.,  1.]]), array([1, 0, 1, 3]), 11554.0), (array([[ 4,  3],
       [ 3,  7],
       [ 9,  4],
       [10,  8]]), array([1, 2, 2, 2]), 14747.0), (array([[11,  9],
       [ 7,  8],
       [11,  3],
       [ 1,  6]]), array([2, 3, 2, 1]), 14750.0), (array([[2, 6],
       [4, 8],
       [3, 0],
       [8, 5]]), array([1, 2, 2, 1]), 15120.0), (array([[ 8,  2],
       [ 6,  3],
       [ 2,  5],
       [ 9, 10]]), array([0, 2, 1, 1]), 15127.0), (array([[12, 10],
       [ 7,  5],
       [ 2,  7],
       [ 4,  3]]), array([1, 1, 2, 1]), 15130.0), (array([[12,  3],
       [ 8,  3],
       [13,  9],
       [ 3,  8]]), array([2, 1, 0, 3]), 15130.0)]
Generation 22 population configuration: 
[(array([[ 4, 10],
       [ 3,  6],
       [ 6,  3],
       [11,  1]]), array([1, 0, 1, 3]), 11553.0), (array([[ 4., 10.],
       [ 3.,  6.],
       [ 6.,  3.],
       [11.,  1.]]), array([1, 0, 1, 3]), 11553.0), (array([[ 4., 10.],
       [ 3.,  6.],
       [ 6.,  3.],
       [11.,  1.]]), array([1, 0, 1, 3]), 11553.0), (array([[ 4., 10.],
       [ 3.,  6.],
       [ 6.,  3.],
       [11.,  1.]]), array([1, 0, 1, 3]), 11553.0), (array([[ 4., 10.],
       [ 3.,  6.],
       [ 6.,  3.],
       [11.,  1.]]), array([1, 0, 1, 3]), 11553.0), (array([[ 4., 10.],
       [ 3.,  6.],
       [ 6.,  3.],
       [11.,  1.]]), array([1, 0, 1, 3]), 11553.0), (array([[ 4., 10.],
       [ 3.,  6.],
       [ 6.,  3.],
       [11.,  1.]]), array([1, 0, 1, 3]), 11553.0), (array([[ 4., 10.],
       [ 3.,  6.],
       [ 6.,  3.],
       [11.,  1.]]), array([1, 0, 1, 3]), 11553.0), (array([[ 4., 10.],
       [ 3.,  6.],
       [ 6.,  3.],
       [11.,  1.]]), array([1, 0, 1, 3]), 11553.0), (array([[ 4., 10.],
       [ 3.,  6.],
       [ 6.,  3.],
       [11.,  1.]]), array([1, 0, 1, 3]), 11553.0), (array([[ 4., 10.],
       [ 3.,  6.],
       [ 6.,  3.],
       [11.,  1.]]), array([1, 0, 1, 3]), 11553.0), (array([[ 4., 10.],
       [ 3.,  6.],
       [ 6.,  3.],
       [11.,  1.]]), array([1, 0, 1, 3]), 11553.0), (array([[ 4., 10.],
       [ 3.,  6.],
       [ 6.,  3.],
       [11.,  1.]]), array([1, 0, 1, 3]), 11553.0), (array([[ 4., 10.],
       [ 3.,  6.],
       [ 6.,  3.],
       [11.,  1.]]), array([1, 0, 1, 3]), 11553.0), (array([[8, 1],
       [3, 2],
       [8, 8],
       [1, 8]]), array([2, 0, 3, 1]), 14890.0), (array([[ 2,  8],
       [ 8,  4],
       [ 9, 10],
       [ 4,  1]]), array([1, 2, 1, 2]), 15126.0), (array([[10,  2],
       [ 8,  4],
       [ 9, 10],
       [ 7, 10]]), array([0, 3, 1, 0]), 15129.0), (array([[ 4, 10],
       [ 1,  5],
       [12,  8],
       [10,  3]]), array([1, 1, 1, 1]), 15130.0), (array([[13,  3],
       [ 7,  1],
       [10,  9],
       [ 1,  6]]), array([0, 3, 1, 1]), 15131.0), (array([[12,  5],
       [14,  4],
       [ 3,  6],
       [ 1,  2]]), array([2, 0, 3, 2]), 15137.0)]
Converged in 23 generations!