Original population print time: 
[14732.0, 14741.0, 14746.0, 14757.0, 14889.0, 14895.0, 15122.0, 15123.0, 15126.0, 15127.0, 15134.0, 15134.0, 15136.0, 15438.0, 15442.0, 15443.0, 15454.0, 15458.0, 15592.0, 15606.0]
Generation 1 population print time: 
[13922.0, 14732.0, 14741.0, 14746.0, 14757.0, 14757.0, 14889.0, 14889.0, 14895.0, 14895.0, 14902.0, 15127.0, 15127.0, 15131.0, 15134.0, 15136.0, 15442.0, 15442.0, 15456.0, 15596.0]
Generation 2 population print time: 
[13922.0, 14732.0, 14741.0, 14741.0, 14742.0, 14746.0, 14746.0, 14757.0, 14757.0, 14757.0, 14895.0, 15122.0, 15123.0, 15127.0, 15134.0, 15136.0, 15136.0, 15440.0, 15593.0, 15596.0]
Generation 3 population print time: 
[13922.0, 13922.0, 13922.0, 14732.0, 14741.0, 14741.0, 14741.0, 14742.0, 14742.0, 14746.0, 14746.0, 14746.0, 14749.0, 14757.0, 14757.0, 15123.0, 15124.0, 15124.0, 15136.0, 15452.0]
Generation 4 population print time: 
[13922.0, 13922.0, 13922.0, 13922.0, 13922.0, 13922.0, 13922.0, 14122.0, 14732.0, 14732.0, 14740.0, 14741.0, 14741.0, 14741.0, 14746.0, 14757.0, 14889.0, 15126.0, 15133.0, 15823.0]
Generation 5 population print time: 
[13922.0, 13922.0, 13922.0, 13922.0, 13922.0, 13922.0, 13922.0, 13922.0, 13922.0, 14122.0, 14732.0, 14732.0, 14889.0, 15122.0, 15126.0, 15451.0, 15452.0, 15455.0, 15462.0, 15596.0]
Generation 6 population print time: 
[13920.0, 13922.0, 13922.0, 13922.0, 13922.0, 13922.0, 13922.0, 13922.0, 13922.0, 13922.0, 13922.0, 13922.0, 13922.0, 13922.0, 14733.0, 14746.0, 14751.0, 14889.0, 15132.0, 15440.0]
Generation 7 population print time: 
[13920.0, 13920.0, 13922.0, 13922.0, 13922.0, 13922.0, 13922.0, 13922.0, 13922.0, 13922.0, 13922.0, 13922.0, 13922.0, 14751.0, 15118.0, 15137.0, 15140.0, 15447.0, 15592.0, 15595.0]
Generation 8 population print time: 
[13920.0, 13920.0, 13920.0, 13920.0, 13922.0, 13922.0, 13922.0, 13922.0, 13922.0, 13922.0, 13922.0, 13922.0, 13922.0, 13922.0, 14744.0, 14745.0, 15132.0, 15434.0, 15435.0, 15595.0]
Generation 9 population print time: 
[13920.0, 13920.0, 13920.0, 13920.0, 13920.0, 13922.0, 13922.0, 13922.0, 13922.0, 13922.0, 13922.0, 13922.0, 13922.0, 13922.0, 14739.0, 14891.0, 15116.0, 15125.0, 15128.0, 15589.0]
Generation 10 population print time: 
[13920.0, 13920.0, 13920.0, 13920.0, 13920.0, 13920.0, 13920.0, 13920.0, 13922.0, 13922.0, 13922.0, 13922.0, 13922.0, 14744.0, 14748.0, 15128.0, 15129.0, 15132.0, 15447.0, 15455.0]
Generation 11 population print time: 
[13920.0, 13920.0, 13920.0, 13920.0, 13920.0, 13920.0, 13920.0, 13920.0, 13920.0, 13920.0, 13922.0, 13922.0, 14734.0, 14752.0, 15124.0, 15126.0, 15135.0, 15444.0, 15452.0, 15466.0]
Generation 12 population print time: 
[13920.0, 13920.0, 13920.0, 13920.0, 13920.0, 13920.0, 13920.0, 13920.0, 13920.0, 13922.0, 14734.0, 14739.0, 14740.0, 14746.0, 14746.0, 14752.0, 15120.0, 15126.0, 15135.0, 15135.0]
Generation 13 population print time: 
[13920.0, 13920.0, 13920.0, 13920.0, 13920.0, 13920.0, 13920.0, 13920.0, 13920.0, 13920.0, 13920.0, 13920.0, 13920.0, 14747.0, 14752.0, 14901.0, 15131.0, 15133.0, 15440.0, 15444.0]
Generation 14 population print time: 
[11553.0, 13920.0, 13920.0, 13920.0, 13920.0, 13920.0, 13920.0, 13920.0, 13920.0, 13920.0, 13920.0, 13920.0, 13920.0, 13920.0, 14740.0, 14891.0, 15126.0, 15127.0, 15449.0, 15595.0]
Generation 15 population print time: 
[11553.0, 11553.0, 13920.0, 13920.0, 13920.0, 13920.0, 13920.0, 13920.0, 13920.0, 13920.0, 13920.0, 14740.0, 14745.0, 15120.0, 15127.0, 15127.0, 15129.0, 15449.0, 15450.0, 15603.0]
Generation 16 population print time: 
[11553.0, 11553.0, 11553.0, 11553.0, 13920.0, 13920.0, 13920.0, 13920.0, 13920.0, 13920.0, 13920.0, 13920.0, 13920.0, 13920.0, 14738.0, 14894.0, 15127.0, 15129.0, 15594.0, 15598.0]
Generation 17 population print time: 
[11553.0, 11553.0, 11553.0, 11553.0, 11553.0, 11553.0, 11553.0, 11553.0, 11553.0, 11553.0, 13920.0, 13920.0, 13920.0, 13920.0, 14746.0, 15134.0, 15445.0, 15456.0, 15461.0, 15593.0]
Generation 18 population print time: 
[11553.0, 11553.0, 11553.0, 11553.0, 11553.0, 11553.0, 11553.0, 11553.0, 11553.0, 11553.0, 11553.0, 11553.0, 13920.0, 13920.0, 14736.0, 14744.0, 15125.0, 15127.0, 15129.0, 15446.0]
Generation 19 population print time: 
[11553.0, 11553.0, 11553.0, 11553.0, 11553.0, 11553.0, 11553.0, 11553.0, 11553.0, 11553.0, 11553.0, 11553.0, 11553.0, 14744.0, 15120.0, 15121.0, 15131.0, 15442.0, 15458.0, 15597.0]
Generation 20 population print time: 
[11553.0, 11553.0, 11553.0, 11553.0, 11553.0, 11553.0, 11553.0, 11553.0, 11553.0, 11553.0, 11553.0, 11553.0, 11553.0, 11554.0, 14742.0, 15121.0, 15124.0, 15129.0, 15442.0, 15452.0]
Generation 21 population print time: 
[11553.0, 11553.0, 11553.0, 11553.0, 11553.0, 11553.0, 11553.0, 11553.0, 11553.0, 11553.0, 11553.0, 11553.0, 11553.0, 11554.0, 14747.0, 14750.0, 15120.0, 15127.0, 15130.0, 15130.0]
Generation 22 population print time: 
[11553.0, 11553.0, 11553.0, 11553.0, 11553.0, 11553.0, 11553.0, 11553.0, 11553.0, 11553.0, 11553.0, 11553.0, 11553.0, 11553.0, 14890.0, 15126.0, 15129.0, 15130.0, 15131.0, 15137.0]
