Original population configuration: 
[(array([[ 2,  9],
       [ 5,  3],
       [ 9,  5],
       [12,  4]]), array([0, 1, 2, 1]), 12257.0), (array([[12,  6],
       [ 0,  7],
       [ 4,  7],
       [ 1,  3]]), array([3, 1, 1, 1]), 12257.0), (array([[ 7, 10],
       [12,  5],
       [ 8,  3],
       [ 4,  2]]), array([0, 1, 0, 3]), 12258.0), (array([[ 2,  4],
       [11,  8],
       [ 4,  8],
       [ 7,  2]]), array([0, 3, 2, 3]), 12258.0), (array([[ 1,  8],
       [12,  7],
       [ 1,  2],
       [ 7,  9]]), array([1, 3, 2, 0]), 12258.0), (array([[ 6,  3],
       [12,  2],
       [ 6, 10],
       [ 1,  3]]), array([2, 1, 1, 1]), 12258.0), (array([[ 7,  3],
       [10,  3],
       [10,  8],
       [ 5,  5]]), array([0, 1, 0, 2]), 12258.0), (array([[10,  2],
       [ 7,  6],
       [ 1,  3],
       [ 9, 10]]), array([2, 0, 1, 0]), 12259.0), (array([[5, 3],
       [1, 4],
       [9, 9],
       [6, 9]]), array([1, 1, 1, 3]), 12259.0), (array([[ 2,  8],
       [ 1,  3],
       [ 8,  4],
       [10,  8]]), array([2, 1, 2, 2]), 12259.0), (array([[ 6,  6],
       [ 3,  8],
       [10,  8],
       [13,  4]]), array([1, 0, 2, 0]), 12260.0), (array([[12,  9],
       [ 3,  4],
       [ 3,  8],
       [ 9,  7]]), array([3, 3, 2, 0]), 12260.0), (array([[ 6,  3],
       [ 1,  9],
       [12,  7],
       [ 9, 10]]), array([1, 1, 1, 0]), 12260.0), (array([[ 9,  6],
       [10,  8],
       [12,  1],
       [ 1,  9]]), array([3, 1, 2, 1]), 12260.0), (array([[15,  3],
       [ 3,  5],
       [13,  7],
       [ 9,  3]]), array([3, 0, 3, 3]), 12260.0), (array([[ 8,  7],
       [ 0,  9],
       [13,  8],
       [14,  4]]), array([2, 1, 0, 0]), 12261.0), (array([[ 9,  6],
       [ 1,  5],
       [10,  2],
       [10, 10]]), array([3, 1, 3, 1]), 12261.0), (array([[ 1,  3],
       [ 5, 10],
       [11,  2],
       [15,  7]]), array([1, 1, 2, 3]), 12261.0), (array([[ 2,  3],
       [12, 10],
       [ 4,  9],
       [ 6,  2]]), array([2, 0, 1, 1]), 12261.0), (array([[ 1,  6],
       [13, 11],
       [ 2,  3],
       [ 6,  2]]), array([2, 0, 1, 1]), 12263.0)]
