Original population print time: 
[11298.0, 11641.0, 14231.0, 21557.0, 22138.0, 22202.0, 22227.0, 22813.0, 22816.0, 22829.0, 22840.0, 23211.0, 23219.0, 23226.0, 23367.0, 23371.0, 23965.0, 24111.0, 24304.0, 24563.0]
Generation 1 population print time: 
[11297.0, 11298.0, 11298.0, 11298.0, 11300.0, 11641.0, 11641.0, 11641.0, 11641.0, 11641.0, 11641.0, 14992.0, 21552.0, 22805.0, 22833.0, 22837.0, 22838.0, 23229.0, 23377.0, 23537.0]
Generation 2 population print time: 
[10373.0, 11297.0, 11297.0, 11297.0, 11297.0, 11298.0, 11298.0, 11512.0, 11639.0, 11641.0, 11641.0, 11641.0, 11641.0, 11643.0, 21548.0, 22811.0, 22837.0, 22839.0, 23601.0, 23964.0]
Generation 3 population print time: 
[10373.0, 10373.0, 11297.0, 11297.0, 11297.0, 11297.0, 11298.0, 11507.0, 11512.0, 11514.0, 11641.0, 11641.0, 21544.0, 21546.0, 21548.0, 22884.0, 23221.0, 24125.0, 24232.0, 24299.0]
Generation 4 population print time: 
[10373.0, 10373.0, 10373.0, 10373.0, 10373.0, 10373.0, 11297.0, 11297.0, 11297.0, 11297.0, 11298.0, 11298.0, 11509.0, 11643.0, 13948.0, 21553.0, 22816.0, 22841.0, 23961.0, 25533.0]
Generation 5 population print time: 
[10373.0, 10373.0, 10373.0, 10373.0, 10373.0, 10373.0, 10373.0, 10373.0, 11297.0, 11297.0, 11297.0, 11299.0, 15389.0, 21552.0, 22413.0, 22833.0, 23376.0, 24639.0, 25087.0, 25088.0]
Generation 6 population print time: 
[10370.0, 10373.0, 10373.0, 10373.0, 10373.0, 10373.0, 10373.0, 10373.0, 10373.0, 10373.0, 10373.0, 10373.0, 12607.0, 22001.0, 22839.0, 23210.0, 23877.0, 24073.0, 24298.0, 25532.0]
Generation 7 population print time: 
[10370.0, 10370.0, 10373.0, 10373.0, 10373.0, 10373.0, 10373.0, 10373.0, 10373.0, 10373.0, 10373.0, 10373.0, 11291.0, 15410.0, 22837.0, 22838.0, 22839.0, 23967.0, 25197.0, 25530.0]
Generation 8 population print time: 
[10370.0, 10370.0, 10370.0, 10370.0, 10370.0, 10373.0, 10373.0, 10373.0, 10373.0, 10373.0, 10373.0, 10373.0, 11300.0, 13285.0, 22146.0, 22800.0, 23216.0, 23220.0, 23777.0, 25199.0]
Generation 9 population print time: 
[10370.0, 10370.0, 10370.0, 10370.0, 10370.0, 10370.0, 10370.0, 10370.0, 10370.0, 10373.0, 10373.0, 10373.0, 11644.0, 22157.0, 22536.0, 22808.0, 22838.0, 24122.0, 24305.0, 24458.0]
Generation 10 population print time: 
[10370.0, 10370.0, 10370.0, 10370.0, 10370.0, 10370.0, 10370.0, 10370.0, 10370.0, 10370.0, 10370.0, 22407.0, 22837.0, 23226.0, 23542.0, 23876.0, 23883.0, 24891.0, 25091.0, 25524.0]
Generation 11 population print time: 
[10370.0, 10370.0, 10370.0, 10370.0, 10370.0, 10370.0, 10370.0, 10370.0, 10370.0, 10370.0, 10370.0, 10370.0, 22540.0, 22811.0, 22835.0, 23374.0, 23959.0, 24301.0, 24575.0, 25193.0]
