Generation 1 population print time: 
[13656.0, 13656.0, 14738.0, 14743.0, 14744.0, 14744.0, 14745.0, 14745.0, 14745.0, 14745.0, 14745.0, 14745.0, 14746.0, 14746.0, 14746.0, 14751.0, 15126.0, 15128.0, 15128.0, 15151.0]
Generation 2 population print time: 
[13656.0, 13656.0, 14738.0, 14740.0, 14743.0, 14744.0, 14745.0, 14745.0, 14745.0, 14746.0, 14746.0, 14897.0, 15122.0, 15151.0, 15151.0, 15151.0, 15442.0, 15442.0, 15442.0, 15463.0]
Generation 3 population print time: 
[13656.0, 13656.0, 13656.0, 14115.0, 14738.0, 14740.0, 14744.0, 14745.0, 14746.0, 14746.0, 14746.0, 14746.0, 14897.0, 15132.0, 15132.0, 15441.0, 15442.0, 15442.0, 15442.0, 15444.0]
Generation 4 population print time: 
[13656.0, 13656.0, 13656.0, 14115.0, 14738.0, 14741.0, 14744.0, 14745.0, 14745.0, 14746.0, 14746.0, 15127.0, 15128.0, 15131.0, 15442.0, 15442.0, 15442.0, 15445.0, 15602.0, 15687.0]
Generation 5 population print time: 
[13656.0, 13656.0, 13656.0, 14115.0, 14742.0, 14745.0, 14745.0, 14745.0, 14745.0, 14745.0, 14745.0, 14745.0, 14746.0, 14746.0, 14746.0, 15125.0, 15128.0, 15142.0, 15442.0, 15453.0]
