Generation 1 population print time: 
[(array([[6, 2],
       [8, 7],
       [3, 3],
       [2, 8]]), array([1, 1, 2, 2]), 526.0), (array([[6, 7],
       [0, 2],
       [7, 3],
       [3, 1]]), array([1, 2, 1, 2]), 527.0), (array([[ 8.,  5.],
       [ 1.,  4.],
       [11.,  2.],
       [ 2.,  8.]]), array([1, 2, 1, 2]), 528.0), (array([[ 8.,  5.],
       [ 1.,  4.],
       [11.,  7.],
       [ 4.,  1.]]), array([1, 2, 3, 3]), 531.0), (array([[ 4.,  9.],
       [ 1.,  4.],
       [11.,  7.],
       [ 4.,  1.]]), array([1, 2, 3, 3]), 531.0), (array([[ 8.,  5.],
       [ 1.,  4.],
       [11.,  7.],
       [ 4.,  1.]]), array([1, 2, 3, 3]), 531.0), (array([[10,  2],
       [ 6,  8],
       [ 3,  4],
       [ 2, 10]]), array([2, 2, 1, 1]), 532.0), (array([[13.,  3.],
       [ 9.,  6.],
       [ 5.,  2.],
       [ 2.,  8.]]), array([0, 2, 1, 2]), 534.0), (array([[13.,  3.],
       [ 9.,  6.],
       [ 5.,  2.],
       [ 2.,  8.]]), array([0, 2, 1, 2]), 534.0), (array([[ 8,  7],
       [12,  4],
       [ 8,  1],
       [ 9,  7]]), array([3, 1, 2, 2]), 534.0)]
