Original population print time: 
[(array([[6, 2],
       [8, 7],
       [3, 3],
       [2, 8]]), array([1, 1, 2, 2]), 526.0), (array([[6, 7],
       [0, 2],
       [7, 3],
       [3, 1]]), array([1, 2, 1, 2]), 527.0), (array([[2, 7],
       [8, 5],
       [7, 2],
       [1, 1]]), array([2, 1, 1, 2]), 527.0), (array([[ 4,  9],
       [11,  6],
       [ 3,  8],
       [12,  1]]), array([3, 2, 1, 3]), 529.0), (array([[ 8,  5],
       [ 1,  4],
       [11,  7],
       [ 4,  1]]), array([1, 2, 3, 3]), 531.0), (array([[13,  3],
       [ 9,  6],
       [ 5,  2],
       [ 2,  8]]), array([0, 2, 1, 2]), 534.0), (array([[9, 3],
       [8, 8],
       [2, 1],
       [5, 3]]), array([1, 1, 2, 2]), 534.0), (array([[10,  6],
       [ 7,  5],
       [ 3,  5],
       [ 9,  9]]), array([3, 1, 2, 3]), 535.0), (array([[4, 9],
       [5, 4],
       [8, 7],
       [7, 3]]), array([1, 3, 1, 1]), 536.0), (array([[7, 8],
       [3, 8],
       [9, 6],
       [8, 2]]), array([2, 1, 1, 3]), 537.0)]
Generation 1 population print time: 
[526.0, 527.0, 528.0, 531.0, 531.0, 531.0, 532.0, 534.0, 534.0, 534.0]
