Original population configuration: 
[(array([[ 1,  9],
       [ 8,  8],
       [12,  9],
       [13,  4]]), array([2, 1, 2, 3]), 13656.0), (array([[11,  3],
       [11,  9],
       [ 1,  6],
       [13,  2]]), array([2, 2, 2, 0]), 14745.0), (array([[12,  3],
       [14,  8],
       [ 5,  6],
       [ 8,  3]]), array([1, 3, 2, 1]), 14745.0), (array([[12,  9],
       [ 3,  4],
       [ 6,  8],
       [15,  4]]), array([2, 1, 1, 3]), 14746.0), (array([[ 2,  7],
       [ 4,  9],
       [ 7,  2],
       [10,  8]]), array([3, 2, 3, 3]), 14746.0), (array([[5, 3],
       [3, 2],
       [6, 8],
       [8, 8]]), array([1, 3, 3, 1]), 15122.0), (array([[2, 8],
       [7, 8],
       [3, 3],
       [9, 1]]), array([1, 1, 0, 3]), 15124.0), (array([[12,  7],
       [ 4,  9],
       [ 5,  3],
       [ 2,  7]]), array([1, 2, 0, 1]), 15128.0), (array([[13,  5],
       [ 4,  2],
       [ 6,  7],
       [ 8,  9]]), array([0, 2, 0, 1]), 15128.0), (array([[ 9,  5],
       [11, 10],
       [ 5,  5],
       [13,  9]]), array([1, 0, 1, 1]), 15130.0), (array([[12,  1],
       [ 0,  8],
       [ 9,  7],
       [13,  8]]), array([3, 1, 2, 1]), 15139.0), (array([[ 5,  7],
       [13,  9],
       [ 2,  2],
       [13,  3]]), array([3, 0, 2, 1]), 15441.0), (array([[ 6,  1],
       [14,  7],
       [ 6,  9],
       [ 8,  4]]), array([2, 3, 2, 2]), 15442.0), (array([[12,  5],
       [ 3,  2],
       [12,  8],
       [ 5,  3]]), array([1, 3, 2, 1]), 15449.0), (array([[ 8, 10],
       [ 3,  2],
       [ 4,  6],
       [11,  8]]), array([0, 2, 3, 1]), 15451.0), (array([[ 3,  3],
       [ 9,  2],
       [ 3,  7],
       [14,  7]]), array([2, 2, 2, 0]), 15453.0), (array([[ 2,  4],
       [13,  7],
       [ 1,  9],
       [ 8,  9]]), array([1, 1, 2, 1]), 15457.0), (array([[13,  4],
       [10,  7],
       [ 4,  7],
       [ 1,  4]]), array([0, 2, 2, 2]), 15457.0), (array([[ 7, 11],
       [ 1,  4],
       [14,  7],
       [ 8,  4]]), array([0, 1, 3, 2]), 15593.0), (array([[13,  3],
       [ 2,  9],
       [ 9,  5],
       [ 8,  8]]), array([1, 2, 0, 0]), 15613.0)]
Generation 1 population configuration: 
[(array([[ 1,  9],
       [ 8,  8],
       [12,  9],
       [13,  4]]), array([2, 1, 2, 3]), 13656.0), (array([[10, 10],
       [ 6,  5],
       [13,  2],
       [12,  4]]), array([1, 3, 0, 2]), 13928.0), (array([[11,  3],
       [11,  9],
       [ 1,  6],
       [13,  2]]), array([2, 2, 2, 0]), 14745.0), (array([[12,  3],
       [14,  8],
       [ 5,  6],
       [ 8,  3]]), array([1, 3, 2, 1]), 14745.0), (array([[12.,  3.],
       [14.,  8.],
       [ 5.,  6.],
       [ 8.,  3.]]), array([1, 3, 2, 1]), 14745.0), (array([[12.,  3.],
       [14.,  8.],
       [ 5.,  6.],
       [ 8.,  3.]]), array([1, 3, 2, 1]), 14745.0), (array([[12.,  3.],
       [14.,  8.],
       [ 5.,  6.],
       [ 8.,  3.]]), array([1, 3, 2, 1]), 14745.0), (array([[12,  9],
       [ 3,  4],
       [ 6,  8],
       [15,  4]]), array([2, 1, 1, 3]), 14746.0), (array([[12.,  9.],
       [ 3.,  4.],
       [ 6.,  8.],
       [15.,  4.]]), array([2, 1, 1, 3]), 14746.0), (array([[2., 8.],
       [7., 8.],
       [3., 3.],
       [9., 1.]]), array([1, 1, 0, 3]), 15124.0), (array([[13.,  5.],
       [ 4.,  2.],
       [ 6.,  7.],
       [ 8.,  9.]]), array([0, 2, 0, 1]), 15128.0), (array([[ 3,  8],
       [14,  6],
       [ 6,  8],
       [12,  3]]), array([0, 0, 2, 0]), 15130.0), (array([[ 5.,  7.],
       [13.,  9.],
       [ 2.,  2.],
       [13.,  3.]]), array([3, 0, 2, 3]), 15134.0), (array([[12.,  1.],
       [ 0.,  8.],
       [ 9.,  7.],
       [13.,  8.]]), array([3, 1, 2, 1]), 15139.0), (array([[ 8., 10.],
       [ 3.,  2.],
       [ 4.,  6.],
       [11.,  4.]]), array([0, 2, 3, 2]), 15436.0), (array([[ 5.,  7.],
       [13.,  9.],
       [ 2.,  2.],
       [13.,  3.]]), array([3, 0, 2, 1]), 15441.0), (array([[ 5.,  7.],
       [13.,  9.],
       [ 2.,  2.],
       [13.,  3.]]), array([3, 0, 2, 1]), 15441.0), (array([[ 8.,  5.],
       [ 3.,  2.],
       [12.,  8.],
       [ 5.,  3.]]), array([1, 3, 2, 1]), 15451.0), (array([[ 6,  2],
       [ 1, 10],
       [11,  7],
       [ 1,  4]]), array([2, 1, 3, 2]), 15590.0), (array([[12,  7],
       [ 4, 10],
       [ 7,  5],
       [10,  9]]), array([1, 1, 1, 0]), 16638.0)]
Generation 2 population configuration: 
[(array([[ 1,  9],
       [ 8,  8],
       [12,  9],
       [13,  4]]), array([2, 1, 2, 3]), 13656.0), (array([[ 1.,  9.],
       [ 8.,  8.],
       [12.,  9.],
       [13.,  4.]]), array([2, 1, 2, 3]), 13656.0), (array([[11,  3],
       [11,  9],
       [ 1,  6],
       [13,  2]]), array([2, 2, 2, 0]), 14745.0), (array([[12,  3],
       [14,  8],
       [ 5,  6],
       [ 8,  3]]), array([1, 3, 2, 1]), 14745.0), (array([[12,  9],
       [ 3,  4],
       [ 6,  8],
       [15,  4]]), array([2, 1, 1, 3]), 14746.0), (array([[12.,  9.],
       [ 3.,  4.],
       [ 6.,  8.],
       [15.,  4.]]), array([2, 1, 1, 3]), 14746.0), (array([[12.,  9.],
       [ 3.,  4.],
       [ 6.,  8.],
       [15.,  4.]]), array([2, 1, 1, 3]), 14746.0), (array([[12.,  9.],
       [ 3.,  4.],
       [ 6.,  8.],
       [15.,  4.]]), array([2, 1, 1, 3]), 14746.0), (array([[11,  7],
       [ 7, 10],
       [ 1,  9],
       [ 8,  1]]), array([2, 1, 1, 2]), 15118.0), (array([[12.,  7.],
       [ 4.,  9.],
       [ 5.,  3.],
       [ 2.,  7.]]), array([1, 2, 0, 1]), 15128.0), (array([[ 9.,  5.],
       [11., 10.],
       [ 5.,  5.],
       [13.,  9.]]), array([1, 0, 1, 1]), 15130.0), (array([[ 8,  1],
       [ 4, 10],
       [ 7, 10],
       [12,  3]]), array([3, 0, 1, 1]), 15132.0), (array([[12.,  1.],
       [ 0.,  8.],
       [ 9.,  7.],
       [13.,  8.]]), array([3, 1, 2, 1]), 15139.0), (array([[12.,  1.],
       [ 0.,  8.],
       [ 9.,  7.],
       [13.,  8.]]), array([3, 1, 2, 1]), 15139.0), (array([[ 5.,  7.],
       [13.,  9.],
       [ 2.,  2.],
       [13.,  3.]]), array([3, 0, 2, 1]), 15441.0), (array([[12.,  5.],
       [ 3.,  2.],
       [12.,  8.],
       [ 5.,  3.]]), array([1, 3, 2, 1]), 15449.0), (array([[12.,  5.],
       [ 3.,  2.],
       [12.,  8.],
       [ 5.,  3.]]), array([1, 3, 2, 1]), 15449.0), (array([[ 6.,  1.],
       [ 0.,  8.],
       [ 9.,  7.],
       [13.,  8.]]), array([2, 1, 2, 1]), 15458.0), (array([[15,  2],
       [ 8,  7],
       [ 2,  2],
       [ 8,  9]]), array([3, 1, 2, 2]), 15465.0), (array([[ 8,  4],
       [ 5,  0],
       [ 3,  9],
       [10,  8]]), array([2, 2, 1, 2]), 15592.0)]
Generation 3 population configuration: 
[(array([[ 1,  9],
       [ 8,  8],
       [12,  9],
       [13,  4]]), array([2, 1, 2, 3]), 13656.0), (array([[11,  3],
       [11,  9],
       [ 1,  6],
       [13,  2]]), array([2, 2, 2, 0]), 14745.0), (array([[12,  3],
       [14,  8],
       [ 5,  6],
       [ 8,  3]]), array([1, 3, 2, 1]), 14745.0), (array([[12,  9],
       [ 3,  4],
       [ 6,  8],
       [15,  4]]), array([2, 1, 1, 3]), 14746.0), (array([[ 2.,  7.],
       [ 4.,  9.],
       [ 7.,  2.],
       [10.,  8.]]), array([3, 2, 3, 3]), 14746.0), (array([[14,  5],
       [ 9,  6],
       [ 1,  5],
       [ 8, 11]]), array([3, 1, 1, 0]), 15119.0), (array([[5., 3.],
       [3., 2.],
       [6., 8.],
       [8., 8.]]), array([1, 3, 3, 1]), 15122.0), (array([[5., 3.],
       [3., 2.],
       [6., 8.],
       [8., 8.]]), array([1, 3, 3, 1]), 15122.0), (array([[13.,  5.],
       [11., 10.],
       [ 5.,  5.],
       [13.,  9.]]), array([0, 0, 1, 1]), 15128.0), (array([[12.,  7.],
       [ 4.,  9.],
       [ 5.,  3.],
       [ 2.,  7.]]), array([1, 2, 0, 1]), 15128.0), (array([[12.,  7.],
       [ 4.,  9.],
       [ 5.,  3.],
       [ 2.,  7.]]), array([1, 2, 0, 1]), 15128.0), (array([[13.,  5.],
       [ 4.,  2.],
       [ 6.,  7.],
       [ 8.,  9.]]), array([0, 2, 0, 1]), 15128.0), (array([[ 9.,  5.],
       [11., 10.],
       [ 5.,  5.],
       [13.,  9.]]), array([1, 0, 1, 1]), 15130.0), (array([[13,  9],
       [ 4,  5],
       [14,  1],
       [ 9,  4]]), array([0, 2, 3, 1]), 15131.0), (array([[10,  0],
       [14,  9],
       [ 6,  6],
       [ 7,  4]]), array([2, 0, 2, 0]), 15132.0), (array([[12.,  7.],
       [ 4.,  9.],
       [ 3.,  3.],
       [ 9.,  1.]]), array([1, 1, 0, 3]), 15139.0), (array([[ 8,  4],
       [13,  6],
       [10,  9],
       [ 3,  6]]), array([2, 1, 2, 1]), 15446.0), (array([[12.,  5.],
       [ 3.,  2.],
       [12.,  8.],
       [ 5.,  3.]]), array([1, 3, 2, 1]), 15449.0), (array([[ 8., 10.],
       [ 3.,  2.],
       [ 4.,  6.],
       [11.,  8.]]), array([0, 2, 3, 1]), 15451.0), (array([[ 5.,  7.],
       [ 0.,  8.],
       [ 9.,  7.],
       [13.,  8.]]), array([3, 1, 2, 1]), 15457.0)]
Generation 4 population configuration: 
[(array([[ 1,  9],
       [ 8,  8],
       [12,  9],
       [13,  4]]), array([2, 1, 2, 3]), 13656.0), (array([[11,  3],
       [11,  9],
       [ 1,  6],
       [13,  2]]), array([2, 2, 2, 0]), 14745.0), (array([[12,  3],
       [14,  8],
       [ 5,  6],
       [ 8,  3]]), array([1, 3, 2, 1]), 14745.0), (array([[11.,  3.],
       [11.,  9.],
       [ 1.,  6.],
       [13.,  2.]]), array([2, 2, 2, 0]), 14745.0), (array([[12.,  3.],
       [14.,  8.],
       [ 5.,  6.],
       [ 8.,  3.]]), array([1, 3, 2, 1]), 14745.0), (array([[11.,  3.],
       [11.,  9.],
       [ 1.,  6.],
       [13.,  2.]]), array([2, 2, 2, 0]), 14745.0), (array([[12,  9],
       [ 3,  4],
       [ 6,  8],
       [15,  4]]), array([2, 1, 1, 3]), 14746.0), (array([[ 2.,  7.],
       [ 4.,  9.],
       [ 7.,  2.],
       [10.,  8.]]), array([3, 2, 3, 3]), 14746.0), (array([[12.,  9.],
       [ 3.,  4.],
       [ 6.,  8.],
       [15.,  4.]]), array([2, 1, 1, 3]), 14746.0), (array([[12.,  9.],
       [ 3.,  4.],
       [ 6.,  8.],
       [15.,  4.]]), array([2, 1, 1, 3]), 14746.0), (array([[ 0, 10],
       [ 8,  9],
       [ 3,  9],
       [ 3,  4]]), array([1, 2, 1, 1]), 14893.0), (array([[5., 3.],
       [3., 2.],
       [6., 8.],
       [8., 8.]]), array([1, 3, 3, 1]), 15122.0), (array([[2., 8.],
       [7., 8.],
       [3., 3.],
       [9., 1.]]), array([1, 1, 0, 3]), 15124.0), (array([[2., 8.],
       [7., 8.],
       [3., 3.],
       [9., 1.]]), array([1, 1, 0, 3]), 15124.0), (array([[ 1,  8],
       [ 6,  5],
       [ 8,  0],
       [ 6, 10]]), array([2, 0, 2, 1]), 15124.0), (array([[ 9.,  5.],
       [11., 10.],
       [ 5.,  5.],
       [13.,  9.]]), array([1, 0, 1, 1]), 15130.0), (array([[ 6.,  1.],
       [14.,  7.],
       [ 6.,  9.],
       [ 8.,  4.]]), array([2, 3, 2, 2]), 15442.0), (array([[12.,  5.],
       [ 3.,  2.],
       [12.,  8.],
       [ 5.,  3.]]), array([1, 3, 2, 1]), 15449.0), (array([[12,  4],
       [ 7,  5],
       [ 2,  5],
       [10,  1]]), array([2, 2, 2, 2]), 15597.0), (array([[12,  7],
       [ 1,  4],
       [ 8,  3],
       [ 1,  7]]), array([2, 1, 1, 2]), 15600.0)]
Generation 5 population configuration: 
[(array([[ 1,  9],
       [ 8,  8],
       [12,  9],
       [13,  4]]), array([2, 1, 2, 3]), 13656.0), (array([[ 7,  0],
       [10,  4],
       [ 2,  6],
       [ 9,  8]]), array([2, 3, 2, 2]), 14743.0), (array([[11,  3],
       [11,  9],
       [ 1,  6],
       [13,  2]]), array([2, 2, 2, 0]), 14745.0), (array([[12,  3],
       [14,  8],
       [ 5,  6],
       [ 8,  3]]), array([1, 3, 2, 1]), 14745.0), (array([[12.,  3.],
       [14.,  8.],
       [ 5.,  6.],
       [ 8.,  3.]]), array([1, 3, 2, 1]), 14745.0), (array([[12,  9],
       [ 3,  4],
       [ 6,  8],
       [15,  4]]), array([2, 1, 1, 3]), 14746.0), (array([[12.,  9.],
       [ 3.,  4.],
       [ 6.,  8.],
       [15.,  4.]]), array([2, 1, 1, 3]), 14746.0), (array([[12.,  9.],
       [ 3.,  4.],
       [ 6.,  8.],
       [15.,  4.]]), array([2, 1, 1, 3]), 14746.0), (array([[12.,  9.],
       [ 3.,  4.],
       [ 6.,  8.],
       [15.,  4.]]), array([2, 1, 1, 3]), 14746.0), (array([[2., 8.],
       [7., 8.],
       [3., 3.],
       [9., 1.]]), array([1, 1, 0, 3]), 15124.0), (array([[12.,  7.],
       [ 4.,  9.],
       [ 5.,  3.],
       [ 2.,  7.]]), array([1, 2, 0, 1]), 15128.0), (array([[13.,  5.],
       [ 4.,  2.],
       [ 6.,  7.],
       [ 8.,  9.]]), array([0, 2, 0, 1]), 15128.0), (array([[12.,  1.],
       [ 0.,  8.],
       [ 9.,  7.],
       [13.,  8.]]), array([3, 1, 2, 1]), 15139.0), (array([[12,  1],
       [ 6,  1],
       [ 6,  7],
       [12,  8]]), array([2, 2, 1, 0]), 15438.0), (array([[ 9,  4],
       [15,  6],
       [ 6,  5],
       [ 3,  6]]), array([2, 3, 0, 2]), 15443.0), (array([[12.,  5.],
       [ 3.,  2.],
       [12.,  8.],
       [ 5.,  3.]]), array([1, 3, 2, 1]), 15449.0), (array([[13,  8],
       [ 3,  2],
       [ 3, 10],
       [ 5,  0]]), array([0, 3, 1, 2]), 15449.0), (array([[ 8., 10.],
       [ 3.,  2.],
       [ 4.,  6.],
       [11.,  8.]]), array([0, 2, 3, 1]), 15451.0), (array([[ 8., 10.],
       [ 3.,  2.],
       [ 4.,  6.],
       [11.,  8.]]), array([0, 2, 3, 1]), 15451.0), (array([[ 8., 10.],
       [ 3.,  2.],
       [ 4.,  6.],
       [11.,  8.]]), array([0, 2, 3, 1]), 15451.0)]
Generation 6 population configuration: 
[(array([[ 1,  9],
       [ 8,  8],
       [12,  9],
       [13,  4]]), array([2, 1, 2, 3]), 13656.0), (array([[11,  3],
       [11,  9],
       [ 1,  6],
       [13,  2]]), array([2, 2, 2, 0]), 14745.0), (array([[12,  3],
       [14,  8],
       [ 5,  6],
       [ 8,  3]]), array([1, 3, 2, 1]), 14745.0), (array([[12.,  3.],
       [14.,  8.],
       [ 5.,  6.],
       [ 8.,  3.]]), array([1, 3, 2, 1]), 14745.0), (array([[11.,  3.],
       [11.,  9.],
       [ 1.,  6.],
       [13.,  2.]]), array([2, 2, 2, 0]), 14745.0), (array([[12.,  3.],
       [14.,  8.],
       [ 5.,  6.],
       [ 8.,  3.]]), array([1, 3, 2, 1]), 14745.0), (array([[12,  9],
       [ 3,  4],
       [ 6,  8],
       [15,  4]]), array([2, 1, 1, 3]), 14746.0), (array([[ 2.,  7.],
       [ 4.,  9.],
       [ 7.,  2.],
       [10.,  8.]]), array([3, 2, 3, 3]), 14746.0), (array([[ 2,  4],
       [10,  4],
       [ 5,  0],
       [ 7,  6]]), array([2, 1, 2, 1]), 15114.0), (array([[2., 8.],
       [7., 8.],
       [3., 3.],
       [9., 1.]]), array([1, 1, 0, 3]), 15124.0), (array([[12.,  7.],
       [ 4.,  9.],
       [ 5.,  6.],
       [ 8.,  3.]]), array([1, 2, 2, 1]), 15125.0), (array([[ 4, 10],
       [ 4,  3],
       [ 7,  5],
       [11, 10]]), array([1, 1, 1, 1]), 15126.0), (array([[13.,  5.],
       [ 4.,  2.],
       [ 6.,  7.],
       [ 8.,  9.]]), array([0, 2, 0, 1]), 15128.0), (array([[12.,  7.],
       [ 4.,  9.],
       [ 5.,  3.],
       [ 2.,  7.]]), array([1, 2, 0, 1]), 15128.0), (array([[12.,  7.],
       [ 4.,  9.],
       [ 5.,  3.],
       [ 2.,  7.]]), array([1, 2, 0, 1]), 15128.0), (array([[ 9.,  5.],
       [11., 10.],
       [ 5.,  5.],
       [13.,  9.]]), array([1, 0, 1, 1]), 15130.0), (array([[ 9.,  5.],
       [11., 10.],
       [ 5.,  5.],
       [13.,  9.]]), array([1, 0, 1, 1]), 15130.0), (array([[13,  7],
       [ 7,  1],
       [ 9, 11],
       [ 1,  9]]), array([0, 3, 0, 2]), 15134.0), (array([[ 1.,  9.],
       [ 8.,  8.],
       [12.,  9.],
       [13.,  4.]]), array([2, 1, 2, 1]), 15454.0), (array([[ 3, 10],
       [ 9,  5],
       [ 2,  8],
       [12,  6]]), array([1, 3, 3, 1]), 15594.0)]
Generation 7 population configuration: 
[(array([[ 1,  9],
       [ 8,  8],
       [12,  9],
       [13,  4]]), array([2, 1, 2, 3]), 13656.0), (array([[ 1.,  9.],
       [ 8.,  8.],
       [12.,  9.],
       [13.,  4.]]), array([2, 1, 2, 3]), 13656.0), (array([[ 1.,  9.],
       [ 8.,  8.],
       [12.,  9.],
       [13.,  4.]]), array([2, 1, 2, 3]), 13656.0), (array([[ 1.,  9.],
       [ 8.,  8.],
       [12.,  9.],
       [13.,  4.]]), array([2, 1, 2, 3]), 13656.0), (array([[11,  3],
       [11,  9],
       [ 1,  6],
       [13,  2]]), array([2, 2, 2, 0]), 14745.0), (array([[12,  3],
       [14,  8],
       [ 5,  6],
       [ 8,  3]]), array([1, 3, 2, 1]), 14745.0), (array([[11.,  3.],
       [11.,  9.],
       [ 1.,  6.],
       [13.,  2.]]), array([2, 2, 2, 0]), 14745.0), (array([[12,  9],
       [ 3,  4],
       [ 6,  8],
       [15,  4]]), array([2, 1, 1, 3]), 14746.0), (array([[ 2.,  7.],
       [ 4.,  9.],
       [ 7.,  2.],
       [10.,  8.]]), array([3, 2, 3, 3]), 14746.0), (array([[ 3,  8],
       [ 7,  2],
       [12,  5],
       [12,  2]]), array([3, 2, 2, 2]), 14751.0), (array([[ 5,  9],
       [ 8,  3],
       [ 9,  8],
       [12,  6]]), array([1, 1, 1, 1]), 15114.0), (array([[ 0, 10],
       [ 1,  4],
       [12,  5],
       [ 4,  3]]), array([1, 2, 0, 0]), 15127.0), (array([[ 9.,  5.],
       [11., 10.],
       [ 5.,  5.],
       [13.,  9.]]), array([1, 0, 1, 1]), 15130.0), (array([[12.,  7.],
       [ 4.,  9.],
       [ 5.,  3.],
       [ 8.,  9.]]), array([1, 2, 0, 1]), 15131.0), (array([[11,  4],
       [ 3,  8],
       [14, 10],
       [ 4,  2]]), array([2, 2, 0, 2]), 15138.0), (array([[ 5.,  7.],
       [13.,  9.],
       [ 6.,  2.],
       [13.,  3.]]), array([3, 0, 2, 1]), 15439.0), (array([[ 6.,  1.],
       [14.,  7.],
       [ 6.,  9.],
       [ 8.,  4.]]), array([2, 3, 2, 2]), 15442.0), (array([[12.,  5.],
       [ 3.,  2.],
       [12.,  8.],
       [ 5.,  3.]]), array([1, 3, 2, 1]), 15449.0), (array([[ 3.,  3.],
       [ 9.,  2.],
       [ 3.,  7.],
       [14.,  7.]]), array([2, 2, 2, 0]), 15453.0), (array([[ 3.,  3.],
       [ 9.,  2.],
       [ 3.,  7.],
       [14.,  7.]]), array([2, 2, 2, 0]), 15453.0)]
Generation 8 population configuration: 
[(array([[ 1,  9],
       [ 8,  8],
       [12,  9],
       [13,  4]]), array([2, 1, 2, 3]), 13656.0), (array([[11,  3],
       [11,  9],
       [ 1,  6],
       [13,  2]]), array([2, 2, 2, 0]), 14745.0), (array([[12,  3],
       [14,  8],
       [ 5,  6],
       [ 8,  3]]), array([1, 3, 2, 1]), 14745.0), (array([[12,  9],
       [ 3,  4],
       [ 6,  8],
       [15,  4]]), array([2, 1, 1, 3]), 14746.0), (array([[ 2.,  7.],
       [ 4.,  9.],
       [ 7.,  2.],
       [10.,  8.]]), array([3, 2, 3, 3]), 14746.0), (array([[11,  8],
       [ 4,  7],
       [ 4,  3],
       [10,  0]]), array([2, 2, 1, 2]), 14748.0), (array([[ 1.,  9.],
       [ 8.,  8.],
       [12.,  9.],
       [13.,  2.]]), array([2, 1, 2, 0]), 14896.0), (array([[5., 3.],
       [3., 2.],
       [6., 8.],
       [8., 8.]]), array([1, 3, 3, 1]), 15122.0), (array([[2., 8.],
       [7., 8.],
       [3., 3.],
       [9., 1.]]), array([1, 1, 0, 3]), 15124.0), (array([[2., 8.],
       [7., 8.],
       [3., 3.],
       [9., 1.]]), array([1, 1, 0, 3]), 15124.0), (array([[12.,  7.],
       [ 4.,  9.],
       [ 5.,  3.],
       [ 2.,  7.]]), array([1, 2, 0, 1]), 15128.0), (array([[12.,  7.],
       [ 4.,  9.],
       [ 5.,  3.],
       [ 2.,  7.]]), array([1, 2, 0, 1]), 15128.0), (array([[13,  4],
       [ 8,  1],
       [11,  5],
       [ 2,  6]]), array([0, 3, 2, 1]), 15133.0), (array([[ 3.,  3.],
       [11.,  9.],
       [ 1.,  6.],
       [13.,  2.]]), array([2, 2, 2, 0]), 15139.0), (array([[ 5.,  3.],
       [11.,  9.],
       [ 1.,  6.],
       [13.,  2.]]), array([2, 2, 2, 0]), 15139.0), (array([[ 6.,  1.],
       [14.,  7.],
       [ 6.,  9.],
       [ 8.,  4.]]), array([2, 3, 2, 2]), 15442.0), (array([[ 6.,  1.],
       [14.,  7.],
       [ 6.,  9.],
       [ 8.,  4.]]), array([2, 3, 2, 2]), 15442.0), (array([[ 8., 10.],
       [ 3.,  2.],
       [ 4.,  6.],
       [11.,  8.]]), array([0, 2, 3, 1]), 15451.0), (array([[13,  9],
       [ 6,  3],
       [ 4,  9],
       [ 2,  4]]), array([1, 2, 2, 3]), 15459.0), (array([[10,  4],
       [ 8,  8],
       [11,  9],
       [ 1,  9]]), array([1, 3, 2, 2]), 15605.0)]
Generation 9 population configuration: 
[(array([[ 1,  9],
       [ 8,  8],
       [12,  9],
       [13,  4]]), array([2, 1, 2, 3]), 13656.0), (array([[13, 11],
       [ 9,  6],
       [ 8,  0],
       [ 4, 10]]), array([0, 3, 2, 1]), 13728.0), (array([[ 0,  4],
       [ 8,  2],
       [ 2,  8],
       [10,  3]]), array([1, 0, 2, 2]), 14739.0), (array([[11,  3],
       [11,  9],
       [ 1,  6],
       [13,  2]]), array([2, 2, 2, 0]), 14745.0), (array([[12,  3],
       [14,  8],
       [ 5,  6],
       [ 8,  3]]), array([1, 3, 2, 1]), 14745.0), (array([[12.,  3.],
       [14.,  8.],
       [ 5.,  6.],
       [ 8.,  3.]]), array([1, 3, 2, 1]), 14745.0), (array([[11.,  3.],
       [11.,  9.],
       [ 1.,  6.],
       [13.,  2.]]), array([2, 2, 2, 0]), 14745.0), (array([[12,  9],
       [ 3,  4],
       [ 6,  8],
       [15,  4]]), array([2, 1, 1, 3]), 14746.0), (array([[ 2.,  7.],
       [ 4.,  9.],
       [ 7.,  2.],
       [10.,  8.]]), array([3, 2, 3, 3]), 14746.0), (array([[ 2.,  7.],
       [ 4.,  9.],
       [ 7.,  2.],
       [10.,  8.]]), array([3, 2, 3, 3]), 14746.0), (array([[ 3, 10],
       [ 5,  8],
       [13,  8],
       [10,  4]]), array([0, 1, 3, 1]), 14747.0), (array([[1., 9.],
       [8., 8.],
       [5., 3.],
       [2., 7.]]), array([2, 2, 0, 1]), 15121.0), (array([[ 9.,  5.],
       [11., 10.],
       [ 5.,  5.],
       [13.,  9.]]), array([1, 0, 1, 1]), 15130.0), (array([[ 9.,  5.],
       [11., 10.],
       [ 5.,  5.],
       [13.,  9.]]), array([1, 0, 1, 1]), 15130.0), (array([[ 9.,  5.],
       [11., 10.],
       [ 5.,  5.],
       [13.,  9.]]), array([1, 0, 1, 1]), 15130.0), (array([[ 2,  1],
       [13,  3],
       [ 3,  6],
       [11,  9]]), array([2, 0, 0, 1]), 15140.0), (array([[ 5.,  7.],
       [13.,  9.],
       [ 2.,  2.],
       [13.,  3.]]), array([3, 0, 2, 1]), 15441.0), (array([[12.,  5.],
       [ 3.,  2.],
       [12.,  8.],
       [ 5.,  3.]]), array([1, 3, 2, 1]), 15449.0), (array([[ 8., 10.],
       [ 3.,  2.],
       [ 4.,  6.],
       [11.,  8.]]), array([0, 2, 3, 1]), 15451.0), (array([[ 8., 10.],
       [ 3.,  2.],
       [ 4.,  6.],
       [11.,  8.]]), array([0, 2, 3, 1]), 15451.0)]
Generation 10 population configuration: 
[(array([[ 1,  9],
       [ 8,  8],
       [12,  9],
       [13,  4]]), array([2, 1, 2, 3]), 13656.0), (array([[12,  3],
       [ 7, 10],
       [ 4,  6],
       [ 7,  3]]), array([3, 0, 1, 1]), 14739.0), (array([[11,  3],
       [11,  9],
       [ 1,  6],
       [13,  2]]), array([2, 2, 2, 0]), 14745.0), (array([[12,  3],
       [14,  8],
       [ 5,  6],
       [ 8,  3]]), array([1, 3, 2, 1]), 14745.0), (array([[11.,  3.],
       [11.,  9.],
       [ 1.,  6.],
       [13.,  2.]]), array([2, 2, 2, 0]), 14745.0), (array([[11.,  3.],
       [11.,  9.],
       [ 1.,  6.],
       [13.,  2.]]), array([2, 2, 2, 0]), 14745.0), (array([[12,  9],
       [ 3,  4],
       [ 6,  8],
       [15,  4]]), array([2, 1, 1, 3]), 14746.0), (array([[9, 5],
       [2, 2],
       [3, 9],
       [6, 3]]), array([1, 3, 2, 1]), 15115.0), (array([[ 9.,  5.],
       [11., 10.],
       [ 5.,  3.],
       [ 2.,  7.]]), array([1, 0, 0, 1]), 15122.0), (array([[5., 3.],
       [3., 2.],
       [6., 8.],
       [8., 9.]]), array([1, 3, 3, 1]), 15124.0), (array([[ 2.,  7.],
       [ 4.,  9.],
       [ 7.,  2.],
       [14.,  7.]]), array([3, 2, 2, 0]), 15127.0), (array([[ 9.,  5.],
       [11., 10.],
       [ 5.,  5.],
       [13.,  9.]]), array([1, 0, 1, 1]), 15130.0), (array([[ 3,  9],
       [13, 10],
       [ 0,  6],
       [ 9,  8]]), array([2, 1, 1, 1]), 15133.0), (array([[12.,  7.],
       [ 4.,  9.],
       [ 5.,  3.],
       [ 8.,  8.]]), array([1, 2, 3, 1]), 15137.0), (array([[12.,  1.],
       [ 0.,  8.],
       [ 9.,  7.],
       [13.,  8.]]), array([3, 1, 2, 1]), 15139.0), (array([[12.,  1.],
       [ 0.,  8.],
       [ 9.,  7.],
       [13.,  8.]]), array([3, 1, 2, 1]), 15139.0), (array([[12.,  1.],
       [ 0.,  8.],
       [ 9.,  7.],
       [13.,  8.]]), array([3, 1, 2, 1]), 15139.0), (array([[ 6.,  1.],
       [14.,  7.],
       [ 6.,  9.],
       [ 8.,  4.]]), array([2, 3, 2, 2]), 15442.0), (array([[ 7,  3],
       [ 3,  7],
       [ 5,  9],
       [11,  8]]), array([2, 0, 2, 2]), 15445.0), (array([[ 3.,  3.],
       [ 9.,  2.],
       [ 3.,  7.],
       [14.,  7.]]), array([2, 2, 2, 0]), 15453.0)]
Generation 11 population configuration: 
[(array([[ 1,  9],
       [ 8,  8],
       [12,  9],
       [13,  4]]), array([2, 1, 2, 3]), 13656.0), (array([[11,  3],
       [11,  9],
       [ 1,  6],
       [13,  2]]), array([2, 2, 2, 0]), 14745.0), (array([[12,  3],
       [14,  8],
       [ 5,  6],
       [ 8,  3]]), array([1, 3, 2, 1]), 14745.0), (array([[11.,  3.],
       [11.,  9.],
       [ 1.,  6.],
       [13.,  2.]]), array([2, 2, 2, 0]), 14745.0), (array([[12,  9],
       [ 3,  4],
       [ 6,  8],
       [15,  4]]), array([2, 1, 1, 3]), 14746.0), (array([[12.,  9.],
       [ 3.,  4.],
       [ 6.,  8.],
       [15.,  4.]]), array([2, 1, 1, 3]), 14746.0), (array([[ 2.,  7.],
       [ 4.,  9.],
       [ 7.,  2.],
       [10.,  8.]]), array([3, 2, 3, 3]), 14746.0), (array([[12.,  9.],
       [ 3.,  4.],
       [ 6.,  8.],
       [15.,  4.]]), array([2, 1, 1, 3]), 14746.0), (array([[12,  1],
       [ 0,  5],
       [12,  6],
       [10,  8]]), array([2, 1, 0, 3]), 14747.0), (array([[5., 3.],
       [3., 2.],
       [6., 8.],
       [8., 8.]]), array([1, 3, 3, 1]), 15122.0), (array([[5., 3.],
       [3., 2.],
       [6., 8.],
       [8., 8.]]), array([1, 3, 3, 1]), 15122.0), (array([[2., 8.],
       [7., 8.],
       [3., 3.],
       [9., 1.]]), array([1, 1, 0, 3]), 15124.0), (array([[13,  6],
       [ 2, 10],
       [11, 10],
       [ 6,  3]]), array([0, 1, 0, 1]), 15128.0), (array([[ 9.,  5.],
       [11., 10.],
       [ 5.,  5.],
       [13.,  9.]]), array([1, 0, 1, 1]), 15130.0), (array([[9, 9],
       [4, 9],
       [6, 3],
       [7, 8]]), array([1, 2, 2, 0]), 15134.0), (array([[13,  1],
       [ 4,  4],
       [ 7,  1],
       [ 9, 10]]), array([3, 3, 2, 1]), 15136.0), (array([[ 5.,  7.],
       [13.,  9.],
       [ 2.,  2.],
       [13.,  3.]]), array([3, 0, 2, 1]), 15441.0), (array([[12.,  5.],
       [ 3.,  2.],
       [12.,  8.],
       [ 5.,  3.]]), array([1, 3, 2, 1]), 15449.0), (array([[ 8., 10.],
       [ 3.,  2.],
       [ 4.,  6.],
       [11.,  8.]]), array([0, 2, 3, 1]), 15451.0), (array([[ 8., 10.],
       [ 3.,  2.],
       [ 4.,  6.],
       [11.,  8.]]), array([0, 2, 3, 1]), 15451.0)]
Generation 12 population configuration: 
[(array([[ 1,  9],
       [ 8,  8],
       [12,  9],
       [13,  4]]), array([2, 1, 2, 3]), 13656.0), (array([[ 1.,  9.],
       [ 8.,  8.],
       [12.,  9.],
       [13.,  4.]]), array([2, 1, 2, 3]), 13656.0), (array([[ 1.,  9.],
       [ 8.,  8.],
       [12.,  9.],
       [13.,  4.]]), array([2, 1, 2, 3]), 13656.0), (array([[11,  3],
       [11,  9],
       [ 1,  6],
       [13,  2]]), array([2, 2, 2, 0]), 14745.0), (array([[12,  3],
       [14,  8],
       [ 5,  6],
       [ 8,  3]]), array([1, 3, 2, 1]), 14745.0), (array([[11.,  3.],
       [11.,  9.],
       [ 1.,  6.],
       [13.,  2.]]), array([2, 2, 2, 0]), 14745.0), (array([[12,  9],
       [ 3,  4],
       [ 6,  8],
       [15,  4]]), array([2, 1, 1, 3]), 14746.0), (array([[12.,  9.],
       [ 3.,  4.],
       [ 6.,  8.],
       [15.,  4.]]), array([2, 1, 1, 3]), 14746.0), (array([[12.,  9.],
       [ 3.,  4.],
       [ 6.,  8.],
       [15.,  4.]]), array([2, 1, 1, 3]), 14746.0), (array([[ 5,  8],
       [ 8,  3],
       [ 1,  1],
       [14,  5]]), array([2, 1, 2, 0]), 15119.0), (array([[5., 3.],
       [3., 2.],
       [6., 8.],
       [8., 8.]]), array([1, 3, 3, 1]), 15122.0), (array([[2., 8.],
       [7., 8.],
       [3., 3.],
       [9., 1.]]), array([1, 1, 0, 3]), 15124.0), (array([[12.,  7.],
       [ 4.,  9.],
       [ 5.,  3.],
       [ 2.,  7.]]), array([1, 2, 0, 1]), 15128.0), (array([[12.,  5.],
       [ 3.,  2.],
       [12.,  8.],
       [ 5.,  8.]]), array([1, 3, 2, 1]), 15133.0), (array([[13,  5],
       [ 2,  6],
       [12, 10],
       [ 8,  5]]), array([0, 2, 0, 3]), 15133.0), (array([[ 5.,  7.],
       [13.,  9.],
       [ 2.,  2.],
       [13.,  3.]]), array([3, 0, 2, 1]), 15441.0), (array([[ 5.,  7.],
       [13.,  9.],
       [ 2.,  2.],
       [13.,  3.]]), array([3, 0, 2, 1]), 15441.0), (array([[ 6.,  1.],
       [14.,  7.],
       [ 6.,  9.],
       [ 8.,  4.]]), array([2, 3, 2, 2]), 15442.0), (array([[ 2, 10],
       [15,  5],
       [ 7,  5],
       [ 8,  8]]), array([1, 3, 3, 1]), 15444.0), (array([[12,  8],
       [13,  3],
       [ 6,  7],
       [ 4,  7]]), array([0, 1, 1, 3]), 15450.0)]
Generation 13 population configuration: 
[(array([[ 1,  9],
       [ 8,  8],
       [12,  9],
       [13,  4]]), array([2, 1, 2, 3]), 13656.0), (array([[ 5.,  3.],
       [ 3.,  2.],
       [ 6.,  8.],
       [13.,  4.]]), array([1, 3, 2, 3]), 14741.0), (array([[12.,  1.],
       [14.,  7.],
       [ 6.,  9.],
       [ 8.,  4.]]), array([2, 3, 2, 2]), 14743.0), (array([[11,  3],
       [11,  9],
       [ 1,  6],
       [13,  2]]), array([2, 2, 2, 0]), 14745.0), (array([[12,  3],
       [14,  8],
       [ 5,  6],
       [ 8,  3]]), array([1, 3, 2, 1]), 14745.0), (array([[12.,  3.],
       [14.,  8.],
       [ 5.,  6.],
       [ 8.,  3.]]), array([1, 3, 2, 1]), 14745.0), (array([[11.,  3.],
       [11.,  9.],
       [ 1.,  6.],
       [13.,  2.]]), array([2, 2, 2, 0]), 14745.0), (array([[12,  9],
       [ 3,  4],
       [ 6,  8],
       [15,  4]]), array([2, 1, 1, 3]), 14746.0), (array([[ 2.,  7.],
       [ 4.,  9.],
       [ 7.,  2.],
       [10.,  8.]]), array([3, 2, 3, 3]), 14746.0), (array([[ 2.,  7.],
       [ 4.,  9.],
       [ 7.,  2.],
       [10.,  8.]]), array([3, 2, 3, 3]), 14746.0), (array([[12.,  9.],
       [ 3.,  4.],
       [ 6.,  8.],
       [15.,  4.]]), array([2, 1, 1, 3]), 14746.0), (array([[ 4,  3],
       [ 4,  8],
       [ 7,  4],
       [15,  7]]), array([1, 1, 1, 3]), 14897.0), (array([[12,  2],
       [ 6,  3],
       [11,  6],
       [ 7,  9]]), array([0, 1, 1, 1]), 15122.0), (array([[13.,  5.],
       [ 4.,  2.],
       [ 6.,  7.],
       [ 8.,  9.]]), array([0, 2, 0, 1]), 15128.0), (array([[13.,  5.],
       [ 4.,  2.],
       [ 6.,  7.],
       [ 8.,  9.]]), array([0, 2, 0, 1]), 15128.0), (array([[ 1,  1],
       [ 6,  4],
       [ 2,  8],
       [10,  6]]), array([2, 1, 1, 1]), 15128.0), (array([[11,  4],
       [ 7,  1],
       [13,  9],
       [ 5,  9]]), array([0, 3, 0, 2]), 15132.0), (array([[ 5.,  7.],
       [13.,  9.],
       [ 2.,  2.],
       [13.,  3.]]), array([3, 0, 2, 1]), 15441.0), (array([[ 5.,  7.],
       [13.,  9.],
       [ 2.,  2.],
       [13.,  3.]]), array([3, 0, 2, 1]), 15441.0), (array([[12.,  5.],
       [ 3.,  2.],
       [12.,  8.],
       [ 5.,  3.]]), array([1, 3, 2, 1]), 15449.0)]
Generation 14 population configuration: 
[(array([[ 1,  9],
       [ 8,  8],
       [12,  9],
       [13,  4]]), array([2, 1, 2, 3]), 13656.0), (array([[ 1.,  9.],
       [ 8.,  8.],
       [12.,  9.],
       [13.,  4.]]), array([2, 1, 2, 3]), 13656.0), (array([[11,  3],
       [11,  9],
       [ 1,  6],
       [13,  2]]), array([2, 2, 2, 0]), 14745.0), (array([[12,  3],
       [14,  8],
       [ 5,  6],
       [ 8,  3]]), array([1, 3, 2, 1]), 14745.0), (array([[12,  9],
       [ 3,  4],
       [ 6,  8],
       [15,  4]]), array([2, 1, 1, 3]), 14746.0), (array([[12.,  9.],
       [ 3.,  4.],
       [ 6.,  8.],
       [15.,  4.]]), array([2, 1, 1, 3]), 14746.0), (array([[12.,  9.],
       [ 3.,  4.],
       [ 6.,  8.],
       [15.,  4.]]), array([2, 1, 1, 3]), 14746.0), (array([[2., 8.],
       [7., 8.],
       [3., 3.],
       [9., 1.]]), array([1, 1, 0, 3]), 15124.0), (array([[13.,  5.],
       [ 4.,  2.],
       [ 6.,  7.],
       [ 8.,  9.]]), array([0, 2, 0, 1]), 15128.0), (array([[13.,  5.],
       [ 4.,  2.],
       [ 6.,  7.],
       [ 8.,  9.]]), array([0, 2, 0, 1]), 15128.0), (array([[12.,  7.],
       [ 4.,  9.],
       [ 5.,  3.],
       [ 2.,  7.]]), array([1, 2, 0, 1]), 15128.0), (array([[ 9.,  5.],
       [11., 10.],
       [ 5.,  5.],
       [13.,  9.]]), array([1, 0, 1, 1]), 15130.0), (array([[ 1.,  9.],
       [ 6.,  8.],
       [12.,  9.],
       [13.,  4.]]), array([2, 1, 2, 3]), 15134.0), (array([[13,  6],
       [10,  6],
       [ 8,  2],
       [ 1,  1]]), array([1, 3, 2, 2]), 15446.0), (array([[12.,  5.],
       [ 3.,  2.],
       [12.,  8.],
       [ 5.,  3.]]), array([1, 3, 2, 1]), 15449.0), (array([[12.,  5.],
       [ 3.,  2.],
       [12.,  8.],
       [ 5.,  3.]]), array([1, 3, 2, 1]), 15449.0), (array([[ 3.,  3.],
       [ 9.,  2.],
       [ 3.,  7.],
       [14.,  7.]]), array([2, 2, 2, 0]), 15453.0), (array([[ 6,  9],
       [ 2,  9],
       [12,  1],
       [14,  9]]), array([1, 2, 2, 0]), 15454.0), (array([[12,  9],
       [ 2,  2],
       [ 1,  5],
       [10,  4]]), array([1, 2, 2, 0]), 15456.0), (array([[ 1,  7],
       [ 6,  1],
       [ 5,  5],
       [11,  4]]), array([1, 3, 2, 1]), 15456.0)]
Generation 15 population configuration: 
[(array([[ 1,  9],
       [ 8,  8],
       [12,  9],
       [13,  4]]), array([2, 1, 2, 3]), 13656.0), (array([[ 1.,  9.],
       [ 8.,  8.],
       [12.,  9.],
       [13.,  4.]]), array([2, 1, 2, 3]), 13656.0), (array([[ 1.,  9.],
       [ 8.,  8.],
       [12.,  9.],
       [13.,  4.]]), array([2, 1, 2, 3]), 13656.0), (array([[11,  3],
       [11,  9],
       [ 1,  6],
       [13,  2]]), array([2, 2, 2, 0]), 14745.0), (array([[12,  3],
       [14,  8],
       [ 5,  6],
       [ 8,  3]]), array([1, 3, 2, 1]), 14745.0), (array([[12.,  3.],
       [14.,  8.],
       [ 5.,  6.],
       [ 8.,  3.]]), array([1, 3, 2, 1]), 14745.0), (array([[11.,  3.],
       [11.,  9.],
       [ 1.,  6.],
       [13.,  2.]]), array([2, 2, 2, 0]), 14745.0), (array([[12,  9],
       [ 3,  4],
       [ 6,  8],
       [15,  4]]), array([2, 1, 1, 3]), 14746.0), (array([[12.,  9.],
       [ 3.,  4.],
       [ 6.,  8.],
       [15.,  4.]]), array([2, 1, 1, 3]), 14746.0), (array([[ 2.,  7.],
       [ 4.,  9.],
       [ 7.,  2.],
       [10.,  8.]]), array([3, 2, 3, 3]), 14746.0), (array([[12.,  7.],
       [ 4.,  9.],
       [ 5.,  3.],
       [ 2.,  7.]]), array([1, 2, 0, 1]), 15128.0), (array([[12,  9],
       [13,  7],
       [ 3,  6],
       [11,  0]]), array([2, 1, 2, 2]), 15133.0), (array([[10,  3],
       [ 6,  7],
       [10, 10],
       [ 6,  3]]), array([1, 3, 0, 0]), 15135.0), (array([[ 5.,  7.],
       [13.,  9.],
       [ 2.,  2.],
       [13.,  3.]]), array([3, 0, 2, 1]), 15441.0), (array([[12.,  5.],
       [ 3.,  2.],
       [12.,  8.],
       [ 5.,  3.]]), array([1, 3, 2, 1]), 15449.0), (array([[ 8., 10.],
       [ 3.,  2.],
       [ 4.,  6.],
       [11.,  8.]]), array([0, 2, 3, 1]), 15451.0), (array([[ 8., 10.],
       [ 3.,  2.],
       [ 4.,  6.],
       [11.,  8.]]), array([0, 2, 3, 1]), 15451.0), (array([[ 2,  8],
       [ 4,  5],
       [12,  2],
       [ 9, 10]]), array([3, 1, 0, 1]), 15451.0), (array([[ 6.,  1.],
       [ 0.,  8.],
       [ 9.,  7.],
       [13.,  8.]]), array([3, 1, 2, 1]), 15458.0), (array([[13,  4],
       [ 3,  5],
       [ 8,  3],
       [ 7,  0]]), array([1, 1, 2, 2]), 15595.0)]
Generation 16 population configuration: 
[(array([[ 1,  9],
       [ 8,  8],
       [12,  9],
       [13,  4]]), array([2, 1, 2, 3]), 13656.0), (array([[11,  3],
       [11,  9],
       [ 1,  6],
       [13,  2]]), array([2, 2, 2, 0]), 14745.0), (array([[12,  3],
       [14,  8],
       [ 5,  6],
       [ 8,  3]]), array([1, 3, 2, 1]), 14745.0), (array([[12,  9],
       [ 3,  4],
       [ 6,  8],
       [15,  4]]), array([2, 1, 1, 3]), 14746.0), (array([[12.,  9.],
       [ 3.,  4.],
       [ 6.,  8.],
       [15.,  4.]]), array([2, 1, 1, 3]), 14746.0), (array([[5., 3.],
       [3., 2.],
       [6., 8.],
       [8., 8.]]), array([1, 3, 3, 1]), 15122.0), (array([[5., 3.],
       [3., 2.],
       [6., 8.],
       [8., 8.]]), array([1, 3, 3, 1]), 15122.0), (array([[5., 3.],
       [3., 2.],
       [6., 8.],
       [8., 8.]]), array([1, 3, 3, 1]), 15122.0), (array([[2., 8.],
       [7., 8.],
       [3., 3.],
       [9., 1.]]), array([1, 1, 0, 3]), 15124.0), (array([[1., 9.],
       [4., 2.],
       [6., 7.],
       [8., 9.]]), array([2, 2, 0, 1]), 15128.0), (array([[13, 11],
       [ 1,  7],
       [ 9,  3],
       [ 3,  1]]), array([0, 2, 2, 2]), 15136.0), (array([[ 5.,  7.],
       [13.,  9.],
       [ 2.,  2.],
       [13.,  3.]]), array([3, 0, 2, 1]), 15441.0), (array([[ 5.,  7.],
       [13.,  9.],
       [ 2.,  2.],
       [13.,  3.]]), array([3, 0, 2, 1]), 15441.0), (array([[ 6.,  1.],
       [14.,  7.],
       [ 6.,  9.],
       [ 8.,  4.]]), array([2, 3, 2, 2]), 15442.0), (array([[ 6.,  1.],
       [14.,  7.],
       [ 6.,  9.],
       [ 8.,  4.]]), array([2, 3, 2, 2]), 15442.0), (array([[12,  7],
       [ 7,  7],
       [ 1,  2],
       [10,  9]]), array([1, 3, 2, 2]), 15445.0), (array([[ 8,  6],
       [12,  1],
       [ 6,  8],
       [ 2,  7]]), array([1, 2, 2, 1]), 15446.0), (array([[12.,  5.],
       [ 3.,  2.],
       [12.,  8.],
       [ 5.,  3.]]), array([1, 3, 2, 1]), 15449.0), (array([[12,  9],
       [13,  3],
       [ 2,  7],
       [ 7,  7]]), array([1, 1, 3, 1]), 15450.0), (array([[ 3.,  3.],
       [ 9.,  2.],
       [ 3.,  7.],
       [14.,  7.]]), array([2, 2, 2, 0]), 15453.0)]
Generation 17 population configuration: 
[(array([[ 1,  9],
       [ 8,  8],
       [12,  9],
       [13,  4]]), array([2, 1, 2, 3]), 13656.0), (array([[ 9,  8],
       [ 2,  6],
       [11,  2],
       [ 8,  3]]), array([3, 2, 0, 2]), 14740.0), (array([[11,  3],
       [11,  9],
       [ 1,  6],
       [13,  2]]), array([2, 2, 2, 0]), 14745.0), (array([[12,  3],
       [14,  8],
       [ 5,  6],
       [ 8,  3]]), array([1, 3, 2, 1]), 14745.0), (array([[12.,  3.],
       [14.,  8.],
       [ 5.,  6.],
       [ 8.,  3.]]), array([1, 3, 2, 1]), 14745.0), (array([[12,  9],
       [ 3,  4],
       [ 6,  8],
       [15,  4]]), array([2, 1, 1, 3]), 14746.0), (array([[ 2.,  7.],
       [ 4.,  9.],
       [ 7.,  2.],
       [10.,  8.]]), array([3, 2, 3, 3]), 14746.0), (array([[12.,  9.],
       [ 3.,  4.],
       [ 6.,  8.],
       [15.,  4.]]), array([2, 1, 1, 3]), 14746.0), (array([[ 2,  3],
       [ 3, 11],
       [ 5,  4],
       [ 8,  8]]), array([3, 0, 1, 1]), 15121.0), (array([[2., 8.],
       [7., 8.],
       [3., 3.],
       [9., 1.]]), array([1, 1, 0, 3]), 15124.0), (array([[2., 8.],
       [7., 8.],
       [3., 3.],
       [9., 1.]]), array([1, 1, 0, 3]), 15124.0), (array([[13,  3],
       [ 2,  7],
       [ 7,  3],
       [ 1,  5]]), array([1, 2, 0, 1]), 15125.0), (array([[2., 7.],
       [7., 8.],
       [3., 3.],
       [9., 1.]]), array([3, 1, 0, 3]), 15127.0), (array([[13.,  5.],
       [ 4.,  2.],
       [ 6.,  7.],
       [ 8.,  9.]]), array([0, 2, 0, 1]), 15128.0), (array([[12.,  1.],
       [ 0.,  8.],
       [ 9.,  7.],
       [13.,  8.]]), array([3, 1, 2, 1]), 15139.0), (array([[ 5.,  7.],
       [13.,  9.],
       [ 2.,  2.],
       [13.,  3.]]), array([3, 0, 2, 1]), 15441.0), (array([[15,  5],
       [ 8,  5],
       [ 9,  8],
       [ 2,  3]]), array([3, 2, 2, 2]), 15443.0), (array([[12.,  5.],
       [ 3.,  2.],
       [12.,  8.],
       [ 5.,  3.]]), array([1, 3, 2, 1]), 15449.0), (array([[ 8., 10.],
       [ 3.,  2.],
       [ 4.,  6.],
       [11.,  8.]]), array([0, 2, 3, 1]), 15451.0), (array([[ 3.,  3.],
       [ 9.,  2.],
       [ 3.,  7.],
       [14.,  7.]]), array([2, 2, 2, 0]), 15453.0)]
Generation 18 population configuration: 
[(array([[ 1,  9],
       [ 8,  8],
       [12,  9],
       [13,  4]]), array([2, 1, 2, 3]), 13656.0), (array([[ 1.,  9.],
       [ 8.,  8.],
       [12.,  3.],
       [ 2.,  7.]]), array([2, 1, 0, 1]), 14737.0), (array([[ 6,  5],
       [ 8,  8],
       [12,  5],
       [ 3,  5]]), array([1, 3, 1, 0]), 14742.0), (array([[11,  3],
       [11,  9],
       [ 1,  6],
       [13,  2]]), array([2, 2, 2, 0]), 14745.0), (array([[12,  3],
       [14,  8],
       [ 5,  6],
       [ 8,  3]]), array([1, 3, 2, 1]), 14745.0), (array([[12,  9],
       [ 3,  4],
       [ 6,  8],
       [15,  4]]), array([2, 1, 1, 3]), 14746.0), (array([[ 2.,  7.],
       [ 4.,  9.],
       [ 7.,  2.],
       [10.,  8.]]), array([3, 2, 3, 3]), 14746.0), (array([[12.,  9.],
       [ 3.,  4.],
       [ 6.,  8.],
       [15.,  4.]]), array([2, 1, 1, 3]), 14746.0), (array([[12.,  9.],
       [ 3.,  4.],
       [ 6.,  8.],
       [15.,  4.]]), array([2, 1, 1, 3]), 14746.0), (array([[2., 8.],
       [7., 8.],
       [3., 3.],
       [9., 1.]]), array([1, 1, 0, 3]), 15124.0), (array([[13.,  5.],
       [ 4.,  2.],
       [ 6.,  7.],
       [ 8.,  9.]]), array([0, 2, 0, 1]), 15128.0), (array([[13.,  5.],
       [ 4.,  2.],
       [ 6.,  7.],
       [ 8.,  9.]]), array([0, 2, 0, 1]), 15128.0), (array([[ 9.,  5.],
       [11., 10.],
       [ 5.,  5.],
       [13.,  9.]]), array([1, 0, 1, 1]), 15130.0), (array([[12.,  1.],
       [ 3.,  2.],
       [ 6.,  8.],
       [ 8.,  8.]]), array([3, 3, 3, 1]), 15131.0), (array([[12.,  1.],
       [ 0.,  8.],
       [ 9.,  7.],
       [13.,  8.]]), array([3, 1, 2, 1]), 15139.0), (array([[ 6.,  1.],
       [14.,  7.],
       [ 6.,  9.],
       [ 8.,  4.]]), array([2, 3, 2, 2]), 15442.0), (array([[ 6,  2],
       [ 5,  7],
       [11,  5],
       [ 4,  2]]), array([2, 2, 1, 3]), 15450.0), (array([[ 8., 10.],
       [ 3.,  2.],
       [ 4.,  6.],
       [11.,  8.]]), array([0, 2, 3, 1]), 15451.0), (array([[15,  1],
       [ 5,  7],
       [13, 10],
       [ 7,  5]]), array([3, 3, 0, 2]), 15459.0), (array([[12,  7],
       [ 1,  8],
       [10,  1],
       [10,  6]]), array([1, 2, 2, 0]), 15589.0)]
Generation 19 population configuration: 
[(array([[ 1,  9],
       [ 8,  8],
       [12,  9],
       [13,  4]]), array([2, 1, 2, 3]), 13656.0), (array([[11,  3],
       [11,  9],
       [ 1,  6],
       [13,  2]]), array([2, 2, 2, 0]), 14745.0), (array([[12,  3],
       [14,  8],
       [ 5,  6],
       [ 8,  3]]), array([1, 3, 2, 1]), 14745.0), (array([[12.,  3.],
       [14.,  8.],
       [ 5.,  6.],
       [ 8.,  3.]]), array([1, 3, 2, 1]), 14745.0), (array([[12.,  3.],
       [11.,  9.],
       [ 1.,  6.],
       [13.,  2.]]), array([2, 2, 2, 0]), 14745.0), (array([[12,  9],
       [ 3,  4],
       [ 6,  8],
       [15,  4]]), array([2, 1, 1, 3]), 14746.0), (array([[12.,  9.],
       [ 3.,  4.],
       [ 6.,  8.],
       [15.,  4.]]), array([2, 1, 1, 3]), 14746.0), (array([[ 2.,  7.],
       [ 4.,  9.],
       [ 7.,  2.],
       [10.,  8.]]), array([3, 2, 3, 3]), 14746.0), (array([[ 8,  5],
       [ 4,  5],
       [ 6, 10],
       [ 8, 10]]), array([1, 1, 0, 1]), 15123.0), (array([[2., 8.],
       [7., 8.],
       [3., 3.],
       [9., 1.]]), array([1, 1, 0, 3]), 15124.0), (array([[2., 8.],
       [7., 8.],
       [3., 3.],
       [9., 1.]]), array([1, 1, 0, 3]), 15124.0), (array([[12.,  7.],
       [ 4.,  9.],
       [ 5.,  3.],
       [ 2.,  7.]]), array([1, 2, 0, 1]), 15128.0), (array([[12.,  7.],
       [ 4.,  9.],
       [ 5.,  3.],
       [ 2.,  7.]]), array([1, 2, 0, 1]), 15128.0), (array([[13.,  5.],
       [ 4.,  2.],
       [ 6.,  7.],
       [13.,  2.]]), array([0, 2, 0, 0]), 15133.0), (array([[12,  5],
       [ 4,  7],
       [ 7,  2],
       [ 9,  9]]), array([1, 3, 0, 0]), 15137.0), (array([[ 5.,  7.],
       [13.,  9.],
       [ 2.,  2.],
       [13.,  3.]]), array([3, 0, 2, 1]), 15441.0), (array([[ 8., 10.],
       [ 3.,  2.],
       [ 4.,  6.],
       [11.,  8.]]), array([0, 2, 3, 1]), 15451.0), (array([[ 3.,  3.],
       [ 9.,  2.],
       [ 3.,  7.],
       [14.,  7.]]), array([2, 2, 2, 0]), 15453.0), (array([[12,  3],
       [11,  6],
       [ 4,  5],
       [ 2,  8]]), array([0, 0, 2, 2]), 15453.0), (array([[ 6,  9],
       [ 4,  1],
       [14,  2],
       [ 3,  8]]), array([1, 2, 0, 0]), 15462.0)]
Generation 20 population configuration: 
[(array([[ 1,  9],
       [ 8,  8],
       [12,  9],
       [13,  4]]), array([2, 1, 2, 3]), 13656.0), (array([[ 1.,  9.],
       [ 8.,  8.],
       [12.,  9.],
       [13.,  4.]]), array([2, 1, 2, 3]), 13656.0), (array([[12,  9],
       [ 1,  8],
       [ 5,  5],
       [10,  2]]), array([1, 1, 1, 2]), 14744.0), (array([[11,  3],
       [11,  9],
       [ 1,  6],
       [13,  2]]), array([2, 2, 2, 0]), 14745.0), (array([[12,  3],
       [14,  8],
       [ 5,  6],
       [ 8,  3]]), array([1, 3, 2, 1]), 14745.0), (array([[12,  9],
       [ 3,  4],
       [ 6,  8],
       [15,  4]]), array([2, 1, 1, 3]), 14746.0), (array([[ 2.,  7.],
       [ 4.,  9.],
       [ 7.,  2.],
       [10.,  8.]]), array([3, 2, 3, 3]), 14746.0), (array([[ 2.,  7.],
       [ 4.,  9.],
       [ 7.,  2.],
       [10.,  8.]]), array([3, 2, 3, 3]), 14746.0), (array([[ 2.,  7.],
       [ 4.,  9.],
       [ 7.,  2.],
       [10.,  8.]]), array([3, 2, 3, 3]), 14746.0), (array([[13.,  5.],
       [ 4.,  2.],
       [ 6.,  7.],
       [ 8.,  9.]]), array([0, 2, 0, 1]), 15128.0), (array([[ 9.,  5.],
       [11., 10.],
       [ 5.,  5.],
       [13.,  9.]]), array([1, 0, 1, 1]), 15130.0), (array([[ 6,  5],
       [ 9, 11],
       [10,  1],
       [10,  7]]), array([3, 0, 3, 0]), 15131.0), (array([[12.,  1.],
       [ 0.,  8.],
       [ 9.,  7.],
       [13.,  8.]]), array([3, 1, 2, 1]), 15139.0), (array([[10,  8],
       [12,  3],
       [ 4,  5],
       [13,  8]]), array([3, 1, 3, 1]), 15140.0), (array([[12,  5],
       [10, 10],
       [ 2,  2],
       [ 2, 10]]), array([1, 0, 2, 1]), 15440.0), (array([[ 6.,  1.],
       [14.,  7.],
       [ 6.,  9.],
       [ 8.,  4.]]), array([2, 3, 2, 2]), 15442.0), (array([[12.,  5.],
       [ 3.,  2.],
       [12.,  8.],
       [ 5.,  3.]]), array([1, 3, 2, 1]), 15449.0), (array([[12.,  5.],
       [ 3.,  2.],
       [12.,  8.],
       [ 5.,  3.]]), array([1, 3, 2, 1]), 15449.0), (array([[ 8., 10.],
       [ 3.,  2.],
       [ 4.,  6.],
       [11.,  8.]]), array([0, 2, 3, 1]), 15451.0), (array([[ 8., 10.],
       [ 3.,  2.],
       [ 4.,  6.],
       [11.,  8.]]), array([0, 2, 3, 1]), 15451.0)]
Generation 21 population configuration: 
[(array([[ 1,  9],
       [ 8,  8],
       [12,  9],
       [13,  4]]), array([2, 1, 2, 3]), 13656.0), (array([[ 1.,  9.],
       [ 8.,  8.],
       [12.,  9.],
       [13.,  4.]]), array([2, 1, 2, 3]), 13656.0), (array([[2., 7.],
       [4., 9.],
       [7., 2.],
       [8., 3.]]), array([3, 2, 3, 1]), 14743.0), (array([[ 3,  7],
       [ 7,  7],
       [11,  6],
       [ 9,  0]]), array([3, 2, 0, 2]), 14744.0), (array([[11,  3],
       [11,  9],
       [ 1,  6],
       [13,  2]]), array([2, 2, 2, 0]), 14745.0), (array([[12,  3],
       [14,  8],
       [ 5,  6],
       [ 8,  3]]), array([1, 3, 2, 1]), 14745.0), (array([[12,  9],
       [ 3,  4],
       [ 6,  8],
       [15,  4]]), array([2, 1, 1, 3]), 14746.0), (array([[ 2.,  7.],
       [ 4.,  9.],
       [ 7.,  2.],
       [10.,  8.]]), array([3, 2, 3, 3]), 14746.0), (array([[12.,  9.],
       [ 3.,  4.],
       [ 6.,  8.],
       [13.,  4.]]), array([2, 1, 1, 3]), 14746.0), (array([[12.,  9.],
       [ 3.,  4.],
       [ 6.,  8.],
       [15.,  4.]]), array([2, 1, 1, 3]), 14746.0), (array([[ 0, 10],
       [ 3,  9],
       [13,  5],
       [ 5,  1]]), array([1, 1, 3, 2]), 14894.0), (array([[ 8,  9],
       [12,  1],
       [12,  9],
       [ 3,  7]]), array([1, 2, 2, 2]), 14896.0), (array([[5., 3.],
       [3., 2.],
       [6., 8.],
       [8., 8.]]), array([1, 3, 3, 1]), 15122.0), (array([[2., 8.],
       [7., 8.],
       [3., 3.],
       [9., 1.]]), array([1, 1, 0, 3]), 15124.0), (array([[2., 8.],
       [7., 8.],
       [3., 3.],
       [9., 1.]]), array([1, 1, 0, 3]), 15124.0), (array([[ 1,  2],
       [ 2,  8],
       [10,  3],
       [ 6,  8]]), array([2, 1, 2, 1]), 15436.0), (array([[ 6.,  1.],
       [14.,  7.],
       [ 6.,  9.],
       [ 8.,  4.]]), array([2, 3, 2, 2]), 15442.0), (array([[12.,  5.],
       [ 3.,  2.],
       [12.,  8.],
       [ 5.,  3.]]), array([1, 3, 2, 1]), 15449.0), (array([[ 3.,  3.],
       [ 9.,  2.],
       [ 3.,  7.],
       [14.,  7.]]), array([2, 2, 2, 0]), 15453.0), (array([[12.,  1.],
       [ 4.,  9.],
       [ 7.,  2.],
       [10.,  8.]]), array([3, 2, 3, 3]), 15598.0)]
Generation 22 population configuration: 
[(array([[ 1,  9],
       [ 8,  8],
       [12,  9],
       [13,  4]]), array([2, 1, 2, 3]), 13656.0), (array([[11,  3],
       [11,  9],
       [ 1,  6],
       [13,  2]]), array([2, 2, 2, 0]), 14745.0), (array([[12,  3],
       [14,  8],
       [ 5,  6],
       [ 8,  3]]), array([1, 3, 2, 1]), 14745.0), (array([[12.,  3.],
       [14.,  8.],
       [ 5.,  6.],
       [ 8.,  3.]]), array([1, 3, 2, 1]), 14745.0), (array([[12,  9],
       [ 3,  4],
       [ 6,  8],
       [15,  4]]), array([2, 1, 1, 3]), 14746.0), (array([[ 2.,  7.],
       [ 4.,  9.],
       [ 7.,  2.],
       [10.,  8.]]), array([3, 2, 3, 3]), 14746.0), (array([[12.,  9.],
       [ 3.,  4.],
       [ 6.,  8.],
       [15.,  4.]]), array([2, 1, 1, 3]), 14746.0), (array([[12,  9],
       [ 2,  5],
       [ 6,  2],
       [12,  4]]), array([2, 2, 2, 2]), 14746.0), (array([[10,  8],
       [14,  2],
       [15,  7],
       [ 5,  3]]), array([0, 0, 3, 2]), 14899.0), (array([[12,  7],
       [ 1,  9],
       [12,  2],
       [12, 10]]), array([0, 1, 2, 0]), 15121.0), (array([[12.,  1.],
       [ 7.,  8.],
       [ 3.,  3.],
       [ 9.,  1.]]), array([3, 1, 0, 3]), 15125.0), (array([[13.,  5.],
       [ 4.,  2.],
       [ 6.,  7.],
       [ 8.,  9.]]), array([0, 2, 0, 1]), 15128.0), (array([[12.,  1.],
       [ 0.,  8.],
       [ 9.,  7.],
       [13.,  8.]]), array([3, 1, 2, 1]), 15139.0), (array([[12.,  1.],
       [ 0.,  8.],
       [ 9.,  7.],
       [13.,  8.]]), array([3, 1, 2, 1]), 15139.0), (array([[ 5.,  7.],
       [13.,  9.],
       [ 2.,  2.],
       [13.,  3.]]), array([3, 0, 2, 1]), 15441.0), (array([[ 5.,  7.],
       [13.,  9.],
       [ 2.,  2.],
       [13.,  3.]]), array([3, 0, 2, 1]), 15441.0), (array([[12.,  5.],
       [ 3.,  2.],
       [12.,  8.],
       [ 5.,  3.]]), array([1, 3, 2, 1]), 15449.0), (array([[12.,  5.],
       [ 3.,  2.],
       [12.,  8.],
       [ 5.,  3.]]), array([1, 3, 2, 1]), 15449.0), (array([[11,  9],
       [ 7,  6],
       [ 6,  3],
       [ 1,  6]]), array([1, 2, 2, 2]), 15449.0), (array([[ 3.,  3.],
       [ 9.,  2.],
       [ 3.,  7.],
       [14.,  7.]]), array([2, 2, 2, 0]), 15453.0)]
Generation 23 population configuration: 
[(array([[ 1,  9],
       [ 8,  8],
       [12,  9],
       [13,  4]]), array([2, 1, 2, 3]), 13656.0), (array([[ 1.,  9.],
       [ 8.,  8.],
       [12.,  9.],
       [13.,  4.]]), array([2, 1, 2, 3]), 13656.0), (array([[ 1.,  9.],
       [ 8.,  8.],
       [12.,  9.],
       [13.,  4.]]), array([2, 1, 2, 3]), 13656.0), (array([[11,  3],
       [11,  9],
       [ 1,  6],
       [13,  2]]), array([2, 2, 2, 0]), 14745.0), (array([[12,  3],
       [14,  8],
       [ 5,  6],
       [ 8,  3]]), array([1, 3, 2, 1]), 14745.0), (array([[11.,  3.],
       [11.,  9.],
       [ 1.,  6.],
       [13.,  2.]]), array([2, 2, 2, 0]), 14745.0), (array([[12,  9],
       [ 3,  4],
       [ 6,  8],
       [15,  4]]), array([2, 1, 1, 3]), 14746.0), (array([[ 2.,  7.],
       [ 4.,  9.],
       [ 7.,  2.],
       [10.,  8.]]), array([3, 2, 3, 3]), 14746.0), (array([[5., 3.],
       [3., 2.],
       [6., 8.],
       [8., 8.]]), array([1, 3, 3, 1]), 15122.0), (array([[2., 8.],
       [7., 8.],
       [3., 3.],
       [9., 1.]]), array([1, 1, 0, 3]), 15124.0), (array([[13.,  5.],
       [ 4.,  2.],
       [ 6.,  7.],
       [ 8.,  9.]]), array([0, 2, 0, 1]), 15128.0), (array([[13.,  5.],
       [ 4.,  2.],
       [ 6.,  7.],
       [ 8.,  9.]]), array([0, 2, 0, 1]), 15128.0), (array([[10,  4],
       [13,  8],
       [ 4,  4],
       [13,  4]]), array([0, 0, 1, 1]), 15128.0), (array([[ 1,  4],
       [ 9,  5],
       [15,  2],
       [13,  9]]), array([1, 1, 3, 0]), 15134.0), (array([[ 3,  4],
       [10,  2],
       [14, 10],
       [ 3,  5]]), array([0, 2, 0, 2]), 15134.0), (array([[12.,  1.],
       [13.,  9.],
       [ 2.,  2.],
       [13.,  3.]]), array([3, 0, 2, 1]), 15136.0), (array([[12.,  1.],
       [ 0.,  8.],
       [ 9.,  7.],
       [13.,  8.]]), array([3, 1, 2, 1]), 15139.0), (array([[ 6.,  1.],
       [14.,  7.],
       [ 6.,  9.],
       [ 8.,  4.]]), array([2, 3, 2, 2]), 15442.0), (array([[ 1,  2],
       [ 8,  2],
       [10,  7],
       [13,  8]]), array([2, 0, 1, 1]), 15448.0), (array([[12.,  5.],
       [ 3.,  2.],
       [12.,  8.],
       [ 5.,  3.]]), array([1, 3, 2, 1]), 15449.0)]
Generation 24 population configuration: 
[(array([[ 1,  9],
       [ 8,  8],
       [12,  9],
       [13,  4]]), array([2, 1, 2, 3]), 13656.0), (array([[ 1.,  9.],
       [ 8.,  8.],
       [12.,  9.],
       [13.,  4.]]), array([2, 1, 2, 3]), 13656.0), (array([[ 1.,  9.],
       [ 8.,  8.],
       [12.,  9.],
       [13.,  4.]]), array([2, 1, 2, 3]), 13656.0), (array([[ 1.,  9.],
       [ 8.,  8.],
       [12.,  9.],
       [13.,  4.]]), array([2, 1, 2, 3]), 13656.0), (array([[ 1.,  9.],
       [ 8.,  8.],
       [12.,  9.],
       [13.,  4.]]), array([2, 1, 2, 3]), 13656.0), (array([[11,  3],
       [11,  9],
       [ 1,  6],
       [13,  2]]), array([2, 2, 2, 0]), 14745.0), (array([[12,  3],
       [14,  8],
       [ 5,  6],
       [ 8,  3]]), array([1, 3, 2, 1]), 14745.0), (array([[11.,  3.],
       [11.,  9.],
       [ 1.,  6.],
       [13.,  2.]]), array([2, 2, 2, 0]), 14745.0), (array([[12.,  3.],
       [14.,  8.],
       [ 5.,  6.],
       [ 8.,  3.]]), array([1, 3, 2, 1]), 14745.0), (array([[12,  9],
       [ 3,  4],
       [ 6,  8],
       [15,  4]]), array([2, 1, 1, 3]), 14746.0), (array([[12.,  9.],
       [ 3.,  4.],
       [ 6.,  8.],
       [15.,  4.]]), array([2, 1, 1, 3]), 14746.0), (array([[ 2.,  7.],
       [ 4.,  9.],
       [ 7.,  2.],
       [10.,  8.]]), array([3, 2, 3, 3]), 14746.0), (array([[ 9,  8],
       [ 5,  5],
       [11,  1],
       [ 2,  5]]), array([1, 1, 3, 3]), 15127.0), (array([[13.,  5.],
       [ 4.,  2.],
       [ 6.,  7.],
       [ 8.,  9.]]), array([0, 2, 0, 1]), 15128.0), (array([[ 9.,  5.],
       [11., 10.],
       [ 5.,  5.],
       [13.,  9.]]), array([1, 0, 1, 1]), 15130.0), (array([[ 4,  7],
       [11,  2],
       [ 7,  9],
       [13,  9]]), array([0, 2, 1, 1]), 15135.0), (array([[ 5,  3],
       [13,  4],
       [ 3, 11],
       [11, 10]]), array([2, 0, 0, 1]), 15136.0), (array([[12.,  1.],
       [ 0.,  8.],
       [ 9.,  7.],
       [13.,  8.]]), array([3, 1, 2, 1]), 15139.0), (array([[12,  8],
       [ 1,  4],
       [ 7,  2],
       [ 4,  8]]), array([3, 2, 2, 2]), 15441.0), (array([[12.,  5.],
       [ 3.,  2.],
       [12.,  8.],
       [ 5.,  3.]]), array([1, 3, 2, 1]), 15449.0)]
Generation 25 population configuration: 
[(array([[ 1,  9],
       [ 8,  8],
       [12,  9],
       [13,  4]]), array([2, 1, 2, 3]), 13656.0), (array([[ 4,  6],
       [ 6,  4],
       [12,  3],
       [ 2,  3]]), array([2, 1, 3, 3]), 14738.0), (array([[15,  8],
       [ 3,  6],
       [ 0,  4],
       [12,  1]]), array([3, 2, 1, 2]), 14744.0), (array([[11,  3],
       [11,  9],
       [ 1,  6],
       [13,  2]]), array([2, 2, 2, 0]), 14745.0), (array([[12,  3],
       [14,  8],
       [ 5,  6],
       [ 8,  3]]), array([1, 3, 2, 1]), 14745.0), (array([[11.,  3.],
       [11.,  9.],
       [ 1.,  6.],
       [13.,  2.]]), array([2, 2, 2, 0]), 14745.0), (array([[12.,  3.],
       [14.,  8.],
       [ 5.,  6.],
       [ 8.,  3.]]), array([1, 3, 2, 1]), 14745.0), (array([[12.,  3.],
       [14.,  8.],
       [ 5.,  6.],
       [ 8.,  3.]]), array([1, 3, 2, 1]), 14745.0), (array([[12,  9],
       [ 3,  4],
       [ 6,  8],
       [15,  4]]), array([2, 1, 1, 3]), 14746.0), (array([[12.,  9.],
       [ 3.,  4.],
       [ 6.,  8.],
       [15.,  4.]]), array([2, 1, 1, 3]), 14746.0), (array([[12.,  9.],
       [ 3.,  4.],
       [ 6.,  8.],
       [15.,  4.]]), array([2, 1, 1, 3]), 14746.0), (array([[ 9,  4],
       [11,  2],
       [ 5,  3],
       [ 6,  9]]), array([2, 0, 0, 0]), 14897.0), (array([[13.,  5.],
       [ 4.,  2.],
       [ 6.,  7.],
       [ 8.,  9.]]), array([0, 2, 0, 1]), 15128.0), (array([[13.,  5.],
       [ 4.,  2.],
       [ 1.,  6.],
       [13.,  2.]]), array([0, 2, 2, 0]), 15151.0), (array([[ 6.,  1.],
       [14.,  7.],
       [ 6.,  9.],
       [ 8.,  4.]]), array([2, 3, 2, 2]), 15442.0), (array([[ 6.,  1.],
       [14.,  7.],
       [ 6.,  9.],
       [ 8.,  4.]]), array([2, 3, 2, 2]), 15442.0), (array([[ 4,  5],
       [10,  6],
       [10, 10],
       [ 1, 10]]), array([1, 1, 0, 1]), 15447.0), (array([[12.,  5.],
       [ 3.,  2.],
       [12.,  8.],
       [ 5.,  3.]]), array([1, 3, 2, 1]), 15449.0), (array([[12.,  1.],
       [ 3.,  2.],
       [12.,  8.],
       [ 5.,  3.]]), array([3, 3, 2, 1]), 15457.0), (array([[12.,  9.],
       [ 3.,  4.],
       [ 6.,  9.],
       [13.,  4.]]), array([2, 1, 2, 3]), 15599.0)]
