Generation 35 population configuration: 
[(array([[ 1,  9],
       [ 8,  8],
       [12,  9],
       [13,  4]]), array([2, 1, 2, 3]), 13656.0), (array([[ 4,  6],
       [ 6,  4],
       [12,  3],
       [ 2,  3]]), array([2, 1, 3, 3]), 14738.0), (array([[ 4.,  6.],
       [ 6.,  4.],
       [12.,  3.],
       [ 2.,  3.]]), array([2, 1, 3, 3]), 14738.0), (array([[ 4.,  6.],
       [ 6.,  4.],
       [12.,  3.],
       [ 2.,  3.]]), array([2, 1, 3, 3]), 14738.0), (array([[11,  3],
       [ 5,  5],
       [ 6, 10],
       [ 5,  3]]), array([2, 2, 0, 1]), 14739.0), (array([[ 5,  5],
       [ 7,  8],
       [ 9,  5],
       [12,  4]]), array([1, 2, 1, 1]), 14742.0), (array([[ 5.,  5.],
       [ 7.,  8.],
       [ 9.,  5.],
       [12.,  4.]]), array([1, 2, 1, 1]), 14742.0), (array([[ 5.,  5.],
       [ 7.,  8.],
       [ 9.,  5.],
       [12.,  4.]]), array([1, 2, 1, 1]), 14742.0), (array([[15,  8],
       [ 3,  6],
       [ 0,  4],
       [12,  1]]), array([3, 2, 1, 2]), 14744.0), (array([[12.,  3.],
       [14.,  8.],
       [ 5.,  6.],
       [ 8.,  3.]]), array([1, 3, 2, 1]), 14745.0), (array([[12.,  3.],
       [14.,  8.],
       [ 5.,  6.],
       [ 8.,  3.]]), array([1, 3, 2, 1]), 14745.0), (array([[11.,  3.],
       [11.,  9.],
       [ 1.,  6.],
       [13.,  2.]]), array([2, 2, 2, 0]), 14745.0), (array([[11.,  3.],
       [11.,  9.],
       [ 1.,  6.],
       [13.,  2.]]), array([2, 2, 2, 0]), 14745.0), (array([[11.,  3.],
       [11.,  9.],
       [ 1.,  6.],
       [13.,  2.]]), array([2, 2, 2, 0]), 14745.0), (array([[11.,  3.],
       [11.,  9.],
       [ 1.,  6.],
       [13.,  2.]]), array([2, 2, 2, 0]), 14745.0), (array([[11.,  3.],
       [11.,  9.],
       [ 1.,  6.],
       [13.,  2.]]), array([2, 2, 2, 0]), 14745.0), (array([[5, 8],
       [6, 5],
       [3, 5],
       [9, 7]]), array([2, 1, 3, 1]), 15117.0), (array([[11.,  7.],
       [13.,  7.],
       [ 5.,  4.],
       [11.,  2.]]), array([0, 1, 1, 0]), 15125.0), (array([[13,  3],
       [ 1,  8],
       [ 8,  7],
       [11,  9]]), array([1, 2, 3, 2]), 15453.0), (array([[14,  2],
       [ 9,  8],
       [ 0,  9],
       [ 9,  6]]), array([0, 2, 1, 1]), 15459.0)]
Generation 36 population configuration: 
[(array([[ 1,  9],
       [ 8,  8],
       [12,  9],
       [13,  4]]), array([2, 1, 2, 3]), 13656.0), (array([[ 1.,  9.],
       [ 8.,  8.],
       [12.,  9.],
       [13.,  4.]]), array([2, 1, 2, 3]), 13656.0), (array([[ 4,  6],
       [ 6,  4],
       [12,  3],
       [ 2,  3]]), array([2, 1, 3, 3]), 14738.0), (array([[ 5,  5],
       [ 7,  8],
       [ 9,  5],
       [12,  4]]), array([1, 2, 1, 1]), 14742.0), (array([[5, 2],
       [2, 6],
       [9, 5],
       [9, 9]]), array([2, 2, 1, 2]), 14743.0), (array([[15,  8],
       [ 3,  6],
       [ 0,  4],
       [12,  1]]), array([3, 2, 1, 2]), 14744.0), (array([[15.,  8.],
       [ 3.,  6.],
       [ 0.,  4.],
       [12.,  1.]]), array([3, 2, 1, 2]), 14744.0), (array([[12.,  3.],
       [14.,  8.],
       [ 5.,  6.],
       [ 8.,  3.]]), array([1, 3, 2, 1]), 14745.0), (array([[11.,  3.],
       [11.,  9.],
       [ 1.,  6.],
       [13.,  2.]]), array([2, 2, 2, 0]), 14745.0), (array([[11.,  3.],
       [11.,  9.],
       [ 1.,  6.],
       [13.,  2.]]), array([2, 2, 2, 0]), 14745.0), (array([[12.,  3.],
       [14.,  8.],
       [ 5.,  6.],
       [ 8.,  3.]]), array([1, 3, 2, 1]), 14745.0), (array([[12.,  9.],
       [ 3.,  4.],
       [ 6.,  8.],
       [15.,  4.]]), array([2, 1, 1, 3]), 14746.0), (array([[12.,  9.],
       [ 3.,  4.],
       [ 6.,  8.],
       [15.,  4.]]), array([2, 1, 1, 3]), 14746.0), (array([[12.,  9.],
       [ 3.,  4.],
       [ 6.,  8.],
       [15.,  4.]]), array([2, 1, 1, 3]), 14746.0), (array([[12.,  9.],
       [ 3.,  4.],
       [ 6.,  8.],
       [15.,  4.]]), array([2, 1, 1, 3]), 14746.0), (array([[12.,  9.],
       [ 3.,  4.],
       [ 6.,  8.],
       [15.,  4.]]), array([2, 1, 1, 3]), 14746.0), (array([[ 1,  9],
       [ 9,  9],
       [10,  4],
       [ 2,  4]]), array([2, 2, 1, 1]), 14749.0), (array([[12.,  9.],
       [ 3.,  4.],
       [ 6.,  8.],
       [11.,  2.]]), array([2, 1, 1, 0]), 14896.0), (array([[12, 10],
       [ 3,  7],
       [ 7,  6],
       [ 2,  7]]), array([1, 1, 1, 3]), 15135.0), (array([[ 4,  8],
       [ 9,  5],
       [13,  9],
       [ 3,  3]]), array([2, 1, 0, 3]), 15599.0)]
Generation 37 population configuration: 
[(array([[ 1,  9],
       [ 8,  8],
       [12,  9],
       [13,  4]]), array([2, 1, 2, 3]), 13656.0), (array([[ 4,  6],
       [ 6,  4],
       [12,  3],
       [ 2,  3]]), array([2, 1, 3, 3]), 14738.0), (array([[ 4.,  6.],
       [ 6.,  4.],
       [12.,  3.],
       [ 2.,  3.]]), array([2, 1, 3, 3]), 14738.0), (array([[ 5,  5],
       [ 7,  8],
       [ 9,  5],
       [12,  4]]), array([1, 2, 1, 1]), 14742.0), (array([[15,  8],
       [ 3,  6],
       [ 0,  4],
       [12,  1]]), array([3, 2, 1, 2]), 14744.0), (array([[12.,  3.],
       [14.,  8.],
       [ 5.,  6.],
       [ 8.,  2.]]), array([1, 3, 2, 2]), 14745.0), (array([[11.,  3.],
       [11.,  9.],
       [ 1.,  6.],
       [13.,  2.]]), array([2, 2, 2, 0]), 14745.0), (array([[11.,  3.],
       [11.,  9.],
       [ 1.,  6.],
       [13.,  2.]]), array([2, 2, 2, 0]), 14745.0), (array([[12.,  3.],
       [14.,  8.],
       [ 5.,  6.],
       [ 8.,  3.]]), array([1, 3, 2, 1]), 14745.0), (array([[11.,  3.],
       [11.,  9.],
       [ 1.,  6.],
       [13.,  2.]]), array([2, 2, 2, 0]), 14745.0), (array([[11.,  3.],
       [11.,  9.],
       [ 1.,  6.],
       [13.,  2.]]), array([2, 2, 2, 0]), 14745.0), (array([[12.,  3.],
       [14.,  8.],
       [ 5.,  6.],
       [ 8.,  3.]]), array([1, 3, 2, 1]), 14745.0), (array([[11.,  3.],
       [11.,  9.],
       [ 1.,  6.],
       [13.,  2.]]), array([2, 2, 2, 0]), 14745.0), (array([[12.,  9.],
       [ 3.,  4.],
       [ 6.,  8.],
       [15.,  4.]]), array([2, 1, 1, 3]), 14746.0), (array([[12.,  9.],
       [ 3.,  4.],
       [ 6.,  8.],
       [15.,  4.]]), array([2, 1, 1, 3]), 14746.0), (array([[12.,  9.],
       [ 3.,  4.],
       [ 6.,  8.],
       [15.,  4.]]), array([2, 1, 1, 3]), 14746.0), (array([[ 7,  7],
       [ 6,  0],
       [ 6,  8],
       [12,  3]]), array([0, 2, 2, 2]), 14746.0), (array([[ 3,  4],
       [10,  6],
       [ 2,  4],
       [ 8,  3]]), array([1, 2, 3, 2]), 15127.0), (array([[ 6,  3],
       [12,  6],
       [11,  8],
       [ 4,  6]]), array([0, 0, 2, 3]), 15129.0), (array([[6, 6],
       [9, 3],
       [2, 6],
       [1, 2]]), array([1, 1, 2, 2]), 15604.0)]
Generation 38 population configuration: 
[(array([[ 1,  9],
       [ 8,  8],
       [12,  9],
       [13,  4]]), array([2, 1, 2, 3]), 13656.0), (array([[ 1.,  9.],
       [ 8.,  8.],
       [12.,  9.],
       [13.,  4.]]), array([2, 1, 2, 3]), 13656.0), (array([[ 7,  3],
       [ 7,  6],
       [ 2,  8],
       [11,  1]]), array([0, 2, 3, 3]), 14736.0), (array([[ 4,  6],
       [ 6,  4],
       [12,  3],
       [ 2,  3]]), array([2, 1, 3, 3]), 14738.0), (array([[5, 1],
       [9, 5],
       [1, 4],
       [6, 8]]), array([2, 2, 2, 2]), 14739.0), (array([[ 5,  5],
       [ 7,  8],
       [ 9,  5],
       [12,  4]]), array([1, 2, 1, 1]), 14742.0), (array([[ 5.,  5.],
       [ 7.,  8.],
       [ 9.,  5.],
       [12.,  4.]]), array([1, 2, 1, 1]), 14742.0), (array([[15,  8],
       [ 3,  6],
       [ 0,  4],
       [12,  1]]), array([3, 2, 1, 2]), 14744.0), (array([[15.,  8.],
       [ 3.,  6.],
       [ 0.,  4.],
       [12.,  1.]]), array([3, 2, 1, 2]), 14744.0), (array([[ 6,  9],
       [11,  1],
       [10,  6],
       [ 0, 10]]), array([2, 2, 2, 1]), 14744.0), (array([[11.,  3.],
       [11.,  9.],
       [ 1.,  6.],
       [13.,  2.]]), array([2, 2, 2, 0]), 14745.0), (array([[12.,  3.],
       [14.,  8.],
       [ 5.,  6.],
       [ 8.,  3.]]), array([1, 3, 2, 1]), 14745.0), (array([[12.,  3.],
       [14.,  8.],
       [ 5.,  6.],
       [ 8.,  3.]]), array([1, 3, 2, 1]), 14745.0), (array([[11.,  3.],
       [11.,  9.],
       [ 1.,  6.],
       [13.,  2.]]), array([2, 2, 2, 0]), 14745.0), (array([[12.,  3.],
       [14.,  8.],
       [ 5.,  6.],
       [ 8.,  3.]]), array([1, 3, 2, 1]), 14745.0), (array([[11.,  3.],
       [11.,  9.],
       [ 1.,  6.],
       [13.,  2.]]), array([2, 2, 2, 0]), 14745.0), (array([[12.,  9.],
       [ 3.,  4.],
       [ 6.,  8.],
       [15.,  4.]]), array([2, 1, 1, 3]), 14746.0), (array([[12.,  9.],
       [ 3.,  4.],
       [ 6.,  8.],
       [15.,  4.]]), array([2, 1, 1, 3]), 14746.0), (array([[12.,  9.],
       [ 3.,  4.],
       [ 6.,  8.],
       [15.,  4.]]), array([2, 1, 1, 3]), 14746.0), (array([[ 5,  9],
       [ 5,  6],
       [13,  2],
       [14,  5]]), array([2, 2, 0, 3]), 17827.0)]
Generation 39 population configuration: 
[(array([[ 1,  9],
       [ 8,  8],
       [12,  9],
       [13,  4]]), array([2, 1, 2, 3]), 13656.0), (array([[ 4,  6],
       [ 6,  4],
       [12,  3],
       [ 2,  3]]), array([2, 1, 3, 3]), 14738.0), (array([[ 4.,  6.],
       [ 6.,  4.],
       [12.,  3.],
       [ 2.,  3.]]), array([2, 1, 3, 3]), 14738.0), (array([[ 5,  5],
       [ 7,  8],
       [ 9,  5],
       [12,  4]]), array([1, 2, 1, 1]), 14742.0), (array([[15,  8],
       [ 3,  6],
       [ 0,  4],
       [12,  1]]), array([3, 2, 1, 2]), 14744.0), (array([[12.,  3.],
       [14.,  8.],
       [ 5.,  6.],
       [ 8.,  3.]]), array([1, 3, 2, 1]), 14745.0), (array([[11.,  3.],
       [11.,  9.],
       [ 1.,  6.],
       [13.,  2.]]), array([2, 2, 2, 0]), 14745.0), (array([[11.,  3.],
       [11.,  9.],
       [ 1.,  6.],
       [13.,  2.]]), array([2, 2, 2, 0]), 14745.0), (array([[12.,  3.],
       [14.,  8.],
       [ 5.,  6.],
       [ 8.,  3.]]), array([1, 3, 2, 1]), 14745.0), (array([[11.,  3.],
       [11.,  9.],
       [ 1.,  6.],
       [13.,  2.]]), array([2, 2, 2, 0]), 14745.0), (array([[12.,  3.],
       [14.,  8.],
       [ 5.,  6.],
       [ 8.,  3.]]), array([1, 3, 2, 1]), 14745.0), (array([[11.,  3.],
       [11.,  9.],
       [ 1.,  6.],
       [13.,  2.]]), array([2, 2, 2, 0]), 14745.0), (array([[11.,  3.],
       [11.,  9.],
       [ 1.,  6.],
       [13.,  2.]]), array([2, 2, 2, 0]), 14745.0), (array([[12.,  9.],
       [ 3.,  4.],
       [ 6.,  8.],
       [15.,  4.]]), array([2, 1, 1, 3]), 14746.0), (array([[12.,  9.],
       [ 3.,  4.],
       [ 6.,  8.],
       [15.,  4.]]), array([2, 1, 1, 3]), 14746.0), (array([[12,  4],
       [ 5,  5],
       [13, 10],
       [ 1,  9]]), array([2, 0, 1, 1]), 14746.0), (array([[ 6,  3],
       [14,  5],
       [ 8, 11],
       [ 5,  8]]), array([1, 0, 0, 0]), 15121.0), (array([[11.,  7.],
       [13.,  7.],
       [ 5.,  4.],
       [11.,  2.]]), array([0, 1, 1, 0]), 15125.0), (array([[ 2,  4],
       [13,  6],
       [ 9,  3],
       [ 5,  8]]), array([1, 1, 0, 2]), 15131.0), (array([[13,  4],
       [ 6,  8],
       [ 8,  4],
       [ 1,  2]]), array([1, 3, 2, 2]), 15606.0)]
Generation 40 population configuration: 
[(array([[ 1,  9],
       [ 8,  8],
       [12,  9],
       [13,  4]]), array([2, 1, 2, 3]), 13656.0), (array([[ 1.,  9.],
       [ 8.,  8.],
       [12.,  9.],
       [13.,  4.]]), array([2, 1, 2, 3]), 13656.0), (array([[ 1.,  9.],
       [ 8.,  8.],
       [12.,  9.],
       [13.,  4.]]), array([2, 1, 2, 3]), 13656.0), (array([[ 4,  6],
       [ 6,  4],
       [12,  3],
       [ 2,  3]]), array([2, 1, 3, 3]), 14738.0), (array([[ 4.,  6.],
       [ 6.,  4.],
       [12.,  3.],
       [ 2.,  3.]]), array([2, 1, 3, 3]), 14738.0), (array([[ 5,  5],
       [ 7,  8],
       [ 9,  5],
       [12,  4]]), array([1, 2, 1, 1]), 14742.0), (array([[15,  8],
       [ 3,  6],
       [ 0,  4],
       [12,  1]]), array([3, 2, 1, 2]), 14744.0), (array([[15.,  8.],
       [ 3.,  6.],
       [ 0.,  4.],
       [12.,  1.]]), array([3, 2, 1, 2]), 14744.0), (array([[12.,  3.],
       [14.,  8.],
       [ 5.,  6.],
       [ 8.,  3.]]), array([1, 3, 2, 1]), 14745.0), (array([[12.,  3.],
       [14.,  8.],
       [ 5.,  6.],
       [ 8.,  3.]]), array([1, 3, 2, 1]), 14745.0), (array([[12.,  3.],
       [14.,  8.],
       [ 5.,  6.],
       [ 8.,  3.]]), array([1, 3, 2, 1]), 14745.0), (array([[12.,  3.],
       [14.,  8.],
       [ 5.,  6.],
       [ 8.,  3.]]), array([1, 3, 2, 1]), 14745.0), (array([[12.,  3.],
       [14.,  8.],
       [ 5.,  6.],
       [ 8.,  3.]]), array([1, 3, 2, 1]), 14745.0), (array([[11.,  3.],
       [11.,  9.],
       [ 1.,  6.],
       [13.,  2.]]), array([2, 2, 2, 0]), 14745.0), (array([[12.,  9.],
       [ 3.,  4.],
       [ 6.,  8.],
       [15.,  4.]]), array([2, 1, 1, 3]), 14746.0), (array([[12.,  9.],
       [ 3.,  4.],
       [ 6.,  8.],
       [15.,  4.]]), array([2, 1, 1, 3]), 14746.0), (array([[12,  9],
       [ 5,  9],
       [ 3,  7],
       [11,  2]]), array([1, 2, 1, 0]), 15131.0), (array([[13,  8],
       [12,  6],
       [ 8,  1],
       [12,  3]]), array([1, 3, 3, 1]), 15134.0), (array([[12,  5],
       [ 3,  4],
       [11,  4],
       [ 1,  6]]), array([1, 0, 3, 2]), 15457.0), (array([[ 5,  5],
       [ 0,  6],
       [13, 10],
       [ 4,  1]]), array([2, 1, 1, 2]), 15458.0)]
Generation 41 population configuration: 
[(array([[ 1,  9],
       [ 8,  8],
       [12,  9],
       [13,  4]]), array([2, 1, 2, 3]), 13656.0), (array([[ 1.,  9.],
       [ 8.,  8.],
       [12.,  9.],
       [13.,  4.]]), array([2, 1, 2, 3]), 13656.0), (array([[ 4,  6],
       [ 6,  4],
       [12,  3],
       [ 2,  3]]), array([2, 1, 3, 3]), 14738.0), (array([[ 4.,  6.],
       [ 6.,  4.],
       [12.,  3.],
       [ 2.,  3.]]), array([2, 1, 3, 3]), 14738.0), (array([[ 4.,  6.],
       [ 6.,  4.],
       [12.,  3.],
       [ 2.,  3.]]), array([2, 1, 3, 3]), 14738.0), (array([[ 5,  5],
       [ 7,  8],
       [ 9,  5],
       [12,  4]]), array([1, 2, 1, 1]), 14742.0), (array([[15,  8],
       [ 3,  6],
       [ 0,  4],
       [12,  1]]), array([3, 2, 1, 2]), 14744.0), (array([[12.,  3.],
       [14.,  8.],
       [ 5.,  6.],
       [ 8.,  3.]]), array([1, 3, 2, 1]), 14745.0), (array([[11.,  3.],
       [11.,  9.],
       [ 1.,  6.],
       [13.,  2.]]), array([2, 2, 2, 0]), 14745.0), (array([[12.,  3.],
       [14.,  8.],
       [ 5.,  6.],
       [ 8.,  3.]]), array([1, 3, 2, 1]), 14745.0), (array([[11.,  3.],
       [11.,  9.],
       [ 1.,  6.],
       [13.,  2.]]), array([2, 2, 2, 0]), 14745.0), (array([[12.,  3.],
       [14.,  8.],
       [ 5.,  6.],
       [ 8.,  3.]]), array([1, 3, 2, 1]), 14745.0), (array([[12.,  3.],
       [14.,  8.],
       [ 5.,  6.],
       [ 8.,  3.]]), array([1, 3, 2, 1]), 14745.0), (array([[12.,  9.],
       [ 3.,  4.],
       [ 6.,  8.],
       [15.,  4.]]), array([2, 1, 1, 3]), 14746.0), (array([[ 1.,  9.],
       [ 8.,  8.],
       [12.,  9.],
       [13.,  2.]]), array([2, 1, 2, 0]), 14896.0), (array([[11.,  7.],
       [13.,  7.],
       [ 5.,  4.],
       [11.,  2.]]), array([0, 1, 1, 0]), 15125.0), (array([[ 5,  6],
       [ 0, 10],
       [12,  3],
       [ 5, 10]]), array([0, 1, 0, 1]), 15129.0), (array([[ 2,  8],
       [ 5,  9],
       [10,  9],
       [ 5,  2]]), array([3, 1, 1, 2]), 15135.0), (array([[ 5, 10],
       [ 8,  4],
       [14,  2],
       [ 2,  6]]), array([0, 1, 3, 1]), 15588.0), (array([[ 3,  4],
       [ 7,  7],
       [ 9,  9],
       [10,  2]]), array([3, 3, 2, 3]), 15601.0)]
Generation 42 population configuration: 
[(array([[ 1,  9],
       [ 8,  8],
       [12,  9],
       [13,  4]]), array([2, 1, 2, 3]), 13656.0), (array([[ 4,  6],
       [ 6,  4],
       [12,  3],
       [ 2,  3]]), array([2, 1, 3, 3]), 14738.0), (array([[ 4.,  6.],
       [ 6.,  4.],
       [12.,  3.],
       [ 2.,  3.]]), array([2, 1, 3, 3]), 14738.0), (array([[ 5,  5],
       [ 7,  8],
       [ 9,  5],
       [12,  4]]), array([1, 2, 1, 1]), 14742.0), (array([[ 5.,  5.],
       [ 7.,  8.],
       [ 9.,  5.],
       [12.,  4.]]), array([1, 2, 1, 1]), 14742.0), (array([[15,  8],
       [ 3,  6],
       [ 0,  4],
       [12,  1]]), array([3, 2, 1, 2]), 14744.0), (array([[12.,  3.],
       [14.,  8.],
       [ 5.,  6.],
       [ 8.,  3.]]), array([1, 3, 2, 1]), 14745.0), (array([[11.,  3.],
       [11.,  9.],
       [ 1.,  6.],
       [13.,  2.]]), array([2, 2, 2, 0]), 14745.0), (array([[12.,  3.],
       [14.,  8.],
       [ 5.,  6.],
       [ 8.,  3.]]), array([1, 3, 2, 1]), 14745.0), (array([[11.,  3.],
       [11.,  9.],
       [ 1.,  6.],
       [13.,  2.]]), array([2, 2, 2, 0]), 14745.0), (array([[11.,  3.],
       [11.,  9.],
       [ 1.,  6.],
       [13.,  2.]]), array([2, 2, 2, 0]), 14745.0), (array([[11.,  3.],
       [11.,  9.],
       [ 1.,  6.],
       [13.,  2.]]), array([2, 2, 2, 0]), 14745.0), (array([[12.,  9.],
       [ 3.,  4.],
       [ 6.,  8.],
       [15.,  4.]]), array([2, 1, 1, 3]), 14746.0), (array([[12.,  9.],
       [ 3.,  4.],
       [ 6.,  8.],
       [15.,  4.]]), array([2, 1, 1, 3]), 14746.0), (array([[12.,  9.],
       [ 7.,  8.],
       [ 9.,  5.],
       [12.,  4.]]), array([1, 2, 1, 1]), 14748.0), (array([[11.,  7.],
       [13.,  7.],
       [ 5.,  4.],
       [11.,  2.]]), array([0, 1, 1, 0]), 15125.0), (array([[10,  1],
       [ 9,  9],
       [ 4,  6],
       [ 5,  3]]), array([2, 0, 3, 1]), 15135.0), (array([[13, 10],
       [ 4,  6],
       [ 8,  5],
       [13,  3]]), array([0, 2, 1, 1]), 15449.0), (array([[14,  4],
       [ 3,  9],
       [ 6,  5],
       [ 9,  8]]), array([3, 1, 0, 1]), 15457.0), (array([[ 1,  1],
       [13,  3],
       [ 9,  1],
       [ 5,  6]]), array([2, 1, 2, 2]), 15607.0)]
Generation 43 population configuration: 
[(array([[ 1,  9],
       [ 8,  8],
       [12,  9],
       [13,  4]]), array([2, 1, 2, 3]), 13656.0), (array([[ 1.,  9.],
       [ 8.,  8.],
       [12.,  9.],
       [13.,  4.]]), array([2, 1, 2, 3]), 13656.0), (array([[ 4,  6],
       [ 6,  4],
       [12,  3],
       [ 2,  3]]), array([2, 1, 3, 3]), 14738.0), (array([[ 5,  5],
       [ 7,  8],
       [ 9,  5],
       [12,  4]]), array([1, 2, 1, 1]), 14742.0), (array([[ 5.,  5.],
       [ 7.,  8.],
       [ 9.,  5.],
       [12.,  4.]]), array([1, 2, 1, 1]), 14742.0), (array([[ 1,  2],
       [12,  5],
       [ 7,  7],
       [ 9,  3]]), array([2, 2, 2, 0]), 14743.0), (array([[15,  8],
       [ 3,  6],
       [ 0,  4],
       [12,  1]]), array([3, 2, 1, 2]), 14744.0), (array([[ 4,  6],
       [12,  3],
       [ 9,  9],
       [ 2,  3]]), array([1, 2, 2, 3]), 14744.0), (array([[11.,  3.],
       [11.,  9.],
       [ 1.,  6.],
       [13.,  2.]]), array([2, 2, 2, 0]), 14745.0), (array([[12.,  3.],
       [14.,  8.],
       [ 5.,  6.],
       [ 8.,  3.]]), array([1, 3, 2, 1]), 14745.0), (array([[12.,  3.],
       [14.,  8.],
       [ 5.,  6.],
       [ 8.,  3.]]), array([1, 3, 2, 1]), 14745.0), (array([[11.,  3.],
       [11.,  9.],
       [ 1.,  6.],
       [13.,  2.]]), array([2, 2, 2, 0]), 14745.0), (array([[12.,  3.],
       [14.,  8.],
       [ 5.,  6.],
       [ 8.,  3.]]), array([1, 3, 2, 1]), 14745.0), (array([[12.,  3.],
       [14.,  8.],
       [ 5.,  6.],
       [ 8.,  3.]]), array([1, 3, 2, 1]), 14745.0), (array([[12.,  9.],
       [ 3.,  4.],
       [ 6.,  8.],
       [15.,  4.]]), array([2, 1, 1, 3]), 14746.0), (array([[ 3,  3],
       [10,  6],
       [11,  3],
       [ 5,  0]]), array([3, 2, 2, 2]), 14746.0), (array([[12.,  9.],
       [ 7.,  8.],
       [ 9.,  5.],
       [12.,  4.]]), array([1, 2, 1, 1]), 14748.0), (array([[ 5,  3],
       [ 8,  0],
       [ 0, 10],
       [10,  7]]), array([3, 2, 1, 3]), 14892.0), (array([[11.,  7.],
       [13.,  7.],
       [ 5.,  4.],
       [11.,  2.]]), array([0, 1, 1, 0]), 15125.0), (array([[15.,  8.],
       [ 3.,  8.],
       [ 5.,  6.],
       [ 8.,  3.]]), array([3, 3, 2, 1]), 15597.0)]
Generation 44 population configuration: 
[(array([[ 1,  9],
       [ 8,  8],
       [12,  9],
       [13,  4]]), array([2, 1, 2, 3]), 13656.0), (array([[ 4,  6],
       [ 6,  4],
       [12,  3],
       [ 2,  3]]), array([2, 1, 3, 3]), 14738.0), (array([[ 4.,  6.],
       [ 6.,  4.],
       [12.,  3.],
       [ 2.,  3.]]), array([2, 1, 3, 3]), 14738.0), (array([[ 5,  5],
       [ 7,  8],
       [ 9,  5],
       [12,  4]]), array([1, 2, 1, 1]), 14742.0), (array([[15,  8],
       [ 3,  6],
       [ 0,  4],
       [12,  1]]), array([3, 2, 1, 2]), 14744.0), (array([[11.,  3.],
       [14.,  8.],
       [ 5.,  6.],
       [ 8.,  3.]]), array([1, 3, 2, 1]), 14744.0), (array([[11.,  3.],
       [11.,  9.],
       [ 1.,  6.],
       [13.,  2.]]), array([2, 2, 2, 0]), 14745.0), (array([[11.,  3.],
       [11.,  9.],
       [ 1.,  6.],
       [13.,  2.]]), array([2, 2, 2, 0]), 14745.0), (array([[12.,  3.],
       [14.,  8.],
       [ 5.,  6.],
       [ 8.,  3.]]), array([1, 3, 2, 1]), 14745.0), (array([[11.,  3.],
       [11.,  9.],
       [ 1.,  6.],
       [13.,  2.]]), array([2, 2, 2, 0]), 14745.0), (array([[12.,  3.],
       [14.,  8.],
       [ 5.,  6.],
       [ 8.,  3.]]), array([1, 3, 2, 1]), 14745.0), (array([[12.,  3.],
       [14.,  8.],
       [ 5.,  6.],
       [ 8.,  3.]]), array([1, 3, 2, 1]), 14745.0), (array([[12.,  3.],
       [14.,  8.],
       [ 5.,  6.],
       [ 8.,  3.]]), array([1, 3, 2, 1]), 14745.0), (array([[12.,  9.],
       [ 3.,  4.],
       [ 6.,  8.],
       [15.,  4.]]), array([2, 1, 1, 3]), 14746.0), (array([[12.,  9.],
       [ 3.,  4.],
       [ 6.,  8.],
       [15.,  4.]]), array([2, 1, 1, 3]), 14746.0), (array([[ 7,  7],
       [10,  4],
       [ 4, 10],
       [13,  7]]), array([1, 1, 1, 1]), 14890.0), (array([[ 3, 11],
       [11,  1],
       [ 5, 10],
       [11,  9]]), array([0, 2, 1, 2]), 14897.0), (array([[ 9,  8],
       [13,  4],
       [ 3,  6],
       [ 7,  3]]), array([0, 0, 1, 1]), 15120.0), (array([[11.,  7.],
       [13.,  7.],
       [ 5.,  4.],
       [11.,  2.]]), array([0, 1, 1, 0]), 15125.0), (array([[13,  6],
       [ 3,  4],
       [ 3,  6],
       [ 7,  9]]), array([3, 0, 2, 2]), 15443.0)]
Generation 45 population configuration: 
[(array([[ 1,  9],
       [ 8,  8],
       [12,  9],
       [13,  4]]), array([2, 1, 2, 3]), 13656.0), (array([[ 4,  6],
       [ 6,  4],
       [12,  3],
       [ 2,  3]]), array([2, 1, 3, 3]), 14738.0), (array([[ 5,  5],
       [ 7,  8],
       [ 9,  5],
       [12,  4]]), array([1, 2, 1, 1]), 14742.0), (array([[ 5.,  5.],
       [ 7.,  8.],
       [ 9.,  5.],
       [12.,  4.]]), array([1, 2, 1, 1]), 14742.0), (array([[ 5.,  5.],
       [ 7.,  8.],
       [ 9.,  5.],
       [12.,  4.]]), array([1, 2, 1, 1]), 14742.0), (array([[15,  8],
       [ 3,  6],
       [ 0,  4],
       [12,  1]]), array([3, 2, 1, 2]), 14744.0), (array([[12.,  3.],
       [14.,  8.],
       [ 5.,  6.],
       [ 8.,  3.]]), array([1, 3, 2, 1]), 14745.0), (array([[11.,  3.],
       [11.,  9.],
       [ 1.,  6.],
       [13.,  2.]]), array([2, 2, 2, 0]), 14745.0), (array([[12.,  3.],
       [14.,  8.],
       [ 5.,  6.],
       [ 8.,  3.]]), array([1, 3, 2, 1]), 14745.0), (array([[11.,  3.],
       [11.,  9.],
       [ 1.,  6.],
       [13.,  2.]]), array([2, 2, 2, 0]), 14745.0), (array([[11.,  3.],
       [11.,  9.],
       [ 1.,  6.],
       [13.,  2.]]), array([2, 2, 2, 0]), 14745.0), (array([[12.,  9.],
       [ 3.,  4.],
       [ 6.,  8.],
       [15.,  4.]]), array([2, 1, 1, 3]), 14746.0), (array([[12.,  9.],
       [ 3.,  4.],
       [ 6.,  8.],
       [15.,  4.]]), array([2, 1, 1, 3]), 14746.0), (array([[12.,  9.],
       [ 3.,  4.],
       [ 6.,  8.],
       [15.,  4.]]), array([2, 1, 1, 3]), 14746.0), (array([[11.,  7.],
       [13.,  7.],
       [ 5.,  4.],
       [11.,  2.]]), array([0, 1, 1, 0]), 15125.0), (array([[15.,  8.],
       [ 3.,  6.],
       [ 0.,  4.],
       [13.,  2.]]), array([3, 2, 1, 0]), 15133.0), (array([[ 3,  2],
       [10,  6],
       [12,  3],
       [ 4,  6]]), array([3, 2, 1, 2]), 15444.0), (array([[ 3, 10],
       [ 8,  5],
       [ 9,  2],
       [15,  7]]), array([1, 2, 0, 3]), 15595.0), (array([[ 2,  7],
       [ 6,  5],
       [12,  7],
       [ 3,  2]]), array([3, 2, 2, 3]), 15597.0), (array([[12,  9],
       [13,  3],
       [ 8, 10],
       [ 1,  6]]), array([2, 3, 1, 1]), 15599.0)]
Generation 46 population configuration: 
[(array([[ 1,  9],
       [ 8,  8],
       [12,  9],
       [13,  4]]), array([2, 1, 2, 3]), 13656.0), (array([[ 4,  6],
       [ 6,  4],
       [12,  3],
       [ 2,  3]]), array([2, 1, 3, 3]), 14738.0), (array([[ 5,  5],
       [ 7,  8],
       [ 9,  5],
       [12,  4]]), array([1, 2, 1, 1]), 14742.0), (array([[15,  8],
       [ 3,  6],
       [ 0,  4],
       [12,  1]]), array([3, 2, 1, 2]), 14744.0), (array([[11.,  3.],
       [14.,  8.],
       [ 5.,  6.],
       [ 8.,  3.]]), array([1, 3, 2, 1]), 14744.0), (array([[15.,  8.],
       [ 3.,  6.],
       [ 0.,  4.],
       [12.,  1.]]), array([3, 2, 1, 2]), 14744.0), (array([[12.,  3.],
       [14.,  8.],
       [ 5.,  6.],
       [ 8.,  3.]]), array([1, 3, 2, 1]), 14745.0), (array([[11.,  3.],
       [11.,  9.],
       [ 1.,  6.],
       [13.,  2.]]), array([2, 2, 2, 0]), 14745.0), (array([[11.,  3.],
       [11.,  9.],
       [ 1.,  6.],
       [13.,  2.]]), array([2, 2, 2, 0]), 14745.0), (array([[11.,  3.],
       [11.,  9.],
       [ 1.,  6.],
       [13.,  2.]]), array([2, 2, 2, 0]), 14745.0), (array([[12.,  3.],
       [14.,  8.],
       [ 5.,  6.],
       [ 8.,  3.]]), array([1, 3, 2, 1]), 14745.0), (array([[12.,  9.],
       [ 3.,  4.],
       [ 6.,  8.],
       [15.,  4.]]), array([2, 1, 1, 3]), 14746.0), (array([[12.,  9.],
       [ 3.,  4.],
       [ 6.,  8.],
       [15.,  4.]]), array([2, 1, 1, 3]), 14746.0), (array([[12.,  9.],
       [ 3.,  4.],
       [ 6.,  8.],
       [15.,  4.]]), array([2, 1, 1, 3]), 14746.0), (array([[12.,  9.],
       [ 3.,  4.],
       [ 6.,  8.],
       [15.,  4.]]), array([2, 1, 1, 3]), 14746.0), (array([[11,  1],
       [ 8,  6],
       [ 5,  1],
       [12,  5]]), array([3, 2, 2, 1]), 15129.0), (array([[ 2, 10],
       [ 7,  3],
       [11,  6],
       [13, 10]]), array([1, 1, 1, 0]), 15132.0), (array([[ 8, 11],
       [13,  7],
       [10,  2],
       [ 4,  7]]), array([0, 1, 3, 0]), 15136.0), (array([[ 4,  2],
       [14,  8],
       [ 2,  5],
       [ 9,  9]]), array([2, 3, 3, 1]), 15441.0), (array([[ 1.,  9.],
       [14.,  8.],
       [ 5.,  6.],
       [ 8.,  3.]]), array([1, 3, 2, 1]), 15595.0)]
Generation 47 population configuration: 
[(array([[ 1,  9],
       [ 8,  8],
       [12,  9],
       [13,  4]]), array([2, 1, 2, 3]), 13656.0), (array([[ 4,  6],
       [ 6,  4],
       [12,  3],
       [ 2,  3]]), array([2, 1, 3, 3]), 14738.0), (array([[ 5,  5],
       [ 7,  8],
       [ 9,  5],
       [12,  4]]), array([1, 2, 1, 1]), 14742.0), (array([[15,  8],
       [ 3,  6],
       [ 0,  4],
       [12,  1]]), array([3, 2, 1, 2]), 14744.0), (array([[15.,  8.],
       [ 3.,  6.],
       [ 0.,  4.],
       [12.,  1.]]), array([3, 2, 1, 2]), 14744.0), (array([[15.,  8.],
       [ 3.,  6.],
       [ 0.,  4.],
       [12.,  1.]]), array([3, 2, 1, 2]), 14744.0), (array([[12.,  3.],
       [14.,  8.],
       [ 5.,  6.],
       [ 8.,  3.]]), array([1, 3, 2, 1]), 14745.0), (array([[11.,  3.],
       [11.,  9.],
       [ 1.,  6.],
       [13.,  2.]]), array([2, 2, 2, 0]), 14745.0), (array([[11.,  3.],
       [11.,  9.],
       [ 1.,  6.],
       [13.,  2.]]), array([2, 2, 2, 0]), 14745.0), (array([[11.,  3.],
       [11.,  9.],
       [ 1.,  6.],
       [13.,  2.]]), array([2, 2, 2, 0]), 14745.0), (array([[12.,  3.],
       [14.,  8.],
       [ 5.,  6.],
       [ 8.,  3.]]), array([1, 3, 2, 1]), 14745.0), (array([[11.,  3.],
       [11.,  9.],
       [ 1.,  6.],
       [13.,  2.]]), array([2, 2, 2, 0]), 14745.0), (array([[12.,  3.],
       [14.,  8.],
       [ 5.,  6.],
       [ 8.,  3.]]), array([1, 3, 2, 1]), 14745.0), (array([[12.,  3.],
       [14.,  8.],
       [ 5.,  6.],
       [ 8.,  3.]]), array([1, 3, 2, 1]), 14745.0), (array([[12.,  9.],
       [ 3.,  4.],
       [ 6.,  8.],
       [15.,  4.]]), array([2, 1, 1, 3]), 14746.0), (array([[11.,  7.],
       [13.,  7.],
       [ 5.,  4.],
       [11.,  2.]]), array([0, 1, 1, 0]), 15125.0), (array([[ 2,  3],
       [ 1,  8],
       [12,  5],
       [ 7, 10]]), array([2, 2, 2, 1]), 15439.0), (array([[ 5,  8],
       [ 1,  6],
       [10,  4],
       [ 8, 10]]), array([1, 2, 1, 1]), 15445.0), (array([[12,  8],
       [ 4,  5],
       [ 8,  9],
       [ 5,  0]]), array([1, 2, 1, 2]), 15449.0), (array([[ 4,  6],
       [ 1,  5],
       [ 9,  7],
       [14,  2]]), array([1, 1, 2, 0]), 15458.0)]
Generation 48 population configuration: 
[(array([[ 1,  9],
       [ 8,  8],
       [12,  9],
       [13,  4]]), array([2, 1, 2, 3]), 13656.0), (array([[ 1.,  9.],
       [ 8.,  8.],
       [12.,  9.],
       [13.,  4.]]), array([2, 1, 2, 3]), 13656.0), (array([[ 1.,  9.],
       [ 8.,  8.],
       [12.,  9.],
       [13.,  4.]]), array([2, 1, 2, 3]), 13656.0), (array([[ 4,  6],
       [ 6,  4],
       [12,  3],
       [ 2,  3]]), array([2, 1, 3, 3]), 14738.0), (array([[ 4.,  6.],
       [ 6.,  4.],
       [12.,  3.],
       [ 2.,  3.]]), array([2, 1, 3, 3]), 14738.0), (array([[ 5,  5],
       [ 7,  8],
       [ 9,  5],
       [12,  4]]), array([1, 2, 1, 1]), 14742.0), (array([[ 5.,  5.],
       [ 7.,  8.],
       [ 9.,  5.],
       [12.,  4.]]), array([1, 2, 1, 1]), 14742.0), (array([[15,  8],
       [ 3,  6],
       [ 0,  4],
       [12,  1]]), array([3, 2, 1, 2]), 14744.0), (array([[15.,  8.],
       [ 3.,  6.],
       [ 0.,  4.],
       [12.,  1.]]), array([3, 2, 1, 2]), 14744.0), (array([[15.,  8.],
       [ 3.,  6.],
       [ 0.,  4.],
       [12.,  1.]]), array([3, 2, 1, 2]), 14744.0), (array([[11.,  3.],
       [11.,  9.],
       [ 1.,  6.],
       [13.,  2.]]), array([2, 2, 2, 0]), 14745.0), (array([[11.,  3.],
       [11.,  9.],
       [ 1.,  6.],
       [13.,  2.]]), array([2, 2, 2, 0]), 14745.0), (array([[12.,  3.],
       [14.,  8.],
       [ 5.,  6.],
       [ 8.,  3.]]), array([1, 3, 2, 1]), 14745.0), (array([[12.,  9.],
       [ 3.,  4.],
       [ 6.,  8.],
       [15.,  4.]]), array([2, 1, 1, 3]), 14746.0), (array([[12,  3],
       [ 9,  9],
       [14,  8],
       [ 1,  9]]), array([1, 1, 3, 1]), 14901.0), (array([[11.,  7.],
       [13.,  7.],
       [ 5.,  4.],
       [11.,  2.]]), array([0, 1, 1, 0]), 15125.0), (array([[12.,  3.],
       [14.,  8.],
       [ 5.,  6.],
       [ 8.,  2.]]), array([1, 3, 2, 0]), 15129.0), (array([[ 6,  3],
       [11,  3],
       [ 7, 10],
       [ 2,  6]]), array([2, 2, 1, 2]), 15437.0), (array([[12,  4],
       [ 3,  2],
       [ 2,  7],
       [ 5,  4]]), array([2, 3, 2, 1]), 15441.0), (array([[ 5, 10],
       [ 7,  2],
       [12,  8],
       [ 4,  5]]), array([0, 2, 2, 2]), 15594.0)]
Generation 49 population configuration: 
[(array([[ 1,  9],
       [ 8,  8],
       [12,  9],
       [13,  4]]), array([2, 1, 2, 3]), 13656.0), (array([[ 4,  6],
       [ 6,  4],
       [12,  3],
       [ 2,  3]]), array([2, 1, 3, 3]), 14738.0), (array([[ 4.,  6.],
       [ 6.,  4.],
       [12.,  3.],
       [ 2.,  3.]]), array([2, 1, 3, 3]), 14738.0), (array([[3, 4],
       [3, 8],
       [8, 3],
       [8, 9]]), array([0, 1, 2, 1]), 14739.0), (array([[ 5,  5],
       [ 7,  8],
       [ 9,  5],
       [12,  4]]), array([1, 2, 1, 1]), 14742.0), (array([[15,  8],
       [ 3,  6],
       [ 0,  4],
       [12,  1]]), array([3, 2, 1, 2]), 14744.0), (array([[12.,  3.],
       [14.,  8.],
       [ 5.,  6.],
       [ 8.,  3.]]), array([1, 3, 2, 1]), 14745.0), (array([[12.,  3.],
       [14.,  8.],
       [ 5.,  6.],
       [ 8.,  3.]]), array([1, 3, 2, 1]), 14745.0), (array([[11.,  3.],
       [11.,  9.],
       [ 1.,  6.],
       [13.,  2.]]), array([2, 2, 2, 0]), 14745.0), (array([[11.,  3.],
       [11.,  9.],
       [ 1.,  6.],
       [13.,  2.]]), array([2, 2, 2, 0]), 14745.0), (array([[11.,  3.],
       [11.,  9.],
       [ 1.,  6.],
       [13.,  2.]]), array([2, 2, 2, 0]), 14745.0), (array([[12.,  3.],
       [14.,  8.],
       [ 5.,  6.],
       [ 8.,  3.]]), array([1, 3, 2, 1]), 14745.0), (array([[12.,  3.],
       [11.,  9.],
       [ 1.,  6.],
       [13.,  2.]]), array([2, 2, 2, 0]), 14745.0), (array([[11.,  3.],
       [11.,  9.],
       [ 1.,  6.],
       [13.,  2.]]), array([2, 2, 2, 0]), 14745.0), (array([[12.,  9.],
       [ 3.,  4.],
       [ 6.,  8.],
       [15.,  4.]]), array([2, 1, 1, 3]), 14746.0), (array([[10,  1],
       [ 5,  7],
       [14,  8],
       [ 4,  3]]), array([2, 3, 3, 1]), 14746.0), (array([[11.,  7.],
       [13.,  7.],
       [ 5.,  4.],
       [11.,  2.]]), array([0, 1, 1, 0]), 15125.0), (array([[12.,  3.],
       [14.,  8.],
       [ 5.,  6.],
       [ 8.,  2.]]), array([1, 3, 2, 0]), 15129.0), (array([[ 3,  4],
       [10,  8],
       [ 6,  8],
       [ 1,  6]]), array([1, 2, 1, 2]), 15441.0), (array([[ 4,  8],
       [ 3,  6],
       [13,  3],
       [10,  9]]), array([1, 3, 0, 0]), 15453.0)]
Generation 50 population configuration: 
[(array([[ 9,  7],
       [14,  3],
       [ 0,  7],
       [11,  9]]), array([1, 3, 1, 2]), 13648.0), (array([[ 1,  9],
       [ 8,  8],
       [12,  9],
       [13,  4]]), array([2, 1, 2, 3]), 13656.0), (array([[ 4,  6],
       [ 6,  4],
       [12,  3],
       [ 2,  3]]), array([2, 1, 3, 3]), 14738.0), (array([[ 4.,  6.],
       [ 6.,  4.],
       [12.,  3.],
       [ 2.,  3.]]), array([2, 1, 3, 3]), 14738.0), (array([[ 4.,  6.],
       [ 6.,  4.],
       [12.,  3.],
       [ 2.,  3.]]), array([2, 1, 3, 3]), 14738.0), (array([[ 5,  5],
       [ 7,  8],
       [ 9,  5],
       [12,  4]]), array([1, 2, 1, 1]), 14742.0), (array([[ 5.,  5.],
       [ 7.,  8.],
       [ 9.,  5.],
       [12.,  4.]]), array([1, 2, 1, 1]), 14742.0), (array([[15,  8],
       [ 3,  6],
       [ 0,  4],
       [12,  1]]), array([3, 2, 1, 2]), 14744.0), (array([[12.,  3.],
       [14.,  8.],
       [ 5.,  6.],
       [ 2.,  3.]]), array([1, 3, 3, 3]), 14744.0), (array([[12.,  3.],
       [11.,  9.],
       [ 1.,  6.],
       [13.,  2.]]), array([2, 2, 2, 0]), 14745.0), (array([[12.,  3.],
       [11.,  9.],
       [ 1.,  6.],
       [13.,  2.]]), array([2, 2, 2, 0]), 14745.0), (array([[11.,  3.],
       [11.,  9.],
       [ 1.,  6.],
       [13.,  2.]]), array([2, 2, 2, 0]), 14745.0), (array([[12.,  3.],
       [14.,  8.],
       [ 5.,  6.],
       [ 8.,  3.]]), array([1, 3, 2, 1]), 14745.0), (array([[11.,  3.],
       [11.,  9.],
       [ 1.,  6.],
       [13.,  2.]]), array([2, 2, 2, 0]), 14745.0), (array([[11.,  3.],
       [11.,  9.],
       [ 1.,  6.],
       [13.,  2.]]), array([2, 2, 2, 0]), 14745.0), (array([[12.,  9.],
       [ 3.,  4.],
       [ 6.,  8.],
       [15.,  4.]]), array([2, 1, 1, 3]), 14746.0), (array([[12.,  9.],
       [ 3.,  4.],
       [ 6.,  8.],
       [15.,  4.]]), array([2, 1, 1, 3]), 14746.0), (array([[ 2,  6],
       [13,  7],
       [11,  0],
       [ 6,  5]]), array([1, 1, 2, 1]), 14747.0), (array([[10,  2],
       [ 7,  5],
       [12,  6],
       [ 1, 10]]), array([0, 3, 1, 1]), 14903.0), (array([[13,  2],
       [ 1,  6],
       [ 3,  8],
       [ 5,  5]]), array([0, 1, 2, 2]), 15465.0)]
Generation 51 population configuration: 
[(array([[ 1,  9],
       [ 8,  8],
       [12,  9],
       [13,  4]]), array([2, 1, 2, 3]), 13656.0), (array([[ 1.,  9.],
       [ 8.,  8.],
       [12.,  9.],
       [13.,  4.]]), array([2, 1, 2, 3]), 13656.0), (array([[ 4,  6],
       [ 6,  4],
       [12,  3],
       [ 2,  3]]), array([2, 1, 3, 3]), 14738.0), (array([[ 4.,  6.],
       [ 6.,  4.],
       [12.,  3.],
       [ 2.,  3.]]), array([2, 1, 3, 3]), 14738.0), (array([[ 5,  5],
       [ 7,  8],
       [ 9,  5],
       [12,  4]]), array([1, 2, 1, 1]), 14742.0), (array([[15,  8],
       [ 3,  6],
       [ 0,  4],
       [12,  1]]), array([3, 2, 1, 2]), 14744.0), (array([[11.,  3.],
       [11.,  9.],
       [ 1.,  6.],
       [13.,  2.]]), array([2, 2, 2, 0]), 14745.0), (array([[12.,  3.],
       [14.,  8.],
       [ 5.,  6.],
       [ 8.,  3.]]), array([1, 3, 2, 1]), 14745.0), (array([[12.,  3.],
       [14.,  8.],
       [ 5.,  6.],
       [ 8.,  3.]]), array([1, 3, 2, 1]), 14745.0), (array([[11.,  3.],
       [11.,  9.],
       [ 1.,  6.],
       [13.,  2.]]), array([2, 2, 2, 0]), 14745.0), (array([[11.,  3.],
       [11.,  9.],
       [ 1.,  6.],
       [13.,  2.]]), array([2, 2, 2, 0]), 14745.0), (array([[11.,  3.],
       [11.,  9.],
       [ 1.,  6.],
       [13.,  2.]]), array([2, 2, 2, 0]), 14745.0), (array([[12.,  9.],
       [ 3.,  4.],
       [ 6.,  8.],
       [15.,  4.]]), array([2, 1, 1, 3]), 14746.0), (array([[12.,  0.],
       [ 3.,  4.],
       [ 6.,  8.],
       [15.,  4.]]), array([2, 1, 1, 3]), 15124.0), (array([[11.,  7.],
       [13.,  7.],
       [ 5.,  4.],
       [11.,  2.]]), array([0, 1, 1, 0]), 15125.0), (array([[14,  7],
       [ 8,  2],
       [12,  3],
       [ 2, 10]]), array([3, 2, 1, 1]), 15126.0), (array([[ 9,  4],
       [ 3,  9],
       [13,  4],
       [ 7,  0]]), array([2, 2, 1, 2]), 15133.0), (array([[ 2,  2],
       [ 2,  7],
       [ 8,  8],
       [11,  3]]), array([3, 3, 1, 0]), 15135.0), (array([[ 9,  8],
       [ 3,  6],
       [ 4,  3],
       [12,  5]]), array([0, 0, 0, 0]), 15445.0), (array([[12.,  9.],
       [ 3.,  4.],
       [ 6.,  8.],
       [ 8.,  3.]]), array([2, 1, 2, 1]), 15446.0)]
Generation 52 population configuration: 
[(array([[ 1,  9],
       [ 8,  8],
       [12,  9],
       [13,  4]]), array([2, 1, 2, 3]), 13656.0), (array([[ 4,  6],
       [ 6,  4],
       [12,  3],
       [ 2,  3]]), array([2, 1, 3, 3]), 14738.0), (array([[ 5,  5],
       [ 7,  8],
       [ 9,  5],
       [12,  4]]), array([1, 2, 1, 1]), 14742.0), (array([[ 5.,  5.],
       [ 7.,  8.],
       [ 9.,  5.],
       [12.,  4.]]), array([1, 2, 1, 1]), 14742.0), (array([[ 5.,  5.],
       [ 7.,  8.],
       [ 9.,  5.],
       [12.,  4.]]), array([1, 2, 1, 1]), 14742.0), (array([[ 5.,  5.],
       [ 7.,  8.],
       [ 9.,  5.],
       [12.,  4.]]), array([1, 2, 1, 1]), 14742.0), (array([[ 5.,  5.],
       [ 7.,  8.],
       [ 9.,  5.],
       [12.,  4.]]), array([1, 2, 1, 1]), 14742.0), (array([[15,  8],
       [ 3,  6],
       [ 0,  4],
       [12,  1]]), array([3, 2, 1, 2]), 14744.0), (array([[12.,  3.],
       [14.,  8.],
       [ 5.,  6.],
       [ 8.,  3.]]), array([1, 3, 2, 1]), 14745.0), (array([[11.,  3.],
       [11.,  9.],
       [ 1.,  6.],
       [13.,  2.]]), array([2, 2, 2, 0]), 14745.0), (array([[12.,  3.],
       [14.,  8.],
       [ 5.,  6.],
       [ 8.,  3.]]), array([1, 3, 2, 1]), 14745.0), (array([[11.,  3.],
       [11.,  9.],
       [ 1.,  6.],
       [13.,  2.]]), array([2, 2, 2, 0]), 14745.0), (array([[12.,  9.],
       [ 3.,  4.],
       [ 6.,  8.],
       [15.,  4.]]), array([2, 1, 1, 3]), 14746.0), (array([[12.,  9.],
       [ 3.,  4.],
       [ 6.,  8.],
       [15.,  4.]]), array([2, 1, 1, 3]), 14746.0), (array([[ 3,  3],
       [ 5,  5],
       [12,  4],
       [11,  8]]), array([0, 1, 0, 1]), 15127.0), (array([[10,  9],
       [ 8,  1],
       [ 3, 10],
       [ 2,  5]]), array([0, 3, 0, 2]), 15128.0), (array([[ 1,  6],
       [ 9,  8],
       [ 9,  3],
       [13,  8]]), array([1, 3, 1, 1]), 15128.0), (array([[14,  9],
       [ 9,  5],
       [12,  2],
       [ 4,  8]]), array([0, 3, 0, 1]), 15129.0), (array([[12.,  8.],
       [ 3.,  6.],
       [ 0.,  4.],
       [12.,  1.]]), array([3, 2, 1, 2]), 15440.0), (array([[12.,  9.],
       [ 6.,  4.],
       [12.,  3.],
       [ 2.,  3.]]), array([2, 1, 3, 3]), 15456.0)]
Generation 53 population configuration: 
[(array([[ 1,  9],
       [ 8,  8],
       [12,  9],
       [13,  4]]), array([2, 1, 2, 3]), 13656.0), (array([[ 1.,  9.],
       [ 8.,  8.],
       [12.,  9.],
       [13.,  4.]]), array([2, 1, 2, 3]), 13656.0), (array([[ 4,  6],
       [ 6,  4],
       [12,  3],
       [ 2,  3]]), array([2, 1, 3, 3]), 14738.0), (array([[ 5,  8],
       [14,  2],
       [ 1,  4],
       [ 9,  4]]), array([2, 3, 2, 0]), 14740.0), (array([[ 5,  5],
       [ 7,  8],
       [ 9,  5],
       [12,  4]]), array([1, 2, 1, 1]), 14742.0), (array([[15,  8],
       [ 3,  6],
       [ 0,  4],
       [12,  1]]), array([3, 2, 1, 2]), 14744.0), (array([[ 5,  6],
       [ 9,  7],
       [ 8,  3],
       [12,  4]]), array([0, 3, 1, 1]), 14744.0), (array([[12.,  3.],
       [14.,  8.],
       [ 5.,  6.],
       [ 8.,  3.]]), array([1, 3, 2, 1]), 14745.0), (array([[11.,  3.],
       [11.,  9.],
       [ 1.,  6.],
       [13.,  2.]]), array([2, 2, 2, 0]), 14745.0), (array([[12.,  3.],
       [14.,  8.],
       [ 5.,  6.],
       [ 8.,  3.]]), array([1, 3, 2, 1]), 14745.0), (array([[12.,  3.],
       [14.,  8.],
       [ 5.,  6.],
       [ 8.,  3.]]), array([1, 3, 2, 1]), 14745.0), (array([[11.,  3.],
       [11.,  9.],
       [ 1.,  6.],
       [13.,  2.]]), array([2, 2, 2, 0]), 14745.0), (array([[12.,  3.],
       [14.,  8.],
       [ 5.,  6.],
       [ 8.,  3.]]), array([1, 3, 2, 1]), 14745.0), (array([[12.,  3.],
       [14.,  8.],
       [ 5.,  6.],
       [ 8.,  3.]]), array([1, 3, 2, 1]), 14745.0), (array([[11.,  3.],
       [11.,  9.],
       [ 1.,  6.],
       [13.,  2.]]), array([2, 2, 2, 0]), 14745.0), (array([[12.,  9.],
       [ 3.,  4.],
       [ 6.,  8.],
       [15.,  4.]]), array([2, 1, 1, 3]), 14746.0), (array([[ 4.,  6.],
       [ 6.,  4.],
       [12.,  3.],
       [ 2.,  3.]]), array([2, 0, 3, 3]), 15443.0), (array([[ 6,  2],
       [ 7,  6],
       [14,  3],
       [10,  7]]), array([2, 3, 0, 1]), 15454.0), (array([[ 1,  9],
       [ 4,  7],
       [14,  3],
       [ 9,  9]]), array([2, 0, 3, 2]), 15470.0), (array([[12.,  9.],
       [ 3.,  4.],
       [ 5.,  6.],
       [ 8.,  3.]]), array([2, 1, 2, 1]), 15598.0)]
Generation 54 population configuration: 
[(array([[ 1,  9],
       [ 8,  8],
       [12,  9],
       [13,  4]]), array([2, 1, 2, 3]), 13656.0), (array([[ 1.,  9.],
       [ 8.,  8.],
       [12.,  9.],
       [13.,  4.]]), array([2, 1, 2, 3]), 13656.0), (array([[ 4,  6],
       [ 6,  4],
       [12,  3],
       [ 2,  3]]), array([2, 1, 3, 3]), 14738.0), (array([[ 4.,  6.],
       [ 6.,  4.],
       [12.,  3.],
       [ 2.,  3.]]), array([2, 1, 3, 3]), 14738.0), (array([[ 5,  5],
       [ 7,  8],
       [ 9,  5],
       [12,  4]]), array([1, 2, 1, 1]), 14742.0), (array([[ 5.,  5.],
       [ 7.,  8.],
       [ 9.,  5.],
       [12.,  4.]]), array([1, 2, 1, 1]), 14742.0), (array([[15,  8],
       [ 3,  6],
       [ 0,  4],
       [12,  1]]), array([3, 2, 1, 2]), 14744.0), (array([[12.,  3.],
       [14.,  8.],
       [ 5.,  6.],
       [ 8.,  3.]]), array([1, 3, 2, 1]), 14745.0), (array([[12.,  3.],
       [14.,  8.],
       [ 5.,  6.],
       [ 8.,  3.]]), array([1, 3, 2, 1]), 14745.0), (array([[11.,  3.],
       [11.,  9.],
       [ 1.,  6.],
       [13.,  2.]]), array([2, 2, 2, 0]), 14745.0), (array([[11.,  3.],
       [11.,  9.],
       [ 1.,  6.],
       [13.,  2.]]), array([2, 2, 2, 0]), 14745.0), (array([[12.,  3.],
       [14.,  8.],
       [ 5.,  6.],
       [ 8.,  3.]]), array([1, 3, 2, 1]), 14745.0), (array([[12.,  3.],
       [14.,  8.],
       [ 5.,  6.],
       [ 8.,  3.]]), array([1, 3, 2, 1]), 14745.0), (array([[14,  8],
       [ 4,  4],
       [ 6,  7],
       [12,  2]]), array([3, 0, 1, 2]), 14745.0), (array([[12.,  9.],
       [ 3.,  4.],
       [ 6.,  8.],
       [15.,  4.]]), array([2, 1, 1, 3]), 14746.0), (array([[12.,  9.],
       [ 3.,  4.],
       [ 6.,  8.],
       [15.,  4.]]), array([2, 1, 1, 3]), 14746.0), (array([[12.,  9.],
       [ 3.,  4.],
       [ 6.,  8.],
       [15.,  4.]]), array([2, 1, 1, 3]), 14746.0), (array([[11,  4],
       [ 5,  2],
       [ 0, 10],
       [ 7,  8]]), array([0, 3, 1, 1]), 15128.0), (array([[11,  7],
       [ 8,  1],
       [ 8,  5],
       [ 4,  6]]), array([2, 2, 3, 3]), 15601.0), (array([[10,  5],
       [ 1,  4],
       [ 8,  2],
       [14, 11]]), array([2, 2, 2, 0]), 15820.0)]
Generation 55 population configuration: 
[(array([[ 1,  9],
       [ 8,  8],
       [12,  9],
       [13,  4]]), array([2, 1, 2, 3]), 13656.0), (array([[ 4,  6],
       [ 6,  4],
       [12,  3],
       [ 2,  3]]), array([2, 1, 3, 3]), 14738.0), (array([[ 5,  5],
       [ 7,  8],
       [ 9,  5],
       [12,  4]]), array([1, 2, 1, 1]), 14742.0), (array([[ 5.,  5.],
       [ 7.,  8.],
       [ 9.,  5.],
       [12.,  4.]]), array([1, 2, 1, 1]), 14742.0), (array([[ 5.,  5.],
       [ 7.,  8.],
       [ 9.,  5.],
       [12.,  4.]]), array([1, 2, 1, 1]), 14742.0), (array([[15,  8],
       [ 3,  6],
       [ 0,  4],
       [12,  1]]), array([3, 2, 1, 2]), 14744.0), (array([[11.,  3.],
       [14.,  8.],
       [ 5.,  6.],
       [ 8.,  3.]]), array([1, 3, 2, 1]), 14744.0), (array([[11.,  3.],
       [11.,  9.],
       [ 1.,  6.],
       [13.,  2.]]), array([2, 2, 2, 0]), 14745.0), (array([[12.,  3.],
       [14.,  8.],
       [ 5.,  6.],
       [ 8.,  3.]]), array([1, 3, 2, 1]), 14745.0), (array([[11.,  3.],
       [11.,  9.],
       [ 1.,  6.],
       [13.,  2.]]), array([2, 2, 2, 0]), 14745.0), (array([[11.,  3.],
       [11.,  9.],
       [ 1.,  6.],
       [13.,  2.]]), array([2, 2, 2, 0]), 14745.0), (array([[12.,  9.],
       [ 3.,  4.],
       [ 6.,  8.],
       [15.,  4.]]), array([2, 1, 1, 3]), 14746.0), (array([[12.,  9.],
       [ 3.,  4.],
       [ 6.,  8.],
       [15.,  4.]]), array([2, 1, 1, 3]), 14746.0), (array([[12.,  9.],
       [ 3.,  4.],
       [ 6.,  8.],
       [15.,  4.]]), array([2, 1, 1, 3]), 14746.0), (array([[12.,  9.],
       [ 3.,  4.],
       [ 6.,  8.],
       [15.,  4.]]), array([2, 1, 1, 3]), 14746.0), (array([[12.,  9.],
       [ 3.,  4.],
       [ 6.,  8.],
       [15.,  4.]]), array([2, 1, 1, 3]), 14746.0), (array([[ 6,  7],
       [ 7,  4],
       [10,  3],
       [12,  9]]), array([2, 0, 2, 1]), 15131.0), (array([[ 7,  3],
       [ 3,  6],
       [13,  8],
       [ 1,  4]]), array([0, 2, 0, 1]), 15454.0), (array([[13,  9],
       [ 3,  6],
       [12,  5],
       [ 8,  1]]), array([1, 1, 3, 3]), 15455.0), (array([[ 3, 10],
       [12,  8],
       [10,  1],
       [ 6,  6]]), array([0, 2, 2, 2]), 15599.0)]
