Generation 35 population print time: 
[13656.0, 14738.0, 14738.0, 14738.0, 14739.0, 14742.0, 14742.0, 14742.0, 14744.0, 14745.0, 14745.0, 14745.0, 14745.0, 14745.0, 14745.0, 14745.0, 15117.0, 15125.0, 15453.0, 15459.0]
Generation 36 population print time: 
[13656.0, 13656.0, 14738.0, 14738.0, 14738.0, 14743.0, 14744.0, 14745.0, 14745.0, 14745.0, 14745.0, 14746.0, 14746.0, 14746.0, 14746.0, 14746.0, 14749.0, 14896.0, 15135.0, 15599.0]
Generation 37 population print time: 
[13656.0, 13656.0, 14738.0, 14738.0, 14738.0, 14745.0, 14745.0, 14745.0, 14745.0, 14745.0, 14745.0, 14745.0, 14745.0, 14746.0, 14746.0, 14746.0, 14746.0, 15127.0, 15129.0, 15604.0]
Generation 38 population print time: 
[13656.0, 13656.0, 13656.0, 14736.0, 14738.0, 14738.0, 14739.0, 14742.0, 14744.0, 14744.0, 14745.0, 14745.0, 14745.0, 14745.0, 14745.0, 14745.0, 14746.0, 14746.0, 14746.0, 17827.0]
Generation 39 population print time: 
[13656.0, 13656.0, 13656.0, 14736.0, 14738.0, 14745.0, 14745.0, 14745.0, 14745.0, 14745.0, 14745.0, 14745.0, 14745.0, 14746.0, 14746.0, 14746.0, 15121.0, 15125.0, 15131.0, 15606.0]
Generation 40 population print time: 
[13656.0, 13656.0, 13656.0, 13656.0, 13656.0, 14736.0, 14738.0, 14744.0, 14745.0, 14745.0, 14745.0, 14745.0, 14745.0, 14745.0, 14746.0, 14746.0, 15131.0, 15134.0, 15457.0, 15458.0]
Generation 41 population print time: 
[13656.0, 13656.0, 13656.0, 13656.0, 13656.0, 14738.0, 14738.0, 14745.0, 14745.0, 14745.0, 14745.0, 14745.0, 14745.0, 14746.0, 14896.0, 15125.0, 15129.0, 15135.0, 15588.0, 15601.0]
Generation 42 population print time: 
[13656.0, 13656.0, 13656.0, 13656.0, 14738.0, 14742.0, 14745.0, 14745.0, 14745.0, 14745.0, 14745.0, 14745.0, 14746.0, 14746.0, 14748.0, 15125.0, 15135.0, 15449.0, 15457.0, 15607.0]
Generation 43 population print time: 
[13656.0, 13656.0, 13656.0, 13656.0, 13656.0, 14742.0, 14743.0, 14744.0, 14745.0, 14745.0, 14745.0, 14745.0, 14745.0, 14745.0, 14746.0, 14746.0, 14748.0, 14892.0, 15125.0, 15597.0]
Generation 44 population print time: 
[13656.0, 13656.0, 13656.0, 13656.0, 14738.0, 14744.0, 14745.0, 14745.0, 14745.0, 14745.0, 14745.0, 14745.0, 14745.0, 14746.0, 14746.0, 14890.0, 14897.0, 15120.0, 15125.0, 15443.0]
Generation 45 population print time: 
[13656.0, 13656.0, 13656.0, 13656.0, 14742.0, 14742.0, 14745.0, 14745.0, 14745.0, 14745.0, 14745.0, 14746.0, 14746.0, 14746.0, 15125.0, 15133.0, 15444.0, 15595.0, 15597.0, 15599.0]
Generation 46 population print time: 
[13656.0, 13656.0, 13656.0, 13656.0, 14744.0, 14744.0, 14745.0, 14745.0, 14745.0, 14745.0, 14745.0, 14746.0, 14746.0, 14746.0, 14746.0, 15129.0, 15132.0, 15136.0, 15441.0, 15595.0]
Generation 47 population print time: 
[13656.0, 13656.0, 13656.0, 13656.0, 14744.0, 14744.0, 14745.0, 14745.0, 14745.0, 14745.0, 14745.0, 14745.0, 14745.0, 14745.0, 14746.0, 15125.0, 15439.0, 15445.0, 15449.0, 15458.0]
Generation 48 population print time: 
[13656.0, 13656.0, 13656.0, 13656.0, 13656.0, 13656.0, 14738.0, 14742.0, 14744.0, 14744.0, 14745.0, 14745.0, 14745.0, 14746.0, 14901.0, 15125.0, 15129.0, 15437.0, 15441.0, 15594.0]
Generation 49 population print time: 
[13656.0, 13656.0, 13656.0, 13656.0, 14738.0, 14739.0, 14745.0, 14745.0, 14745.0, 14745.0, 14745.0, 14745.0, 14745.0, 14745.0, 14746.0, 14746.0, 15125.0, 15129.0, 15441.0, 15453.0]
Generation 50 population print time: 
[13648.0, 13656.0, 13656.0, 13656.0, 13656.0, 14738.0, 14738.0, 14742.0, 14744.0, 14745.0, 14745.0, 14745.0, 14745.0, 14745.0, 14745.0, 14746.0, 14746.0, 14747.0, 14903.0, 15465.0]
Generation 51 population print time: 
[13648.0, 13656.0, 13656.0, 13656.0, 13656.0, 14738.0, 14745.0, 14745.0, 14745.0, 14745.0, 14745.0, 14745.0, 14746.0, 15124.0, 15125.0, 15126.0, 15133.0, 15135.0, 15445.0, 15446.0]
Generation 52 population print time: 
[13648.0, 13656.0, 13656.0, 13656.0, 14742.0, 14742.0, 14742.0, 14742.0, 14745.0, 14745.0, 14745.0, 14745.0, 14746.0, 14746.0, 15127.0, 15128.0, 15128.0, 15129.0, 15440.0, 15456.0]
Generation 53 population print time: 
[13648.0, 13656.0, 13656.0, 13656.0, 13656.0, 14740.0, 14744.0, 14745.0, 14745.0, 14745.0, 14745.0, 14745.0, 14745.0, 14745.0, 14745.0, 14746.0, 15443.0, 15454.0, 15470.0, 15598.0]
Generation 54 population print time: 
[13648.0, 13656.0, 13656.0, 13656.0, 13656.0, 14738.0, 14742.0, 14745.0, 14745.0, 14745.0, 14745.0, 14745.0, 14745.0, 14745.0, 14746.0, 14746.0, 14746.0, 15128.0, 15601.0, 15820.0]
Generation 55 population print time: 
[13648.0, 13656.0, 13656.0, 13656.0, 14742.0, 14742.0, 14744.0, 14745.0, 14745.0, 14745.0, 14745.0, 14746.0, 14746.0, 14746.0, 14746.0, 14746.0, 15131.0, 15454.0, 15455.0, 15599.0]
