Generation 1 population configuration: 
[(array([[ 1,  9],
       [ 8,  8],
       [12,  9],
       [13,  4]]), array([2, 1, 2, 3]), 13656.0), (array([[ 1.,  9.],
       [ 8.,  8.],
       [12.,  9.],
       [13.,  4.]]), array([2, 1, 2, 3]), 13656.0), (array([[ 4,  6],
       [ 6,  4],
       [12,  3],
       [ 2,  3]]), array([2, 1, 3, 3]), 14738.0), (array([[13,  3],
       [ 3,  1],
       [13,  9],
       [ 8,  8]]), array([1, 2, 1, 1]), 14743.0), (array([[15,  8],
       [ 3,  6],
       [ 0,  4],
       [12,  1]]), array([3, 2, 1, 2]), 14744.0), (array([[15.,  8.],
       [ 3.,  6.],
       [ 0.,  4.],
       [12.,  1.]]), array([3, 2, 1, 2]), 14744.0), (array([[11,  3],
       [11,  9],
       [ 1,  6],
       [13,  2]]), array([2, 2, 2, 0]), 14745.0), (array([[12.,  3.],
       [14.,  8.],
       [ 5.,  6.],
       [ 8.,  1.]]), array([1, 3, 2, 2]), 14745.0), (array([[12.,  3.],
       [14.,  8.],
       [ 5.,  6.],
       [ 8.,  3.]]), array([1, 3, 2, 1]), 14745.0), (array([[12.,  3.],
       [14.,  8.],
       [ 5.,  6.],
       [ 8.,  3.]]), array([1, 3, 2, 1]), 14745.0), (array([[11.,  3.],
       [11.,  9.],
       [ 1.,  6.],
       [13.,  2.]]), array([2, 2, 2, 0]), 14745.0), (array([[11.,  3.],
       [11.,  9.],
       [ 1.,  6.],
       [13.,  2.]]), array([2, 2, 2, 0]), 14745.0), (array([[12.,  9.],
       [ 3.,  4.],
       [ 6.,  8.],
       [15.,  4.]]), array([2, 1, 1, 3]), 14746.0), (array([[12.,  9.],
       [ 3.,  4.],
       [ 6.,  8.],
       [15.,  4.]]), array([2, 1, 1, 3]), 14746.0), (array([[12.,  9.],
       [ 3.,  4.],
       [ 6.,  8.],
       [15.,  4.]]), array([2, 1, 1, 3]), 14746.0), (array([[ 1,  1],
       [ 1,  5],
       [12,  3],
       [12,  0]]), array([2, 2, 2, 2]), 14751.0), (array([[ 5, 10],
       [ 9,  5],
       [ 0,  4],
       [ 0, 10]]), array([1, 1, 1, 1]), 15126.0), (array([[13.,  5.],
       [ 4.,  2.],
       [ 6.,  7.],
       [ 8.,  9.]]), array([0, 2, 0, 1]), 15128.0), (array([[11,  7],
       [ 3,  9],
       [ 7,  9],
       [ 9,  1]]), array([1, 1, 2, 2]), 15128.0), (array([[13.,  5.],
       [ 4.,  2.],
       [ 1.,  6.],
       [13.,  2.]]), array([0, 2, 2, 0]), 15151.0)]
Generation 2 population configuration: 
[(array([[ 1,  9],
       [ 8,  8],
       [12,  9],
       [13,  4]]), array([2, 1, 2, 3]), 13656.0), (array([[ 4,  6],
       [ 6,  4],
       [12,  3],
       [ 2,  3]]), array([2, 1, 3, 3]), 14738.0), (array([[ 5,  8],
       [ 4,  1],
       [11,  3],
       [ 8,  4]]), array([3, 2, 0, 2]), 14740.0), (array([[15,  8],
       [ 3,  6],
       [ 0,  4],
       [12,  1]]), array([3, 2, 1, 2]), 14744.0), (array([[ 4,  4],
       [10,  4],
       [ 4,  8],
       [ 5,  5]]), array([0, 2, 2, 2]), 14744.0), (array([[11,  3],
       [11,  9],
       [ 1,  6],
       [13,  2]]), array([2, 2, 2, 0]), 14745.0), (array([[11.,  3.],
       [11.,  9.],
       [ 1.,  6.],
       [13.,  2.]]), array([2, 2, 2, 0]), 14745.0), (array([[11.,  3.],
       [11.,  9.],
       [ 1.,  6.],
       [13.,  2.]]), array([2, 2, 2, 0]), 14745.0), (array([[11.,  3.],
       [11.,  9.],
       [ 1.,  6.],
       [13.,  2.]]), array([2, 2, 2, 0]), 14745.0), (array([[12.,  9.],
       [ 3.,  4.],
       [ 6.,  8.],
       [15.,  4.]]), array([2, 1, 1, 3]), 14746.0), (array([[12.,  9.],
       [ 3.,  4.],
       [ 6.,  8.],
       [15.,  4.]]), array([2, 1, 1, 3]), 14746.0), (array([[ 9.,  4.],
       [11.,  2.],
       [ 5.,  3.],
       [ 6.,  9.]]), array([2, 0, 0, 0]), 14897.0), (array([[ 7, 10],
       [12,  7],
       [ 3,  3],
       [ 6,  4]]), array([0, 3, 3, 1]), 15122.0), (array([[13.,  5.],
       [ 4.,  2.],
       [ 1.,  6.],
       [13.,  2.]]), array([0, 2, 2, 0]), 15151.0), (array([[13.,  5.],
       [ 4.,  2.],
       [ 1.,  6.],
       [13.,  2.]]), array([0, 2, 2, 0]), 15151.0), (array([[13.,  5.],
       [ 4.,  2.],
       [ 1.,  6.],
       [13.,  2.]]), array([0, 2, 2, 0]), 15151.0), (array([[ 6.,  1.],
       [14.,  7.],
       [ 6.,  9.],
       [ 8.,  4.]]), array([2, 3, 2, 2]), 15442.0), (array([[ 6.,  1.],
       [14.,  7.],
       [ 6.,  9.],
       [ 8.,  4.]]), array([2, 3, 2, 2]), 15442.0), (array([[ 6.,  1.],
       [14.,  7.],
       [ 6.,  9.],
       [ 8.,  4.]]), array([2, 3, 2, 2]), 15442.0), (array([[11,  9],
       [ 0,  8],
       [ 6, 10],
       [14,  3]]), array([2, 1, 0, 0]), 15463.0)]
Generation 3 population configuration: 
[(array([[ 1,  9],
       [ 8,  8],
       [12,  9],
       [13,  4]]), array([2, 1, 2, 3]), 13656.0), (array([[ 1.,  9.],
       [ 8.,  8.],
       [12.,  9.],
       [13.,  4.]]), array([2, 1, 2, 3]), 13656.0), (array([[ 1,  6],
       [10,  4],
       [ 1,  9],
       [ 5, 10]]), array([2, 0, 2, 1]), 14115.0), (array([[ 4,  6],
       [ 6,  4],
       [12,  3],
       [ 2,  3]]), array([2, 1, 3, 3]), 14738.0), (array([[15,  8],
       [ 3,  6],
       [ 0,  4],
       [12,  1]]), array([3, 2, 1, 2]), 14744.0), (array([[15.,  8.],
       [ 3.,  6.],
       [ 0.,  4.],
       [12.,  1.]]), array([3, 2, 1, 2]), 14744.0), (array([[11,  3],
       [11,  9],
       [ 1,  6],
       [13,  2]]), array([2, 2, 2, 0]), 14745.0), (array([[11.,  3.],
       [11.,  9.],
       [ 1.,  6.],
       [13.,  2.]]), array([2, 2, 2, 0]), 14745.0), (array([[12.,  9.],
       [ 3.,  4.],
       [ 6.,  8.],
       [15.,  4.]]), array([2, 1, 1, 3]), 14746.0), (array([[12.,  9.],
       [ 3.,  4.],
       [ 6.,  8.],
       [15.,  4.]]), array([2, 1, 1, 3]), 14746.0), (array([[12.,  9.],
       [ 3.,  4.],
       [ 6.,  8.],
       [15.,  4.]]), array([2, 1, 1, 3]), 14746.0), (array([[12.,  9.],
       [ 3.,  4.],
       [ 6.,  8.],
       [15.,  4.]]), array([2, 1, 1, 3]), 14746.0), (array([[ 9.,  4.],
       [11.,  2.],
       [ 5.,  3.],
       [ 6.,  9.]]), array([2, 0, 0, 0]), 14897.0), (array([[11,  5],
       [ 1,  2],
       [13,  8],
       [ 6,  7]]), array([0, 2, 1, 2]), 15132.0), (array([[ 0,  8],
       [ 6,  6],
       [12,  4],
       [14,  8]]), array([1, 2, 1, 0]), 15132.0), (array([[ 1.,  9.],
       [ 8.,  8.],
       [12.,  6.],
       [ 8.,  3.]]), array([2, 1, 2, 1]), 15441.0), (array([[ 6.,  1.],
       [14.,  7.],
       [ 6.,  9.],
       [ 8.,  4.]]), array([2, 3, 2, 2]), 15442.0), (array([[ 6.,  1.],
       [14.,  7.],
       [ 6.,  9.],
       [ 8.,  4.]]), array([2, 3, 2, 2]), 15442.0), (array([[ 6.,  1.],
       [14.,  7.],
       [ 6.,  9.],
       [ 8.,  4.]]), array([2, 3, 2, 2]), 15442.0), (array([[ 7,  9],
       [12,  5],
       [ 1,  5],
       [ 6,  0]]), array([1, 1, 2, 2]), 15444.0)]
Generation 4 population configuration: 
[(array([[ 1,  9],
       [ 8,  8],
       [12,  9],
       [13,  4]]), array([2, 1, 2, 3]), 13656.0), (array([[ 4,  6],
       [ 6,  4],
       [12,  3],
       [ 2,  3]]), array([2, 1, 3, 3]), 14738.0), (array([[ 4.,  6.],
       [ 6.,  4.],
       [12.,  3.],
       [ 2.,  3.]]), array([2, 1, 3, 3]), 14738.0), (array([[ 6,  9],
       [ 7,  4],
       [13,  4],
       [ 1,  6]]), array([2, 1, 3, 1]), 14741.0), (array([[15,  8],
       [ 3,  6],
       [ 0,  4],
       [12,  1]]), array([3, 2, 1, 2]), 14744.0), (array([[15.,  8.],
       [ 3.,  6.],
       [ 0.,  4.],
       [12.,  1.]]), array([3, 2, 1, 2]), 14744.0), (array([[11,  3],
       [11,  9],
       [ 1,  6],
       [13,  2]]), array([2, 2, 2, 0]), 14745.0), (array([[11.,  3.],
       [11.,  9.],
       [ 1.,  6.],
       [13.,  2.]]), array([2, 2, 2, 0]), 14745.0), (array([[11.,  3.],
       [11.,  9.],
       [ 1.,  6.],
       [13.,  2.]]), array([2, 2, 2, 0]), 14745.0), (array([[12.,  9.],
       [ 3.,  4.],
       [ 6.,  8.],
       [15.,  4.]]), array([2, 1, 1, 3]), 14746.0), (array([[12.,  9.],
       [ 3.,  4.],
       [ 6.,  8.],
       [15.,  4.]]), array([2, 1, 1, 3]), 14746.0), (array([[ 7,  6],
       [ 2,  2],
       [11, 10],
       [14,  1]]), array([1, 3, 1, 3]), 15127.0), (array([[13.,  5.],
       [ 4.,  2.],
       [ 6.,  7.],
       [ 8.,  9.]]), array([0, 2, 0, 1]), 15128.0), (array([[ 9,  5],
       [ 2,  9],
       [10,  8],
       [ 2,  2]]), array([3, 2, 1, 2]), 15131.0), (array([[ 6.,  1.],
       [14.,  7.],
       [ 6.,  9.],
       [ 8.,  4.]]), array([2, 3, 2, 2]), 15442.0), (array([[ 6.,  1.],
       [14.,  7.],
       [ 6.,  9.],
       [ 8.,  4.]]), array([2, 3, 2, 2]), 15442.0), (array([[ 6.,  1.],
       [14.,  7.],
       [ 6.,  9.],
       [ 8.,  4.]]), array([2, 3, 2, 2]), 15442.0), (array([[15.,  8.],
       [ 6.,  4.],
       [12.,  3.],
       [ 2.,  3.]]), array([3, 1, 3, 3]), 15445.0), (array([[10,  1],
       [ 5,  8],
       [ 5,  6],
       [10,  9]]), array([2, 2, 1, 2]), 15602.0), (array([[ 1.,  9.],
       [ 8.,  8.],
       [ 1.,  6.],
       [13.,  2.]]), array([2, 2, 2, 0]), 15687.0)]
Generation 5 population configuration: 
[(array([[ 1,  9],
       [ 8,  8],
       [12,  9],
       [13,  4]]), array([2, 1, 2, 3]), 13656.0), (array([[ 4,  6],
       [ 6,  4],
       [12,  3],
       [ 2,  3]]), array([2, 1, 3, 3]), 14738.0), (array([[ 5,  5],
       [ 7,  8],
       [ 9,  5],
       [12,  4]]), array([1, 2, 1, 1]), 14742.0), (array([[15,  8],
       [ 3,  6],
       [ 0,  4],
       [12,  1]]), array([3, 2, 1, 2]), 14744.0), (array([[11,  3],
       [11,  9],
       [ 1,  6],
       [13,  2]]), array([2, 2, 2, 0]), 14745.0), (array([[11.,  3.],
       [11.,  9.],
       [ 1.,  6.],
       [13.,  2.]]), array([2, 2, 2, 0]), 14745.0), (array([[12.,  3.],
       [14.,  8.],
       [ 5.,  6.],
       [ 8.,  3.]]), array([1, 3, 2, 1]), 14745.0), (array([[11.,  3.],
       [11.,  9.],
       [ 1.,  6.],
       [13.,  2.]]), array([2, 2, 2, 0]), 14745.0), (array([[12.,  3.],
       [14.,  8.],
       [ 5.,  6.],
       [ 8.,  3.]]), array([1, 3, 2, 1]), 14745.0), (array([[12.,  3.],
       [14.,  8.],
       [ 5.,  6.],
       [ 8.,  3.]]), array([1, 3, 2, 1]), 14745.0), (array([[12.,  3.],
       [14.,  8.],
       [ 5.,  6.],
       [ 8.,  3.]]), array([1, 3, 2, 1]), 14745.0), (array([[11.,  3.],
       [11.,  9.],
       [ 1.,  6.],
       [13.,  2.]]), array([2, 2, 2, 0]), 14745.0), (array([[12.,  9.],
       [ 3.,  4.],
       [ 6.,  8.],
       [15.,  4.]]), array([2, 1, 1, 3]), 14746.0), (array([[12.,  9.],
       [ 3.,  4.],
       [ 6.,  8.],
       [15.,  4.]]), array([2, 1, 1, 3]), 14746.0), (array([[12.,  9.],
       [ 3.,  4.],
       [ 6.,  8.],
       [15.,  4.]]), array([2, 1, 1, 3]), 14746.0), (array([[11,  7],
       [13,  7],
       [ 5,  4],
       [11,  2]]), array([0, 1, 1, 0]), 15125.0), (array([[13.,  5.],
       [ 4.,  2.],
       [ 6.,  7.],
       [ 8.,  9.]]), array([0, 2, 0, 1]), 15128.0), (array([[ 6,  7],
       [12,  4],
       [14,  9],
       [ 8,  2]]), array([3, 2, 0, 0]), 15142.0), (array([[ 6.,  1.],
       [14.,  7.],
       [ 6.,  9.],
       [ 8.,  4.]]), array([2, 3, 2, 2]), 15442.0), (array([[ 8,  6],
       [15,  3],
       [ 3,  8],
       [ 1,  3]]), array([2, 3, 2, 2]), 15453.0)]
