Original population print time: 
[7643.0, 16082.0, 16112.0, 16112.0, 16114.0, 16118.0, 16372.0, 16372.0, 17290.0, 17291.0, 17293.0, 17296.0, 17297.0, 17301.0, 17365.0, 17370.0, 18427.0, 18436.0, 18701.0, 18712.0]
Generation 1 population print time: 
[7640.0, 7643.0, 7643.0, 7643.0, 7643.0, 7643.0, 7643.0, 7643.0, 7643.0, 16082.0, 16114.0, 16124.0, 16377.0, 17291.0, 17292.0, 17294.0, 17294.0, 17295.0, 18701.0, 18706.0]
Generation 2 population print time: 
[7635.0, 7640.0, 7643.0, 7643.0, 7643.0, 7643.0, 7643.0, 7643.0, 7643.0, 7643.0, 7643.0, 7643.0, 16367.0, 17290.0, 17293.0, 17293.0, 17294.0, 17295.0, 17362.0, 18429.0]
Generation 3 population print time: 
[7635.0, 7635.0, 7637.0, 7640.0, 7640.0, 7643.0, 7643.0, 7643.0, 7643.0, 7643.0, 7643.0, 7643.0, 7643.0, 16113.0, 16374.0, 16374.0, 16375.0, 17300.0, 17361.0, 19488.0]
Generation 4 population print time: 
[7635.0, 7635.0, 7635.0, 7635.0, 7635.0, 7643.0, 7643.0, 7643.0, 7643.0, 7643.0, 7643.0, 7643.0, 16116.0, 16370.0, 17292.0, 17298.0, 17299.0, 17354.0, 17365.0, 18708.0]
Generation 5 population print time: 
[7634.0, 7635.0, 7635.0, 7635.0, 7635.0, 7635.0, 7635.0, 7637.0, 7640.0, 7643.0, 7643.0, 7643.0, 16115.0, 16118.0, 16124.0, 17296.0, 17298.0, 17318.0, 17357.0, 17364.0]
Generation 6 population print time: 
[7634.0, 7634.0, 7635.0, 7635.0, 7635.0, 7635.0, 7635.0, 7635.0, 7635.0, 7635.0, 7637.0, 7637.0, 16373.0, 17295.0, 17298.0, 17305.0, 17364.0, 19484.0, 19492.0, 19498.0]
Generation 7 population print time: 
[7634.0, 7634.0, 7635.0, 7635.0, 7635.0, 7635.0, 7635.0, 7635.0, 7635.0, 7635.0, 7635.0, 7635.0, 7640.0, 16376.0, 17289.0, 17289.0, 17297.0, 17305.0, 18428.0, 19486.0]
Generation 8 population print time: 
[7634.0, 7634.0, 7634.0, 7634.0, 7635.0, 7635.0, 7635.0, 7635.0, 7635.0, 7635.0, 7635.0, 7635.0, 7640.0, 15258.0, 16110.0, 16115.0, 17288.0, 17290.0, 17296.0, 17300.0]
Generation 9 population print time: 
[7634.0, 7634.0, 7634.0, 7634.0, 7634.0, 7635.0, 7635.0, 7635.0, 7635.0, 7635.0, 7635.0, 7635.0, 7639.0, 7645.0, 16069.0, 17287.0, 17294.0, 17296.0, 17301.0, 18440.0]
Generation 10 population print time: 
[7634.0, 7634.0, 7634.0, 7634.0, 7634.0, 7634.0, 7635.0, 7635.0, 7635.0, 7635.0, 7635.0, 7635.0, 16109.0, 16124.0, 16376.0, 17296.0, 17309.0, 17354.0, 18429.0, 19491.0]
Generation 11 population print time: 
[7634.0, 7634.0, 7634.0, 7634.0, 7634.0, 7634.0, 7634.0, 7634.0, 7634.0, 7634.0, 7634.0, 7634.0, 7637.0, 16115.0, 16368.0, 17289.0, 17292.0, 17293.0, 17298.0, 17299.0]
