Original population configuration: 
[(array([[ 3,  9],
       [12,  7],
       [ 9,  3],
       [ 4,  6]]), array([2, 3, 3, 0]), 14741.0), (array([[ 7,  8],
       [10,  5],
       [ 6,  6],
       [ 2,  3]]), array([2, 2, 1, 2]), 14742.0), (array([[ 4,  3],
       [ 5,  3],
       [10,  7],
       [ 3,  8]]), array([3, 1, 3, 2]), 14744.0), (array([[ 3, 10],
       [11,  5],
       [ 5,  9],
       [11,  8]]), array([0, 0, 1, 2]), 14896.0), (array([[ 7, 10],
       [12,  5],
       [13,  2],
       [ 3,  7]]), array([1, 2, 0, 0]), 14898.0), (array([[3, 3],
       [8, 4],
       [3, 4],
       [2, 9]]), array([0, 1, 2, 2]), 15122.0), (array([[8, 1],
       [9, 7],
       [5, 5],
       [4, 8]]), array([2, 1, 0, 2]), 15124.0), (array([[ 4,  7],
       [ 6,  9],
       [12,  9],
       [11,  0]]), array([1, 2, 1, 2]), 15126.0), (array([[14,  6],
       [14,  3],
       [ 5,  7],
       [ 5,  0]]), array([0, 0, 0, 2]), 15131.0), (array([[ 8,  4],
       [14,  4],
       [ 1, 10],
       [ 8,  6]]), array([0, 0, 1, 2]), 15132.0), (array([[10,  8],
       [ 2,  2],
       [ 8,  2],
       [12,  5]]), array([2, 2, 3, 1]), 15133.0), (array([[ 8,  2],
       [ 1,  8],
       [ 4,  4],
       [ 6, 10]]), array([0, 2, 2, 1]), 15135.0), (array([[ 5,  1],
       [ 2,  4],
       [12,  1],
       [14, 10]]), array([2, 2, 2, 0]), 15138.0), (array([[ 8,  5],
       [10,  3],
       [ 2,  8],
       [12, 10]]), array([2, 1, 3, 1]), 15141.0), (array([[11,  6],
       [15,  4],
       [ 8,  0],
       [ 5,  7]]), array([0, 3, 2, 0]), 15438.0), (array([[10,  6],
       [ 9,  2],
       [15,  2],
       [ 7,  9]]), array([1, 3, 3, 1]), 15459.0), (array([[12,  2],
       [ 5,  4],
       [ 1,  7],
       [13,  9]]), array([0, 1, 1, 1]), 15460.0), (array([[ 8,  4],
       [ 6,  1],
       [11,  8],
       [ 6, 10]]), array([2, 3, 2, 0]), 15593.0), (array([[5, 7],
       [1, 7],
       [2, 4],
       [8, 1]]), array([1, 2, 1, 2]), 15602.0), (array([[14,  7],
       [13,  2],
       [ 6,  5],
       [ 3,  9]]), array([3, 0, 3, 2]), 15606.0)]
Generation 1 population configuration: 
[(array([[ 3,  9],
       [12,  7],
       [ 9,  3],
       [ 4,  6]]), array([2, 3, 3, 0]), 14741.0), (array([[ 3.,  9.],
       [12.,  7.],
       [ 9.,  3.],
       [ 4.,  6.]]), array([2, 3, 3, 0]), 14741.0), (array([[ 7,  8],
       [10,  5],
       [ 6,  6],
       [ 2,  3]]), array([2, 2, 1, 2]), 14742.0), (array([[ 4,  3],
       [ 5,  3],
       [10,  7],
       [ 3,  8]]), array([3, 1, 3, 2]), 14744.0), (array([[10.,  8.],
       [10.,  5.],
       [ 6.,  6.],
       [ 2.,  3.]]), array([2, 2, 1, 2]), 14747.0), (array([[ 3, 10],
       [11,  5],
       [ 5,  9],
       [11,  8]]), array([0, 0, 1, 2]), 14896.0), (array([[ 7., 10.],
       [12.,  5.],
       [13.,  2.],
       [ 3.,  7.]]), array([1, 2, 0, 0]), 14898.0), (array([[ 7., 10.],
       [12.,  5.],
       [13.,  2.],
       [ 3.,  7.]]), array([1, 2, 0, 0]), 14898.0), (array([[3., 3.],
       [8., 4.],
       [3., 4.],
       [2., 9.]]), array([0, 1, 2, 2]), 15122.0), (array([[3., 3.],
       [8., 4.],
       [3., 4.],
       [2., 9.]]), array([0, 1, 2, 2]), 15122.0), (array([[8., 1.],
       [9., 7.],
       [5., 5.],
       [3., 8.]]), array([2, 1, 0, 2]), 15124.0), (array([[ 4.,  7.],
       [ 6.,  9.],
       [12.,  9.],
       [11.,  0.]]), array([1, 2, 1, 2]), 15126.0), (array([[14,  6],
       [ 5, 10],
       [10,  9],
       [ 3,  6]]), array([0, 1, 2, 0]), 15130.0), (array([[14.,  6.],
       [14.,  3.],
       [ 5.,  7.],
       [ 5.,  0.]]), array([0, 0, 0, 2]), 15131.0), (array([[10.,  8.],
       [ 2.,  2.],
       [ 8.,  2.],
       [12.,  5.]]), array([2, 2, 3, 1]), 15133.0), (array([[ 8.,  2.],
       [ 1.,  8.],
       [ 4.,  4.],
       [ 6., 10.]]), array([0, 2, 2, 1]), 15135.0), (array([[ 5.,  1.],
       [ 2.,  4.],
       [12.,  1.],
       [14., 10.]]), array([2, 2, 2, 0]), 15138.0), (array([[ 4,  2],
       [ 2,  7],
       [12,  9],
       [14,  4]]), array([3, 3, 1, 0]), 15146.0), (array([[ 5,  2],
       [12,  8],
       [ 6,  9],
       [ 1,  5]]), array([2, 3, 2, 1]), 15439.0), (array([[9, 8],
       [3, 5],
       [8, 8],
       [3, 8]]), array([1, 0, 3, 3]), 15448.0)]
