Original population configuration: 
[(array([[10,  1],
       [14,  8],
       [ 2,  4],
       [ 6, 10]]), array([2, 3, 2, 3]), 4293.0), (array([[8, 4],
       [5, 2],
       [3, 7],
       [4, 9]]), array([2, 3, 3, 1]), 4295.0), (array([[ 1,  3],
       [ 7,  9],
       [11,  2],
       [13,  5]]), array([1, 0, 1, 1]), 4296.0), (array([[4, 5],
       [8, 4],
       [2, 9],
       [9, 8]]), array([0, 1, 1, 1]), 4297.0), (array([[ 9,  3],
       [10,  5],
       [ 1,  3],
       [13, 10]]), array([3, 1, 2, 1]), 4297.0), (array([[ 3, 11],
       [ 6,  1],
       [ 8,  1],
       [14,  4]]), array([0, 3, 2, 3]), 4299.0), (array([[10,  3],
       [11,  5],
       [ 4,  7],
       [ 2,  8]]), array([1, 2, 0, 2]), 4299.0), (array([[11,  6],
       [ 6,  4],
       [13,  1],
       [ 3,  1]]), array([2, 2, 2, 1]), 4302.0), (array([[ 2,  5],
       [ 4,  8],
       [ 9,  0],
       [13,  9]]), array([1, 3, 2, 2]), 4303.0), (array([[ 6,  9],
       [ 1,  4],
       [ 8,  2],
       [13,  5]]), array([1, 1, 1, 2]), 4304.0), (array([[ 7,  4],
       [ 6, 10],
       [ 1,  3],
       [ 1,  7]]), array([1, 0, 1, 0]), 4304.0), (array([[ 2,  4],
       [ 4,  7],
       [10,  1],
       [14,  1]]), array([1, 3, 2, 2]), 4305.0), (array([[14,  1],
       [11,  7],
       [ 6,  8],
       [ 2,  6]]), array([3, 2, 2, 2]), 4309.0), (array([[ 1,  0],
       [ 1,  7],
       [ 9,  6],
       [14,  6]]), array([2, 2, 0, 2]), 8213.0), (array([[ 6,  2],
       [11,  2],
       [ 6,  9],
       [10,  8]]), array([3, 2, 1, 1]), 8225.0), (array([[ 4, 10],
       [ 9,  9],
       [ 3,  3],
       [ 1,  1]]), array([0, 1, 1, 2]), 8226.0), (array([[2, 4],
       [6, 7],
       [9, 2],
       [8, 9]]), array([2, 1, 1, 2]), 8607.0), (array([[ 6,  4],
       [ 3,  5],
       [ 8,  8],
       [13,  8]]), array([1, 0, 2, 2]), 10836.0), (array([[13,  7],
       [ 5,  7],
       [ 4,  4],
       [ 2,  1]]), array([0, 3, 1, 3]), 12115.0), (array([[15,  1],
       [ 6,  2],
       [ 6, 11],
       [ 0,  7]]), array([3, 2, 0, 1]), 12116.0)]
Generation 1 population configuration: 
[(array([[10,  1],
       [14,  8],
       [ 2,  4],
       [ 6, 10]]), array([2, 3, 2, 3]), 4293.0), (array([[8, 4],
       [5, 2],
       [3, 7],
       [4, 9]]), array([2, 3, 3, 1]), 4295.0), (array([[8., 4.],
       [5., 2.],
       [3., 7.],
       [4., 9.]]), array([2, 3, 3, 1]), 4295.0), (array([[8., 4.],
       [5., 2.],
       [3., 7.],
       [4., 9.]]), array([2, 3, 3, 1]), 4295.0), (array([[ 1,  3],
       [ 7,  9],
       [11,  2],
       [13,  5]]), array([1, 0, 1, 1]), 4296.0), (array([[4, 5],
       [8, 4],
       [2, 9],
       [9, 8]]), array([0, 1, 1, 1]), 4297.0), (array([[ 9,  3],
       [10,  5],
       [ 1,  3],
       [13, 10]]), array([3, 1, 2, 1]), 4297.0), (array([[ 9.,  3.],
       [10.,  5.],
       [ 1.,  3.],
       [13., 10.]]), array([3, 1, 2, 1]), 4297.0), (array([[ 9.,  3.],
       [11.,  5.],
       [ 1.,  3.],
       [13., 10.]]), array([3, 1, 2, 1]), 4297.0), (array([[ 9.,  3.],
       [10.,  5.],
       [ 1.,  3.],
       [13., 10.]]), array([3, 1, 2, 1]), 4297.0), (array([[ 3, 11],
       [ 6,  1],
       [ 8,  1],
       [14,  4]]), array([0, 3, 2, 3]), 4299.0), (array([[10.,  3.],
       [11.,  5.],
       [ 4.,  7.],
       [ 2.,  8.]]), array([1, 2, 0, 2]), 4299.0), (array([[10.,  3.],
       [11.,  5.],
       [ 4.,  7.],
       [ 2.,  8.]]), array([1, 2, 0, 2]), 4299.0), (array([[14,  5],
       [12,  7],
       [ 7,  2],
       [ 3,  1]]), array([0, 2, 1, 2]), 4301.0), (array([[10,  7],
       [ 6,  3],
       [11,  0],
       [ 3,  9]]), array([1, 2, 2, 2]), 4301.0), (array([[ 7.,  4.],
       [ 6., 10.],
       [ 1.,  3.],
       [ 1.,  7.]]), array([1, 0, 1, 0]), 4304.0), (array([[ 9,  7],
       [ 6,  8],
       [12,  3],
       [ 4,  3]]), array([1, 3, 0, 1]), 4306.0), (array([[ 6,  6],
       [11,  7],
       [ 8,  1],
       [12,  9]]), array([3, 3, 2, 1]), 4310.0), (array([[ 9,  5],
       [ 7,  3],
       [ 5, 10],
       [ 2,  3]]), array([2, 1, 0, 3]), 8199.0), (array([[ 1, 10],
       [ 9,  7],
       [ 8,  2],
       [14,  1]]), array([1, 1, 1, 2]), 11058.0)]
Generation 2 population configuration: 
[(array([[10,  1],
       [14,  8],
       [ 2,  4],
       [ 6, 10]]), array([2, 3, 2, 3]), 4293.0), (array([[8, 4],
       [5, 2],
       [3, 7],
       [4, 9]]), array([2, 3, 3, 1]), 4295.0), (array([[8., 4.],
       [5., 2.],
       [3., 7.],
       [4., 9.]]), array([2, 3, 3, 1]), 4295.0), (array([[8., 4.],
       [5., 2.],
       [3., 7.],
       [4., 9.]]), array([2, 3, 3, 1]), 4295.0), (array([[8., 4.],
       [5., 2.],
       [3., 7.],
       [4., 9.]]), array([2, 3, 3, 1]), 4295.0), (array([[8., 4.],
       [5., 2.],
       [3., 7.],
       [4., 9.]]), array([2, 3, 3, 1]), 4295.0), (array([[ 1,  3],
       [ 7,  9],
       [11,  2],
       [13,  5]]), array([1, 0, 1, 1]), 4296.0), (array([[4, 5],
       [8, 4],
       [2, 9],
       [9, 8]]), array([0, 1, 1, 1]), 4297.0), (array([[ 9.,  3.],
       [11.,  5.],
       [ 1.,  3.],
       [13., 10.]]), array([3, 1, 2, 1]), 4297.0), (array([[ 7,  6],
       [ 6,  1],
       [12,  2],
       [14,  8]]), array([2, 3, 3, 2]), 4297.0), (array([[ 3., 11.],
       [ 6.,  1.],
       [ 8.,  1.],
       [14.,  4.]]), array([0, 3, 2, 3]), 4299.0), (array([[10.,  3.],
       [11.,  5.],
       [ 4.,  7.],
       [ 2.,  8.]]), array([1, 2, 0, 2]), 4299.0), (array([[12,  8],
       [12,  2],
       [ 3, 10],
       [ 2,  5]]), array([3, 2, 1, 1]), 4302.0), (array([[ 7.,  4.],
       [ 6., 10.],
       [ 1.,  3.],
       [ 1.,  7.]]), array([1, 0, 1, 0]), 4304.0), (array([[ 7.,  4.],
       [ 6., 10.],
       [ 1.,  3.],
       [ 1.,  7.]]), array([1, 0, 1, 0]), 4304.0), (array([[ 9.,  7.],
       [ 6.,  8.],
       [12.,  3.],
       [ 4.,  3.]]), array([1, 3, 0, 1]), 4306.0), (array([[ 9,  5],
       [ 8, 10],
       [14,  6],
       [ 4,  2]]), array([0, 0, 0, 2]), 4307.0), (array([[ 1,  6],
       [ 7,  5],
       [ 6,  2],
       [12,  8]]), array([2, 2, 1, 1]), 4308.0), (array([[ 2,  5],
       [ 1,  7],
       [ 9,  2],
       [13,  7]]), array([1, 2, 2, 2]), 8617.0), (array([[ 8,  1],
       [11,  5],
       [ 5,  8],
       [10,  9]]), array([3, 1, 1, 0]), 11065.0)]
Generation 3 population configuration: 
[(array([[10,  1],
       [14,  8],
       [ 2,  4],
       [ 6, 10]]), array([2, 3, 2, 3]), 4293.0), (array([[10.,  1.],
       [14.,  8.],
       [ 2.,  4.],
       [ 6., 10.]]), array([2, 3, 2, 3]), 4293.0), (array([[10.,  1.],
       [14.,  8.],
       [ 2.,  4.],
       [ 6., 10.]]), array([2, 3, 2, 3]), 4293.0), (array([[8, 4],
       [5, 2],
       [3, 7],
       [4, 9]]), array([2, 3, 3, 1]), 4295.0), (array([[8., 4.],
       [5., 2.],
       [3., 7.],
       [4., 9.]]), array([2, 3, 3, 1]), 4295.0), (array([[8., 4.],
       [5., 2.],
       [3., 7.],
       [4., 9.]]), array([2, 3, 3, 1]), 4295.0), (array([[8., 4.],
       [5., 2.],
       [3., 7.],
       [4., 9.]]), array([2, 3, 3, 1]), 4295.0), (array([[8., 4.],
       [5., 2.],
       [3., 7.],
       [4., 9.]]), array([2, 3, 3, 1]), 4295.0), (array([[8., 4.],
       [5., 2.],
       [3., 7.],
       [4., 9.]]), array([2, 3, 3, 1]), 4295.0), (array([[8., 4.],
       [5., 2.],
       [3., 7.],
       [4., 9.]]), array([2, 3, 3, 1]), 4295.0), (array([[4., 5.],
       [8., 4.],
       [2., 9.],
       [9., 8.]]), array([0, 1, 1, 1]), 4297.0), (array([[ 3,  6],
       [ 6,  8],
       [12,  2],
       [14,  4]]), array([0, 1, 1, 2]), 4297.0), (array([[ 5,  6],
       [ 3,  5],
       [ 9,  1],
       [12, 11]]), array([2, 0, 2, 0]), 4298.0), (array([[10.,  3.],
       [11.,  5.],
       [ 4.,  7.],
       [ 2.,  8.]]), array([1, 2, 0, 2]), 4299.0), (array([[ 3., 11.],
       [ 6.,  1.],
       [ 8.,  1.],
       [14.,  4.]]), array([0, 3, 2, 3]), 4299.0), (array([[ 5,  2],
       [ 7,  3],
       [ 1,  6],
       [11,  6]]), array([3, 1, 2, 2]), 4303.0), (array([[ 7.,  4.],
       [ 6., 10.],
       [ 1.,  3.],
       [ 1.,  7.]]), array([1, 0, 1, 0]), 4304.0), (array([[ 7,  2],
       [ 1,  5],
       [14,  1],
       [14,  9]]), array([2, 2, 3, 3]), 8208.0), (array([[ 6,  7],
       [ 8,  9],
       [ 9,  3],
       [13, 10]]), array([3, 1, 1, 1]), 8224.0), (array([[ 6, 10],
       [ 1, 10],
       [ 2,  3],
       [11,  3]]), array([1, 1, 1, 2]), 11039.0)]
Generation 4 population configuration: 
[(array([[10,  1],
       [14,  8],
       [ 2,  4],
       [ 6, 10]]), array([2, 3, 2, 3]), 4293.0), (array([[10.,  1.],
       [14.,  8.],
       [ 2.,  4.],
       [ 6., 10.]]), array([2, 3, 2, 3]), 4293.0), (array([[10.,  1.],
       [14.,  8.],
       [ 2.,  4.],
       [ 6., 10.]]), array([2, 3, 2, 3]), 4293.0), (array([[8, 4],
       [5, 2],
       [3, 7],
       [4, 9]]), array([2, 3, 3, 1]), 4295.0), (array([[8., 4.],
       [5., 2.],
       [3., 7.],
       [4., 9.]]), array([2, 3, 3, 1]), 4295.0), (array([[8., 4.],
       [5., 2.],
       [3., 7.],
       [4., 9.]]), array([2, 3, 3, 1]), 4295.0), (array([[8., 4.],
       [5., 2.],
       [3., 7.],
       [4., 9.]]), array([2, 3, 3, 1]), 4295.0), (array([[8., 4.],
       [5., 2.],
       [3., 7.],
       [4., 9.]]), array([2, 3, 3, 1]), 4295.0), (array([[8., 4.],
       [5., 2.],
       [3., 7.],
       [4., 9.]]), array([2, 3, 3, 1]), 4295.0), (array([[8., 4.],
       [5., 2.],
       [3., 7.],
       [4., 9.]]), array([2, 3, 3, 1]), 4295.0), (array([[ 5.,  6.],
       [ 3.,  5.],
       [10.,  1.],
       [12., 11.]]), array([2, 0, 2, 0]), 4298.0), (array([[10.,  3.],
       [11.,  5.],
       [ 4.,  7.],
       [ 2.,  8.]]), array([1, 2, 0, 2]), 4299.0), (array([[11,  6],
       [10,  7],
       [ 6,  5],
       [ 1,  1]]), array([0, 2, 0, 2]), 4299.0), (array([[ 5.,  2.],
       [ 7.,  3.],
       [ 1.,  6.],
       [11.,  6.]]), array([3, 1, 2, 2]), 4303.0), (array([[ 1,  9],
       [ 7,  7],
       [ 5,  3],
       [14,  8]]), array([1, 1, 3, 0]), 4303.0), (array([[ 7.,  4.],
       [ 6., 10.],
       [ 1.,  3.],
       [ 1.,  7.]]), array([1, 0, 1, 0]), 4304.0), (array([[ 2,  3],
       [ 4,  6],
       [ 8,  8],
       [12,  6]]), array([1, 3, 2, 2]), 4304.0), (array([[ 8,  5],
       [10,  6],
       [ 7,  9],
       [14,  5]]), array([0, 2, 0, 0]), 4306.0), (array([[ 3,  4],
       [ 4, 10],
       [12,  2],
       [13,  9]]), array([1, 1, 2, 1]), 8220.0), (array([[ 9,  5],
       [ 7,  1],
       [13,  8],
       [ 5,  8]]), array([1, 3, 2, 3]), 10622.0)]
