Original population print time: 
[4293.0, 4295.0, 4296.0, 4297.0, 4297.0, 4299.0, 4299.0, 4302.0, 4303.0, 4304.0, 4304.0, 4305.0, 4309.0, 8213.0, 8225.0, 8226.0, 8607.0, 10836.0, 12115.0, 12116.0]
Generation 1 population print time: 
[4293.0, 4295.0, 4295.0, 4295.0, 4296.0, 4297.0, 4297.0, 4297.0, 4297.0, 4297.0, 4299.0, 4299.0, 4299.0, 4301.0, 4301.0, 4304.0, 4306.0, 4310.0, 8199.0, 11058.0]
Generation 2 population print time: 
[4293.0, 4295.0, 4295.0, 4295.0, 4295.0, 4295.0, 4296.0, 4297.0, 4297.0, 4297.0, 4299.0, 4299.0, 4302.0, 4304.0, 4304.0, 4306.0, 4307.0, 4308.0, 8617.0, 11065.0]
Generation 3 population print time: 
[4293.0, 4293.0, 4293.0, 4295.0, 4295.0, 4295.0, 4295.0, 4295.0, 4295.0, 4295.0, 4297.0, 4297.0, 4298.0, 4299.0, 4299.0, 4303.0, 4304.0, 8208.0, 8224.0, 11039.0]
Generation 4 population print time: 
[4293.0, 4293.0, 4293.0, 4295.0, 4295.0, 4295.0, 4295.0, 4295.0, 4295.0, 4295.0, 4298.0, 4299.0, 4299.0, 4303.0, 4303.0, 4304.0, 4304.0, 4306.0, 8220.0, 10622.0]
