Original population configuration: 
[(array([[13, 10],
       [ 2,  1],
       [13,  2],
       [ 6,  8]]), array([0, 2, 3, 2]), 9107.0), (array([[12,  5],
       [ 5,  8],
       [ 3,  4],
       [11,  1]]), array([2, 3, 1, 2]), 10790.0), (array([[13,  6],
       [ 1,  2],
       [11,  8],
       [ 7,  3]]), array([0, 2, 3, 0]), 15127.0), (array([[13,  7],
       [ 5,  4],
       [10,  9],
       [14,  9]]), array([0, 3, 3, 2]), 15128.0), (array([[ 6,  1],
       [ 2, 10],
       [ 8,  8],
       [12,  9]]), array([2, 1, 2, 0]), 17761.0), (array([[ 9,  3],
       [ 4,  4],
       [12,  7],
       [ 8,  6]]), array([1, 2, 2, 1]), 17766.0), (array([[11,  5],
       [ 3,  9],
       [ 3,  1],
       [ 6,  5]]), array([2, 0, 2, 2]), 18502.0), (array([[ 1,  9],
       [12,  7],
       [12,  1],
       [ 4,  2]]), array([1, 2, 2, 2]), 18648.0), (array([[ 4,  3],
       [11,  3],
       [ 2,  6],
       [ 7,  9]]), array([1, 2, 0, 3]), 19343.0), (array([[ 6,  4],
       [ 3,  6],
       [ 2,  3],
       [13,  2]]), array([1, 2, 1, 2]), 19630.0), (array([[ 6,  3],
       [ 8,  8],
       [ 3,  2],
       [12,  6]]), array([1, 3, 2, 2]), 19635.0), (array([[ 3,  1],
       [ 6, 10],
       [12,  8],
       [ 7,  2]]), array([2, 1, 2, 1]), 19689.0), (array([[ 1,  2],
       [11,  7],
       [ 1, 10],
       [ 5,  5]]), array([2, 1, 1, 1]), 19893.0), (array([[12,  1],
       [ 3, 10],
       [ 5,  2],
       [12,  7]]), array([2, 1, 2, 2]), 20794.0), (array([[ 1,  9],
       [12,  7],
       [10,  5],
       [ 1,  1]]), array([1, 2, 1, 2]), 21329.0), (array([[ 7,  3],
       [13, 11],
       [ 9,  9],
       [14,  3]]), array([3, 0, 3, 2]), 21346.0), (array([[10,  6],
       [ 4,  9],
       [11, 10],
       [11,  0]]), array([1, 0, 1, 2]), 21794.0), (array([[ 4,  8],
       [10, 10],
       [13,  2],
       [ 8,  3]]), array([0, 0, 2, 3]), 22294.0), (array([[ 6,  6],
       [ 9,  6],
       [ 1,  8],
       [10,  1]]), array([0, 2, 2, 2]), 22404.0), (array([[ 9,  4],
       [ 1,  5],
       [13,  6],
       [ 1,  9]]), array([1, 1, 2, 0]), 22883.0)]
Generation 1 population configuration: 
[(array([[13, 10],
       [ 2,  1],
       [13,  2],
       [ 6,  8]]), array([0, 2, 3, 2]), 9107.0), (array([[13., 10.],
       [ 2.,  1.],
       [13.,  2.],
       [ 6.,  8.]]), array([0, 2, 3, 2]), 9107.0), (array([[13., 10.],
       [ 2.,  1.],
       [13.,  2.],
       [ 6.,  8.]]), array([0, 2, 3, 2]), 9107.0), (array([[13., 10.],
       [ 2.,  1.],
       [13.,  2.],
       [ 6.,  8.]]), array([0, 2, 3, 2]), 9107.0), (array([[13., 10.],
       [ 2.,  1.],
       [14.,  2.],
       [ 6.,  8.]]), array([0, 2, 3, 2]), 9107.0), (array([[13., 11.],
       [ 2.,  1.],
       [13.,  2.],
       [ 6.,  8.]]), array([0, 2, 3, 2]), 9108.0), (array([[14,  6],
       [ 6,  5],
       [ 8,  7],
       [ 2,  8]]), array([0, 0, 2, 1]), 9110.0), (array([[ 1,  1],
       [10,  1],
       [12,  8],
       [ 6,  5]]), array([2, 2, 1, 0]), 10370.0), (array([[12,  5],
       [ 5,  8],
       [ 3,  4],
       [11,  1]]), array([2, 3, 1, 2]), 10790.0), (array([[12.,  5.],
       [ 5.,  8.],
       [ 3.,  4.],
       [11.,  1.]]), array([2, 3, 1, 2]), 10790.0), (array([[12.,  5.],
       [ 5.,  8.],
       [ 3.,  4.],
       [11.,  1.]]), array([2, 3, 1, 2]), 10790.0), (array([[12.,  5.],
       [ 5.,  8.],
       [ 3.,  4.],
       [11.,  1.]]), array([2, 3, 1, 2]), 10790.0), (array([[12.,  5.],
       [ 5.,  8.],
       [ 3.,  4.],
       [11.,  1.]]), array([2, 3, 1, 2]), 10790.0), (array([[ 0, 10],
       [10,  7],
       [14,  5],
       [10,  9]]), array([1, 0, 0, 1]), 17766.0), (array([[11,  2],
       [ 4,  4],
       [12, 10],
       [ 8,  0]]), array([2, 3, 1, 2]), 18038.0), (array([[10,  1],
       [ 1,  1],
       [ 3,  9],
       [12,  9]]), array([2, 2, 0, 2]), 18377.0), (array([[12.,  5.],
       [ 5.,  8.],
       [ 3.,  4.],
       [11.,  1.]]), array([3, 3, 1, 2]), 18393.0), (array([[ 7,  3],
       [11,  3],
       [ 2,  6],
       [ 2,  8]]), array([2, 1, 0, 1]), 22401.0), (array([[ 9,  4],
       [ 4,  2],
       [ 8,  6],
       [ 9, 10]]), array([1, 3, 3, 1]), 22881.0), (array([[ 7,  4],
       [ 1,  6],
       [14,  7],
       [ 4,  3]]), array([1, 2, 3, 0]), 22885.0)]
Generation 2 population configuration: 
[(array([[13, 10],
       [ 2,  1],
       [13,  2],
       [ 6,  8]]), array([0, 2, 3, 2]), 9107.0), (array([[13., 10.],
       [ 2.,  1.],
       [13.,  2.],
       [ 6.,  8.]]), array([0, 2, 3, 2]), 9107.0), (array([[13., 10.],
       [ 2.,  1.],
       [13.,  2.],
       [ 6.,  8.]]), array([0, 2, 3, 2]), 9107.0), (array([[13., 10.],
       [ 2.,  1.],
       [13.,  2.],
       [ 6.,  8.]]), array([0, 2, 3, 2]), 9107.0), (array([[13., 10.],
       [ 2.,  1.],
       [14.,  2.],
       [ 6.,  8.]]), array([0, 2, 3, 2]), 9107.0), (array([[13., 10.],
       [ 1.,  1.],
       [13.,  2.],
       [ 6.,  8.]]), array([0, 2, 3, 2]), 9107.0), (array([[13., 10.],
       [ 2.,  1.],
       [13.,  2.],
       [ 6.,  8.]]), array([0, 2, 3, 2]), 9107.0), (array([[13., 10.],
       [ 2.,  1.],
       [13.,  2.],
       [ 6.,  8.]]), array([0, 2, 3, 2]), 9107.0), (array([[13., 10.],
       [ 2.,  1.],
       [13.,  2.],
       [ 6.,  8.]]), array([0, 2, 3, 2]), 9107.0), (array([[13., 10.],
       [ 2.,  1.],
       [13.,  2.],
       [ 6.,  8.]]), array([0, 2, 3, 2]), 9107.0), (array([[13., 11.],
       [ 2.,  1.],
       [13.,  2.],
       [ 6.,  8.]]), array([0, 2, 3, 2]), 9108.0), (array([[13., 11.],
       [ 2.,  1.],
       [13.,  2.],
       [ 7.,  8.]]), array([0, 2, 3, 2]), 9108.0), (array([[13.,  6.],
       [ 6.,  5.],
       [ 8.,  7.],
       [ 2.,  8.]]), array([0, 0, 2, 1]), 9109.0), (array([[14,  6],
       [ 6,  5],
       [ 8,  7],
       [ 2,  8]]), array([0, 0, 2, 1]), 9110.0), (array([[ 1,  1],
       [10,  1],
       [12,  8],
       [ 6,  5]]), array([2, 2, 1, 0]), 10370.0), (array([[12.,  6.],
       [ 5.,  8.],
       [ 3.,  4.],
       [11.,  1.]]), array([2, 3, 1, 2]), 10789.0), (array([[12,  5],
       [ 5,  8],
       [ 3,  4],
       [11,  1]]), array([2, 3, 1, 2]), 10790.0), (array([[12.,  5.],
       [ 5.,  8.],
       [ 3.,  4.],
       [11.,  1.]]), array([2, 3, 1, 2]), 10790.0), (array([[12.,  5.],
       [ 5.,  8.],
       [ 3.,  4.],
       [11.,  1.]]), array([2, 3, 1, 2]), 10790.0), (array([[12.,  5.],
       [ 5.,  8.],
       [ 3.,  4.],
       [11.,  1.]]), array([2, 3, 1, 2]), 10790.0), (array([[12.,  5.],
       [ 5.,  8.],
       [ 3.,  4.],
       [11.,  1.]]), array([2, 3, 1, 2]), 10790.0), (array([[12.,  5.],
       [ 5.,  8.],
       [ 3.,  4.],
       [11.,  0.]]), array([2, 3, 1, 2]), 10790.0), (array([[12.,  5.],
       [ 5.,  8.],
       [ 3.,  4.],
       [11.,  1.]]), array([2, 3, 1, 1]), 10790.0), (array([[ 1,  4],
       [ 7,  7],
       [12,  3],
       [14,  5]]), array([2, 1, 0, 3]), 17761.0), (array([[ 0, 10],
       [10,  7],
       [14,  5],
       [10,  9]]), array([1, 0, 0, 1]), 17766.0), (array([[ 5,  9],
       [ 3,  9],
       [12,  6],
       [13,  3]]), array([1, 0, 1, 0]), 17768.0), (array([[11,  2],
       [ 4,  4],
       [12, 10],
       [ 8,  0]]), array([2, 3, 1, 2]), 18038.0), (array([[10,  1],
       [ 1,  1],
       [ 3,  9],
       [12,  9]]), array([2, 2, 0, 2]), 18377.0), (array([[12.,  5.],
       [ 5.,  8.],
       [ 3.,  4.],
       [11.,  1.]]), array([3, 3, 1, 2]), 18393.0), (array([[ 6,  8],
       [ 8,  2],
       [ 8, 10],
       [ 1,  3]]), array([3, 2, 1, 1]), 18444.0), (array([[10,  1],
       [ 0, 10],
       [ 5,  3],
       [ 1,  4]]), array([2, 1, 1, 1]), 18498.0), (array([[8, 3],
       [3, 7],
       [4, 3],
       [9, 7]]), array([1, 2, 1, 1]), 18501.0), (array([[12,  4],
       [ 1, 10],
       [ 2,  4],
       [ 7,  4]]), array([2, 1, 1, 0]), 18504.0), (array([[12,  6],
       [ 7,  4],
       [ 2,  5],
       [10, 10]]), array([2, 2, 2, 3]), 18506.0), (array([[9, 6],
       [7, 4],
       [3, 9],
       [3, 5]]), array([2, 1, 0, 0]), 18509.0), (array([[ 7,  3],
       [11,  3],
       [ 2,  6],
       [ 2,  8]]), array([2, 1, 0, 1]), 22401.0), (array([[ 9,  4],
       [ 4,  2],
       [ 8,  6],
       [ 9, 10]]), array([1, 3, 3, 1]), 22881.0), (array([[ 7,  4],
       [ 1,  6],
       [14,  7],
       [ 4,  3]]), array([1, 2, 3, 0]), 22885.0)]
