Original population configuration: 
[(array([[ 7,  0],
       [11,  7],
       [13,  7],
       [ 4,  9]]), array([2, 3, 2, 1]), 3284.0), (array([[ 1,  4],
       [ 5,  1],
       [ 7, 10],
       [10,  0]]), array([2, 2, 1, 2]), 3536.0), (array([[ 5,  1],
       [11,  2],
       [ 9,  7],
       [14,  9]]), array([2, 1, 2, 3]), 3541.0), (array([[ 6,  7],
       [ 2,  8],
       [11,  3],
       [ 2,  2]]), array([1, 1, 2, 2]), 4989.0), (array([[10,  7],
       [12,  9],
       [ 8, 11],
       [ 7,  2]]), array([0, 1, 0, 1]), 4989.0), (array([[6, 6],
       [7, 3],
       [4, 2],
       [1, 8]]), array([2, 1, 2, 0]), 4990.0), (array([[ 9,  9],
       [10,  5],
       [ 2,  5],
       [ 2,  2]]), array([3, 1, 1, 0]), 4992.0), (array([[ 8,  2],
       [10,  7],
       [ 1,  0],
       [ 0,  7]]), array([3, 1, 2, 1]), 4992.0), (array([[ 7,  8],
       [ 3,  7],
       [10,  3],
       [ 3,  1]]), array([2, 2, 2, 2]), 4992.0), (array([[8, 7],
       [7, 6],
       [8, 4],
       [0, 6]]), array([1, 3, 0, 1]), 4993.0), (array([[15,  3],
       [ 9,  4],
       [ 3,  4],
       [ 0,  4]]), array([3, 2, 1, 1]), 4994.0), (array([[14,  9],
       [ 9,  8],
       [ 1,  5],
       [ 0,  1]]), array([0, 3, 2, 1]), 4994.0), (array([[ 9, 10],
       [ 5,  7],
       [14,  2],
       [ 1,  2]]), array([1, 2, 3, 2]), 4995.0), (array([[11,  6],
       [ 6,  5],
       [ 6,  9],
       [ 3,  6]]), array([1, 1, 2, 1]), 4995.0), (array([[12,  9],
       [12,  3],
       [ 2, 10],
       [ 3,  3]]), array([1, 3, 0, 0]), 4998.0), (array([[2, 7],
       [5, 9],
       [2, 2],
       [9, 7]]), array([0, 3, 0, 1]), 5000.0), (array([[ 4,  2],
       [ 3,  5],
       [ 9,  4],
       [10,  9]]), array([1, 2, 2, 3]), 5000.0), (array([[ 3,  9],
       [ 2,  4],
       [ 9,  1],
       [14,  6]]), array([1, 0, 2, 3]), 5001.0), (array([[12,  3],
       [12,  8],
       [ 2,  2],
       [ 4, 11]]), array([0, 1, 3, 0]), 5006.0), (array([[ 1,  4],
       [ 6,  4],
       [14,  5],
       [14,  7]]), array([2, 1, 0, 2]), 5011.0)]
Generation 1 population configuration: 
[(array([[ 7,  0],
       [11,  7],
       [13,  7],
       [ 4,  9]]), array([2, 3, 2, 1]), 3284.0), (array([[ 7.,  0.],
       [11.,  7.],
       [13.,  7.],
       [ 4.,  9.]]), array([2, 3, 2, 1]), 3284.0), (array([[ 7.,  0.],
       [11.,  7.],
       [13.,  7.],
       [ 4.,  9.]]), array([2, 3, 2, 1]), 3284.0), (array([[ 7.,  0.],
       [11.,  7.],
       [13.,  7.],
       [ 4.,  9.]]), array([2, 3, 2, 1]), 3284.0), (array([[ 7.,  0.],
       [11.,  7.],
       [13.,  7.],
       [ 4.,  9.]]), array([2, 3, 2, 1]), 3284.0), (array([[ 1,  4],
       [ 5,  1],
       [ 7, 10],
       [10,  0]]), array([2, 2, 1, 2]), 3536.0), (array([[ 1.,  4.],
       [ 5.,  1.],
       [ 7., 10.],
       [10.,  0.]]), array([2, 2, 1, 2]), 3536.0), (array([[ 2.,  4.],
       [ 6.,  1.],
       [ 8., 10.],
       [11.,  0.]]), array([2, 2, 1, 2]), 3537.0), (array([[ 5,  1],
       [11,  2],
       [ 9,  7],
       [14,  9]]), array([2, 1, 2, 3]), 3541.0), (array([[ 5.,  1.],
       [11.,  2.],
       [ 9.,  7.],
       [14.,  9.]]), array([2, 1, 2, 2]), 3541.0), (array([[ 7,  8],
       [12,  5],
       [ 1, 10],
       [ 5,  1]]), array([0, 1, 1, 1]), 4986.0), (array([[ 6,  7],
       [ 2,  8],
       [11,  3],
       [ 2,  2]]), array([1, 1, 2, 2]), 4989.0), (array([[10,  7],
       [12,  9],
       [ 8, 11],
       [ 7,  2]]), array([0, 1, 0, 1]), 4989.0), (array([[6, 6],
       [7, 3],
       [4, 2],
       [1, 8]]), array([2, 1, 2, 0]), 4990.0), (array([[6., 6.],
       [7., 3.],
       [4., 2.],
       [1., 8.]]), array([2, 1, 2, 0]), 4990.0), (array([[ 4,  0],
       [ 3,  4],
       [ 7,  5],
       [10,  1]]), array([2, 2, 2, 2]), 4991.0), (array([[12,  7],
       [10,  6],
       [12,  1],
       [ 3,  0]]), array([1, 3, 2, 2]), 4995.0), (array([[ 9,  1],
       [12,  5],
       [ 3,  4],
       [10,  9]]), array([2, 1, 3, 2]), 5002.0), (array([[ 8,  2],
       [ 4,  2],
       [10,  6],
       [ 8,  7]]), array([1, 2, 2, 3]), 5005.0), (array([[ 2,  9],
       [ 1,  5],
       [ 7,  3],
       [13, 10]]), array([1, 1, 1, 1]), 5008.0)]
Generation 2 population configuration: 
[(array([[ 7,  0],
       [11,  7],
       [13,  7],
       [ 4,  9]]), array([2, 3, 2, 1]), 3284.0), (array([[ 7.,  0.],
       [11.,  7.],
       [13.,  7.],
       [ 4.,  9.]]), array([2, 3, 2, 1]), 3284.0), (array([[ 7.,  0.],
       [11.,  7.],
       [13.,  7.],
       [ 4.,  9.]]), array([2, 3, 2, 1]), 3284.0), (array([[ 7.,  0.],
       [11.,  7.],
       [13.,  7.],
       [ 4.,  9.]]), array([2, 3, 2, 1]), 3284.0), (array([[ 7.,  0.],
       [11.,  7.],
       [13.,  7.],
       [ 4.,  9.]]), array([2, 3, 2, 1]), 3284.0), (array([[ 7.,  0.],
       [11.,  7.],
       [13.,  7.],
       [ 4.,  9.]]), array([2, 3, 2, 1]), 3284.0), (array([[ 7.,  0.],
       [11.,  7.],
       [13.,  7.],
       [ 4.,  9.]]), array([2, 3, 2, 1]), 3284.0), (array([[ 7.,  0.],
       [11.,  7.],
       [13.,  7.],
       [ 4.,  9.]]), array([2, 3, 2, 1]), 3284.0), (array([[ 7.,  0.],
       [11.,  7.],
       [13.,  7.],
       [ 4.,  9.]]), array([2, 3, 2, 1]), 3284.0), (array([[ 7.,  0.],
       [11.,  7.],
       [13.,  7.],
       [ 4.,  9.]]), array([2, 3, 2, 1]), 3284.0), (array([[ 3,  9],
       [ 9,  7],
       [12,  5],
       [13,  9]]), array([0, 0, 2, 1]), 3513.0), (array([[ 1,  4],
       [ 5,  1],
       [ 7, 10],
       [10,  0]]), array([2, 2, 1, 2]), 3536.0), (array([[ 1.,  4.],
       [ 5.,  1.],
       [ 7., 10.],
       [10.,  0.]]), array([2, 2, 1, 2]), 3536.0), (array([[ 1.,  4.],
       [ 5.,  1.],
       [ 7., 10.],
       [10.,  0.]]), array([2, 2, 1, 2]), 3536.0), (array([[ 5.,  1.],
       [11.,  2.],
       [ 9.,  7.],
       [14.,  9.]]), array([2, 1, 2, 3]), 3541.0), (array([[11,  2],
       [ 6,  5],
       [13,  9],
       [ 5, 10]]), array([1, 3, 2, 1]), 3553.0), (array([[ 8,  2],
       [ 6,  5],
       [ 4,  2],
       [10,  8]]), array([2, 3, 0, 2]), 4783.0), (array([[ 5, 10],
       [11,  8],
       [ 9,  3],
       [ 8,  2]]), array([1, 1, 2, 0]), 4994.0), (array([[9, 9],
       [7, 9],
       [4, 4],
       [2, 4]]), array([1, 3, 1, 0]), 4996.0), (array([[ 4,  2],
       [ 1,  3],
       [ 7,  6],
       [11,  9]]), array([1, 2, 2, 1]), 5007.0)]
