Original population configuration: 
[(array([[ 4,  1],
       [ 8,  8],
       [11,  3],
       [ 3, 11]]), array([2, 3, 0, 0]), 12256.0), (array([[ 3,  9],
       [13,  4],
       [ 8,  2],
       [ 6,  5]]), array([3, 0, 3, 2]), 12256.0), (array([[ 9,  3],
       [ 3,  3],
       [11,  4],
       [ 5,  8]]), array([3, 3, 2, 3]), 12256.0), (array([[ 3,  8],
       [ 8,  7],
       [12,  3],
       [ 7,  2]]), array([1, 2, 1, 3]), 12257.0), (array([[13,  5],
       [ 7,  7],
       [ 1,  8],
       [ 5,  1]]), array([3, 2, 2, 2]), 12257.0), (array([[12,  5],
       [ 3,  9],
       [12,  1],
       [ 5,  1]]), array([3, 3, 3, 2]), 12257.0), (array([[12,  4],
       [11,  1],
       [ 5,  8],
       [ 6,  3]]), array([2, 3, 1, 0]), 12257.0), (array([[11,  4],
       [ 7,  9],
       [ 1,  6],
       [10,  5]]), array([0, 0, 2, 2]), 12257.0), (array([[ 8,  6],
       [ 3,  9],
       [ 1,  5],
       [13,  5]]), array([3, 3, 1, 0]), 12257.0), (array([[ 8,  7],
       [ 3,  9],
       [ 3,  1],
       [13,  4]]), array([1, 3, 2, 2]), 12258.0), (array([[ 8, 10],
       [13,  5],
       [ 1,  2],
       [ 5,  5]]), array([0, 3, 2, 1]), 12258.0), (array([[ 4, 11],
       [ 7,  9],
       [12,  5],
       [ 4,  7]]), array([0, 1, 2, 0]), 12258.0), (array([[14,  5],
       [10,  6],
       [ 9,  3],
       [ 1,  3]]), array([0, 3, 0, 1]), 12258.0), (array([[ 1,  5],
       [11,  6],
       [ 8,  3],
       [ 4,  1]]), array([2, 2, 1, 2]), 12258.0), (array([[ 6,  6],
       [ 8, 10],
       [ 3,  2],
       [ 8,  1]]), array([1, 1, 3, 3]), 12259.0), (array([[ 3,  7],
       [ 8,  4],
       [13,  1],
       [11,  6]]), array([0, 3, 2, 2]), 12259.0), (array([[ 8,  3],
       [13,  5],
       [12,  4],
       [ 1,  2]]), array([3, 2, 0, 2]), 12259.0), (array([[10,  1],
       [ 1,  4],
       [ 4,  8],
       [12,  6]]), array([3, 1, 2, 1]), 12259.0), (array([[12,  8],
       [ 8,  1],
       [ 0,  5],
       [10,  7]]), array([1, 2, 1, 3]), 12261.0), (array([[ 3,  6],
       [13,  8],
       [ 7,  7],
       [12,  2]]), array([2, 3, 2, 2]), 12261.0)]
Converged in 1 generations!