Original population configuration: 
[(array([[10,  0],
       [ 6,  0],
       [ 4,  7],
       [ 1,  4]]), array([2, 2, 2, 1]), 12254.0), (array([[ 1,  2],
       [ 5,  2],
       [ 3,  9],
       [14,  3]]), array([2, 2, 3, 0]), 12256.0), (array([[12,  1],
       [10,  5],
       [ 4,  9],
       [ 0,  2]]), array([2, 2, 1, 1]), 12257.0), (array([[11,  7],
       [ 5,  9],
       [ 4,  3],
       [ 2, 10]]), array([0, 1, 1, 0]), 12257.0), (array([[ 9,  4],
       [ 8,  7],
       [ 3,  3],
       [ 2, 10]]), array([1, 2, 2, 1]), 12257.0), (array([[11,  7],
       [ 9,  3],
       [ 4,  9],
       [ 3,  4]]), array([3, 0, 0, 1]), 12257.0), (array([[8, 8],
       [2, 7],
       [6, 2],
       [5, 2]]), array([2, 1, 1, 3]), 12257.0), (array([[ 4,  3],
       [ 7,  3],
       [ 5,  7],
       [ 6, 10]]), array([3, 1, 3, 1]), 12258.0), (array([[ 7,  9],
       [ 6,  7],
       [11,  3],
       [ 4,  2]]), array([1, 3, 1, 2]), 12258.0), (array([[ 8,  1],
       [ 5,  4],
       [11,  7],
       [ 4, 10]]), array([3, 2, 2, 1]), 12259.0), (array([[10,  1],
       [ 7,  6],
       [11,  7],
       [ 4, 11]]), array([3, 2, 2, 0]), 12259.0), (array([[ 2,  4],
       [ 7,  2],
       [ 9,  4],
       [10,  8]]), array([2, 1, 2, 2]), 12259.0), (array([[14,  7],
       [ 6,  5],
       [ 5,  9],
       [ 1,  8]]), array([0, 1, 1, 1]), 12260.0), (array([[ 1,  8],
       [ 1,  1],
       [12,  8],
       [13,  2]]), array([2, 2, 3, 3]), 12260.0), (array([[12,  7],
       [ 8,  5],
       [ 4,  2],
       [ 1,  7]]), array([1, 0, 3, 2]), 12260.0), (array([[10,  9],
       [12,  8],
       [ 9,  4],
       [ 4,  9]]), array([3, 2, 0, 0]), 12261.0), (array([[ 3,  8],
       [ 3,  3],
       [12, 10],
       [11,  2]]), array([2, 1, 0, 2]), 12261.0), (array([[ 9,  6],
       [ 6,  4],
       [ 4,  4],
       [14,  9]]), array([2, 1, 3, 0]), 12262.0), (array([[ 3, 11],
       [10, 10],
       [ 1,  3],
       [11,  3]]), array([0, 1, 2, 2]), 12262.0), (array([[12,  9],
       [13,  1],
       [ 8,  2],
       [ 3,  6]]), array([1, 2, 2, 1]), 12263.0)]
Generation 1 population configuration: 
[(array([[10,  2],
       [ 6,  5],
       [ 5,  4],
       [ 2,  8]]), array([3, 2, 0, 0]), 12253.0), (array([[10,  0],
       [ 6,  0],
       [ 4,  7],
       [ 1,  4]]), array([2, 2, 2, 1]), 12254.0), (array([[10.,  0.],
       [ 6.,  0.],
       [ 4.,  7.],
       [ 1.,  4.]]), array([2, 2, 2, 1]), 12254.0), (array([[ 1,  2],
       [ 5,  2],
       [ 3,  9],
       [14,  3]]), array([2, 2, 3, 0]), 12256.0), (array([[0, 6],
       [3, 1],
       [6, 4],
       [8, 9]]), array([1, 3, 2, 3]), 12256.0), (array([[12,  1],
       [10,  5],
       [ 4,  9],
       [ 0,  2]]), array([2, 2, 1, 1]), 12257.0), (array([[11,  7],
       [ 5,  9],
       [ 4,  3],
       [ 2, 10]]), array([0, 1, 1, 0]), 12257.0), (array([[ 9,  4],
       [ 8,  7],
       [ 3,  3],
       [ 2, 10]]), array([1, 2, 2, 1]), 12257.0), (array([[11,  7],
       [ 9,  3],
       [ 4,  9],
       [ 3,  4]]), array([3, 0, 0, 1]), 12257.0), (array([[12.,  1.],
       [10.,  5.],
       [ 4.,  9.],
       [ 0.,  2.]]), array([2, 2, 1, 1]), 12257.0), (array([[11.,  7.],
       [ 9.,  3.],
       [ 4.,  9.],
       [ 3.,  4.]]), array([3, 0, 0, 1]), 12257.0), (array([[ 2,  5],
       [ 1,  3],
       [ 8,  1],
       [11,  5]]), array([2, 1, 2, 2]), 12257.0), (array([[ 4.,  3.],
       [ 7.,  3.],
       [ 5.,  7.],
       [ 6., 10.]]), array([3, 1, 3, 1]), 12258.0), (array([[ 4.,  3.],
       [ 7.,  3.],
       [ 5.,  7.],
       [ 6., 10.]]), array([3, 1, 3, 1]), 12258.0), (array([[ 4.,  3.],
       [ 7.,  3.],
       [ 5.,  7.],
       [ 6., 10.]]), array([3, 1, 3, 1]), 12258.0), (array([[ 1.,  8.],
       [ 1.,  1.],
       [12.,  8.],
       [13.,  2.]]), array([1, 2, 3, 3]), 12260.0), (array([[12,  8],
       [10,  5],
       [ 7,  7],
       [ 2,  2]]), array([2, 1, 2, 2]), 12261.0), (array([[ 7,  8],
       [ 6,  2],
       [13,  6],
       [14,  3]]), array([2, 2, 2, 3]), 12261.0), (array([[12,  9],
       [ 9,  8],
       [ 3,  1],
       [ 0,  8]]), array([1, 2, 2, 1]), 12262.0), (array([[12.,  9.],
       [13.,  1.],
       [ 8.,  2.],
       [ 3.,  6.]]), array([1, 2, 2, 1]), 12263.0)]
Generation 2 population configuration: 
[(array([[10,  2],
       [ 6,  5],
       [ 5,  4],
       [ 2,  8]]), array([3, 2, 0, 0]), 12253.0), (array([[10,  0],
       [ 6,  0],
       [ 4,  7],
       [ 1,  4]]), array([2, 2, 2, 1]), 12254.0), (array([[10.,  0.],
       [ 6.,  0.],
       [ 4.,  7.],
       [ 1.,  4.]]), array([2, 2, 2, 1]), 12254.0), (array([[10.,  0.],
       [ 6.,  0.],
       [ 4.,  7.],
       [ 1.,  4.]]), array([2, 2, 2, 1]), 12254.0), (array([[ 1,  2],
       [ 5,  2],
       [ 3,  9],
       [14,  3]]), array([2, 2, 3, 0]), 12256.0), (array([[0, 6],
       [3, 1],
       [6, 4],
       [8, 9]]), array([1, 3, 2, 3]), 12256.0), (array([[ 1.,  2.],
       [ 5.,  2.],
       [ 3.,  9.],
       [14.,  3.]]), array([2, 2, 3, 0]), 12256.0), (array([[0., 6.],
       [3., 1.],
       [6., 4.],
       [8., 9.]]), array([1, 3, 2, 3]), 12256.0), (array([[12,  1],
       [10,  5],
       [ 4,  9],
       [ 0,  2]]), array([2, 2, 1, 1]), 12257.0), (array([[8, 7],
       [4, 4],
       [9, 2],
       [3, 6]]), array([2, 1, 1, 3]), 12257.0), (array([[ 4.,  3.],
       [ 7.,  3.],
       [ 5.,  7.],
       [ 6., 10.]]), array([3, 1, 3, 1]), 12258.0), (array([[ 4.,  3.],
       [ 7.,  3.],
       [ 5.,  7.],
       [ 6., 10.]]), array([3, 1, 3, 1]), 12258.0), (array([[ 4.,  3.],
       [ 7.,  3.],
       [ 5.,  7.],
       [ 6., 10.]]), array([3, 1, 3, 1]), 12258.0), (array([[ 9, 10],
       [ 3,  8],
       [ 4,  4],
       [ 3,  2]]), array([1, 2, 2, 1]), 12260.0), (array([[ 8,  5],
       [ 6,  1],
       [13,  6],
       [ 2,  8]]), array([3, 3, 2, 2]), 12260.0), (array([[12.,  8.],
       [10.,  5.],
       [ 7.,  7.],
       [ 2.,  2.]]), array([2, 1, 2, 2]), 12261.0), (array([[11,  8],
       [12,  4],
       [ 6,  3],
       [ 4,  7]]), array([2, 1, 3, 2]), 12261.0), (array([[10,  8],
       [ 7,  7],
       [13,  7],
       [ 2,  2]]), array([0, 3, 2, 2]), 12261.0), (array([[12.,  9.],
       [ 9.,  8.],
       [ 3.,  1.],
       [ 0.,  8.]]), array([1, 2, 2, 1]), 12262.0), (array([[14,  9],
       [13,  1],
       [ 4, 10],
       [ 4,  4]]), array([0, 2, 1, 1]), 12262.0)]
Generation 3 population configuration: 
[(array([[10,  2],
       [ 6,  5],
       [ 5,  4],
       [ 2,  8]]), array([3, 2, 0, 0]), 12253.0), (array([[10,  0],
       [ 6,  0],
       [ 4,  7],
       [ 1,  4]]), array([2, 2, 2, 1]), 12254.0), (array([[10.,  0.],
       [ 6.,  0.],
       [ 4.,  7.],
       [ 1.,  4.]]), array([2, 2, 2, 1]), 12254.0), (array([[10.,  0.],
       [ 6.,  0.],
       [ 4.,  7.],
       [ 1.,  4.]]), array([2, 2, 2, 1]), 12254.0), (array([[ 1,  2],
       [ 5,  2],
       [ 3,  9],
       [14,  3]]), array([2, 2, 3, 0]), 12256.0), (array([[0, 6],
       [3, 1],
       [6, 4],
       [8, 9]]), array([1, 3, 2, 3]), 12256.0), (array([[ 1.,  2.],
       [ 5.,  2.],
       [ 3.,  9.],
       [14.,  3.]]), array([2, 2, 3, 0]), 12256.0), (array([[10,  2],
       [ 7,  0],
       [ 5,  8],
       [ 2,  7]]), array([1, 2, 1, 2]), 12256.0), (array([[12.,  1.],
       [10.,  5.],
       [ 4.,  9.],
       [ 0.,  2.]]), array([2, 2, 1, 1]), 12257.0), (array([[8., 7.],
       [4., 4.],
       [9., 2.],
       [3., 6.]]), array([2, 1, 1, 3]), 12257.0), (array([[8., 7.],
       [4., 4.],
       [9., 2.],
       [3., 6.]]), array([2, 1, 1, 3]), 12257.0), (array([[ 6,  3],
       [ 9,  6],
       [11,  1],
       [ 1,  9]]), array([3, 2, 3, 1]), 12257.0), (array([[ 4.,  3.],
       [ 7.,  3.],
       [ 5.,  7.],
       [ 6., 10.]]), array([3, 1, 3, 1]), 12258.0), (array([[ 4.,  3.],
       [ 7.,  3.],
       [ 5.,  7.],
       [ 6., 10.]]), array([3, 1, 3, 1]), 12258.0), (array([[4, 8],
       [9, 7],
       [3, 2],
       [9, 2]]), array([3, 2, 1, 1]), 12258.0), (array([[10,  6],
       [ 6,  6],
       [ 8,  2],
       [14,  2]]), array([2, 3, 2, 3]), 12258.0), (array([[ 8.,  5.],
       [ 6.,  1.],
       [13.,  5.],
       [ 2.,  8.]]), array([3, 3, 2, 2]), 12259.0), (array([[13,  5],
       [13,  4],
       [ 7,  1],
       [ 3,  7]]), array([2, 0, 2, 1]), 12260.0), (array([[12.,  9.],
       [ 9.,  8.],
       [ 3.,  1.],
       [ 0.,  8.]]), array([1, 2, 2, 1]), 12262.0), (array([[ 6,  2],
       [ 3,  4],
       [ 1,  8],
       [12,  9]]), array([1, 2, 2, 1]), 12262.0)]
Generation 4 population configuration: 
[(array([[10,  2],
       [ 6,  5],
       [ 5,  4],
       [ 2,  8]]), array([3, 2, 0, 0]), 12253.0), (array([[10,  0],
       [ 6,  0],
       [ 4,  7],
       [ 1,  4]]), array([2, 2, 2, 1]), 12254.0), (array([[10.,  0.],
       [ 6.,  0.],
       [ 4.,  7.],
       [ 1.,  4.]]), array([2, 2, 2, 1]), 12254.0), (array([[10.,  0.],
       [ 6.,  0.],
       [ 4.,  7.],
       [ 1.,  4.]]), array([2, 2, 2, 1]), 12254.0), (array([[10.,  2.],
       [ 6.,  5.],
       [ 5.,  4.],
       [ 2.,  8.]]), array([3, 2, 0, 2]), 12254.0), (array([[ 0,  3],
       [ 1,  8],
       [ 4,  7],
       [14,  1]]), array([1, 2, 1, 3]), 12254.0), (array([[ 1,  2],
       [ 5,  2],
       [ 3,  9],
       [14,  3]]), array([2, 2, 3, 0]), 12256.0), (array([[0, 6],
       [3, 1],
       [6, 4],
       [8, 9]]), array([1, 3, 2, 3]), 12256.0), (array([[4., 8.],
       [9., 6.],
       [3., 2.],
       [9., 2.]]), array([3, 2, 1, 1]), 12257.0), (array([[10,  1],
       [ 4,  5],
       [ 7,  8],
       [ 3,  7]]), array([2, 1, 2, 2]), 12257.0), (array([[ 4.,  3.],
       [ 7.,  3.],
       [ 5.,  7.],
       [ 6., 10.]]), array([3, 1, 3, 1]), 12258.0), (array([[ 4.,  3.],
       [ 7.,  3.],
       [ 5.,  7.],
       [ 6., 10.]]), array([3, 1, 3, 1]), 12258.0), (array([[ 6.,  3.],
       [ 9.,  6.],
       [11.,  1.],
       [14.,  3.]]), array([3, 2, 3, 0]), 12258.0), (array([[13,  6],
       [ 9,  6],
       [ 4,  9],
       [ 4,  2]]), array([3, 3, 3, 3]), 12258.0), (array([[ 4,  4],
       [ 5,  7],
       [ 0, 10],
       [11,  7]]), array([1, 2, 1, 1]), 12259.0), (array([[ 3,  6],
       [ 3,  2],
       [12,  7],
       [14,  1]]), array([2, 2, 3, 3]), 12259.0), (array([[13.,  5.],
       [13.,  4.],
       [ 7.,  1.],
       [ 3.,  7.]]), array([2, 0, 2, 1]), 12260.0), (array([[13.,  5.],
       [13.,  4.],
       [ 7.,  1.],
       [ 3.,  7.]]), array([2, 0, 2, 1]), 12260.0), (array([[ 6.,  2.],
       [ 3.,  4.],
       [ 1.,  8.],
       [12.,  9.]]), array([1, 2, 2, 1]), 12262.0), (array([[14,  9],
       [ 6,  3],
       [ 4,  6],
       [ 3,  2]]), array([3, 2, 3, 3]), 12262.0)]
Generation 5 population configuration: 
[(array([[10,  2],
       [ 6,  5],
       [ 5,  4],
       [ 2,  8]]), array([3, 2, 0, 0]), 12253.0), (array([[10,  0],
       [ 6,  0],
       [ 4,  7],
       [ 1,  4]]), array([2, 2, 2, 1]), 12254.0), (array([[10.,  0.],
       [ 6.,  0.],
       [ 4.,  7.],
       [ 1.,  4.]]), array([2, 2, 2, 1]), 12254.0), (array([[10.,  0.],
       [ 6.,  0.],
       [ 4.,  7.],
       [ 1.,  4.]]), array([2, 2, 2, 1]), 12254.0), (array([[10.,  2.],
       [ 6.,  5.],
       [ 5.,  4.],
       [ 2.,  8.]]), array([3, 2, 0, 2]), 12254.0), (array([[ 0,  3],
       [ 1,  8],
       [ 4,  7],
       [14,  1]]), array([1, 2, 1, 3]), 12254.0), (array([[ 2,  1],
       [ 5,  5],
       [ 1,  9],
       [13,  0]]), array([2, 1, 1, 2]), 12254.0), (array([[10,  3],
       [ 9,  1],
       [ 6,  7],
       [ 1,  3]]), array([1, 3, 1, 2]), 12256.0), (array([[10.,  1.],
       [ 4.,  5.],
       [ 7.,  8.],
       [ 3.,  7.]]), array([2, 1, 2, 2]), 12257.0), (array([[13.,  6.],
       [ 9.,  6.],
       [ 4.,  9.],
       [ 4.,  2.]]), array([3, 3, 3, 3]), 12258.0), (array([[ 4.,  3.],
       [ 7.,  3.],
       [ 5.,  7.],
       [ 6., 10.]]), array([3, 1, 3, 1]), 12258.0), (array([[ 4.,  4.],
       [ 5.,  7.],
       [ 0., 10.],
       [11.,  6.]]), array([1, 2, 1, 1]), 12258.0), (array([[11,  2],
       [ 5,  2],
       [ 8,  8],
       [ 3,  4]]), array([1, 1, 1, 2]), 12258.0), (array([[ 3.,  6.],
       [ 3.,  2.],
       [12.,  7.],
       [14.,  1.]]), array([2, 2, 3, 3]), 12259.0), (array([[ 3.,  6.],
       [ 3.,  2.],
       [12.,  7.],
       [14.,  1.]]), array([2, 2, 3, 3]), 12259.0), (array([[ 6,  7],
       [ 1,  7],
       [11,  6],
       [12,  3]]), array([1, 2, 2, 1]), 12259.0), (array([[13.,  5.],
       [13.,  4.],
       [ 7.,  1.],
       [ 3.,  7.]]), array([2, 0, 2, 1]), 12260.0), (array([[14.,  9.],
       [ 6.,  3.],
       [ 4.,  6.],
       [ 3.,  2.]]), array([3, 2, 3, 3]), 12262.0), (array([[ 5,  5],
       [ 4,  8],
       [13,  1],
       [13,  9]]), array([3, 2, 2, 3]), 12262.0), (array([[12, 10],
       [13,  4],
       [ 5,  5],
       [ 2,  2]]), array([0, 3, 1, 2]), 12262.0)]
Generation 6 population configuration: 
[(array([[10,  2],
       [ 6,  5],
       [ 5,  4],
       [ 2,  8]]), array([3, 2, 0, 0]), 12253.0), (array([[10,  0],
       [ 6,  0],
       [ 4,  7],
       [ 1,  4]]), array([2, 2, 2, 1]), 12254.0), (array([[10.,  0.],
       [ 6.,  0.],
       [ 4.,  7.],
       [ 1.,  4.]]), array([2, 2, 2, 1]), 12254.0), (array([[10.,  0.],
       [ 6.,  0.],
       [ 4.,  7.],
       [ 1.,  4.]]), array([2, 2, 2, 1]), 12254.0), (array([[10.,  2.],
       [ 6.,  5.],
       [ 5.,  4.],
       [ 2.,  8.]]), array([3, 2, 0, 2]), 12254.0), (array([[ 0,  3],
       [ 1,  8],
       [ 4,  7],
       [14,  1]]), array([1, 2, 1, 3]), 12254.0), (array([[ 2,  1],
       [ 8,  4],
       [10,  5],
       [ 1, 10]]), array([2, 0, 1, 1]), 12256.0), (array([[10.,  1.],
       [ 4.,  5.],
       [ 7.,  8.],
       [ 3.,  7.]]), array([2, 1, 2, 2]), 12257.0), (array([[10.,  1.],
       [ 4.,  5.],
       [ 7.,  8.],
       [ 3.,  7.]]), array([2, 1, 2, 2]), 12257.0), (array([[10.,  1.],
       [ 4.,  5.],
       [ 7.,  8.],
       [ 3.,  7.]]), array([2, 1, 2, 3]), 12257.0), (array([[ 3.,  6.],
       [ 3.,  2.],
       [12.,  7.],
       [14.,  1.]]), array([2, 2, 3, 3]), 12259.0), (array([[ 3.,  6.],
       [ 3.,  2.],
       [12.,  7.],
       [14.,  1.]]), array([2, 2, 3, 3]), 12259.0), (array([[ 6.,  7.],
       [ 1.,  7.],
       [11.,  6.],
       [12.,  0.]]), array([1, 2, 2, 2]), 12259.0), (array([[ 2, 10],
       [ 1,  3],
       [10,  8],
       [ 5,  2]]), array([0, 1, 2, 1]), 12259.0), (array([[13.,  5.],
       [13.,  4.],
       [ 7.,  1.],
       [ 3.,  7.]]), array([2, 0, 2, 1]), 12260.0), (array([[13.,  5.],
       [13.,  4.],
       [ 7.,  1.],
       [ 3.,  2.]]), array([2, 0, 2, 3]), 12260.0), (array([[ 4,  1],
       [ 5,  7],
       [11,  3],
       [ 9, 10]]), array([3, 1, 1, 1]), 12261.0), (array([[ 2,  6],
       [ 2,  1],
       [12,  7],
       [12,  5]]), array([2, 2, 2, 0]), 12261.0), (array([[14, 10],
       [10, 11],
       [ 8,  5],
       [ 2,  8]]), array([0, 0, 0, 2]), 12263.0), (array([[ 7,  4],
       [ 9,  7],
       [12,  1],
       [14, 11]]), array([0, 2, 2, 0]), 12264.0)]
Generation 7 population configuration: 
[(array([[10,  2],
       [ 6,  5],
       [ 5,  4],
       [ 2,  8]]), array([3, 2, 0, 0]), 12253.0), (array([[10,  0],
       [ 6,  0],
       [ 4,  7],
       [ 1,  4]]), array([2, 2, 2, 1]), 12254.0), (array([[10.,  0.],
       [ 6.,  0.],
       [ 4.,  7.],
       [ 1.,  4.]]), array([2, 2, 2, 1]), 12254.0), (array([[10.,  0.],
       [ 6.,  0.],
       [ 4.,  7.],
       [ 1.,  4.]]), array([2, 2, 2, 1]), 12254.0), (array([[10.,  2.],
       [ 6.,  5.],
       [ 5.,  4.],
       [ 2.,  8.]]), array([3, 2, 0, 2]), 12254.0), (array([[ 0,  3],
       [ 1,  8],
       [ 4,  7],
       [14,  1]]), array([1, 2, 1, 3]), 12254.0), (array([[ 0.,  3.],
       [ 1.,  8.],
       [ 4.,  7.],
       [14.,  1.]]), array([1, 2, 1, 3]), 12254.0), (array([[ 0.,  3.],
       [ 1.,  8.],
       [ 4.,  7.],
       [14.,  1.]]), array([1, 2, 1, 3]), 12254.0), (array([[10.,  2.],
       [ 6.,  5.],
       [ 5.,  4.],
       [ 2.,  8.]]), array([3, 2, 0, 2]), 12254.0), (array([[10.,  0.],
       [ 4.,  5.],
       [ 7.,  8.],
       [ 3.,  7.]]), array([2, 1, 2, 2]), 12257.0), (array([[7, 5],
       [8, 9],
       [2, 5],
       [2, 6]]), array([0, 1, 0, 2]), 12258.0), (array([[ 2., 10.],
       [ 1.,  3.],
       [10.,  8.],
       [ 5.,  2.]]), array([0, 1, 2, 1]), 12259.0), (array([[13.,  5.],
       [13.,  4.],
       [ 7.,  1.],
       [ 3.,  7.]]), array([2, 0, 2, 1]), 12260.0), (array([[ 7,  6],
       [ 5,  5],
       [11,  3],
       [13,  6]]), array([2, 3, 1, 2]), 12260.0), (array([[ 2.,  6.],
       [ 2.,  1.],
       [12.,  7.],
       [12.,  5.]]), array([2, 2, 2, 0]), 12261.0), (array([[11,  3],
       [ 9,  3],
       [13,  9],
       [ 5, 10]]), array([1, 0, 0, 1]), 12261.0), (array([[13,  3],
       [ 9,  2],
       [13,  8],
       [ 4,  8]]), array([2, 3, 3, 3]), 12261.0), (array([[15,  1],
       [14,  9],
       [ 7,  8],
       [ 1,  7]]), array([3, 3, 1, 2]), 12263.0), (array([[13,  6],
       [12,  9],
       [ 7,  6],
       [ 5,  1]]), array([0, 1, 2, 2]), 12263.0), (array([[ 7.,  4.],
       [ 9.,  7.],
       [12.,  1.],
       [14., 11.]]), array([0, 2, 2, 0]), 12264.0)]
Generation 8 population configuration: 
[(array([[10,  2],
       [ 6,  5],
       [ 5,  4],
       [ 2,  8]]), array([3, 2, 0, 0]), 12253.0), (array([[10.,  2.],
       [ 6.,  5.],
       [ 5.,  4.],
       [ 2.,  8.]]), array([3, 2, 0, 0]), 12253.0), (array([[10,  0],
       [ 6,  0],
       [ 4,  7],
       [ 1,  4]]), array([2, 2, 2, 1]), 12254.0), (array([[10.,  0.],
       [ 6.,  0.],
       [ 4.,  7.],
       [ 1.,  4.]]), array([2, 2, 2, 1]), 12254.0), (array([[10.,  0.],
       [ 6.,  0.],
       [ 4.,  7.],
       [ 1.,  4.]]), array([2, 2, 2, 1]), 12254.0), (array([[10.,  2.],
       [ 6.,  5.],
       [ 5.,  4.],
       [ 2.,  8.]]), array([3, 2, 0, 2]), 12254.0), (array([[ 0,  3],
       [ 1,  8],
       [ 4,  7],
       [14,  1]]), array([1, 2, 1, 3]), 12254.0), (array([[10.,  0.],
       [ 6.,  0.],
       [ 4.,  7.],
       [ 1.,  4.]]), array([2, 2, 2, 1]), 12254.0), (array([[10.,  0.],
       [ 6.,  0.],
       [ 4.,  7.],
       [ 1.,  4.]]), array([2, 2, 2, 1]), 12254.0), (array([[10.,  0.],
       [ 6.,  0.],
       [ 4.,  7.],
       [ 1.,  4.]]), array([2, 2, 2, 1]), 12254.0), (array([[14,  3],
       [ 8,  2],
       [ 5,  7],
       [ 4,  0]]), array([0, 2, 2, 2]), 12256.0), (array([[ 7,  4],
       [ 8,  7],
       [11,  4],
       [ 3,  3]]), array([1, 3, 1, 1]), 12256.0), (array([[10.,  0.],
       [ 4.,  5.],
       [ 7.,  8.],
       [ 3.,  7.]]), array([2, 1, 2, 2]), 12257.0), (array([[ 7, 10],
       [ 3,  7],
       [11,  7],
       [ 3,  2]]), array([1, 1, 1, 1]), 12259.0), (array([[ 7.,  6.],
       [ 5.,  5.],
       [11.,  3.],
       [13.,  6.]]), array([2, 3, 1, 2]), 12260.0), (array([[12,  7],
       [ 7,  9],
       [ 6,  2],
       [ 3,  3]]), array([2, 1, 2, 3]), 12260.0), (array([[13,  7],
       [13,  4],
       [ 6,  3],
       [ 5,  8]]), array([2, 0, 3, 1]), 12262.0), (array([[ 7,  0],
       [12,  1],
       [ 7,  8],
       [13, 10]]), array([2, 2, 0, 0]), 12262.0), (array([[13.,  6.],
       [12.,  9.],
       [ 7.,  6.],
       [ 5.,  1.]]), array([0, 1, 2, 2]), 12263.0), (array([[ 7.,  4.],
       [ 9.,  7.],
       [12.,  1.],
       [14., 11.]]), array([0, 2, 2, 0]), 12264.0)]
Generation 9 population configuration: 
[(array([[10,  2],
       [ 6,  5],
       [ 5,  4],
       [ 2,  8]]), array([3, 2, 0, 0]), 12253.0), (array([[10.,  2.],
       [ 6.,  5.],
       [ 5.,  4.],
       [ 2.,  8.]]), array([3, 2, 0, 0]), 12253.0), (array([[10,  0],
       [ 6,  0],
       [ 4,  7],
       [ 1,  4]]), array([2, 2, 2, 1]), 12254.0), (array([[10.,  0.],
       [ 6.,  0.],
       [ 4.,  7.],
       [ 1.,  4.]]), array([2, 2, 2, 1]), 12254.0), (array([[10.,  0.],
       [ 6.,  0.],
       [ 4.,  7.],
       [ 1.,  4.]]), array([2, 2, 2, 1]), 12254.0), (array([[10.,  2.],
       [ 6.,  5.],
       [ 5.,  4.],
       [ 2.,  8.]]), array([3, 2, 0, 2]), 12254.0), (array([[10.,  0.],
       [ 6.,  0.],
       [ 4.,  7.],
       [ 1.,  4.]]), array([2, 2, 2, 1]), 12254.0), (array([[10.,  2.],
       [ 6.,  5.],
       [ 5.,  4.],
       [ 2.,  8.]]), array([3, 2, 0, 2]), 12254.0), (array([[10.,  0.],
       [ 6.,  0.],
       [ 4.,  7.],
       [ 1.,  4.]]), array([2, 2, 2, 1]), 12254.0), (array([[ 7.,  4.],
       [ 8.,  7.],
       [11.,  4.],
       [ 3.,  3.]]), array([1, 3, 1, 1]), 12256.0), (array([[ 7,  7],
       [ 2,  4],
       [ 4,  0],
       [11,  0]]), array([1, 2, 2, 2]), 12256.0), (array([[ 5,  2],
       [ 9,  3],
       [10,  8],
       [14,  3]]), array([2, 2, 3, 0]), 12258.0), (array([[ 2,  1],
       [ 5,  8],
       [ 8,  8],
       [13,  2]]), array([2, 2, 1, 2]), 12258.0), (array([[ 7., 10.],
       [ 3.,  7.],
       [11.,  7.],
       [ 3.,  2.]]), array([1, 1, 1, 1]), 12259.0), (array([[ 7.,  6.],
       [ 5.,  5.],
       [11.,  3.],
       [13.,  6.]]), array([2, 3, 1, 2]), 12260.0), (array([[ 3,  7],
       [ 8, 11],
       [ 8,  2],
       [12,  5]]), array([2, 0, 1, 2]), 12260.0), (array([[12,  2],
       [10, 11],
       [ 3,  0],
       [ 5,  8]]), array([1, 0, 2, 2]), 12261.0), (array([[ 7.,  0.],
       [12.,  1.],
       [ 7.,  8.],
       [13., 10.]]), array([2, 2, 0, 0]), 12262.0), (array([[ 7.,  0.],
       [12.,  1.],
       [ 8.,  8.],
       [13., 10.]]), array([2, 2, 0, 0]), 12262.0), (array([[12,  3],
       [13,  7],
       [ 4, 10],
       [ 1,  1]]), array([1, 2, 0, 2]), 12262.0)]
Generation 10 population configuration: 
[(array([[10,  2],
       [ 6,  5],
       [ 5,  4],
       [ 2,  8]]), array([3, 2, 0, 0]), 12253.0), (array([[10.,  2.],
       [ 6.,  5.],
       [ 5.,  4.],
       [ 2.,  8.]]), array([3, 2, 0, 0]), 12253.0), (array([[10.,  2.],
       [ 6.,  5.],
       [ 5.,  4.],
       [ 2.,  8.]]), array([3, 2, 0, 0]), 12253.0), (array([[10.,  2.],
       [ 6.,  5.],
       [ 5.,  4.],
       [ 2.,  8.]]), array([3, 2, 0, 0]), 12253.0), (array([[10,  0],
       [ 6,  0],
       [ 4,  7],
       [ 1,  4]]), array([2, 2, 2, 1]), 12254.0), (array([[10.,  0.],
       [ 6.,  0.],
       [ 4.,  7.],
       [ 1.,  4.]]), array([2, 2, 2, 1]), 12254.0), (array([[10.,  0.],
       [ 6.,  0.],
       [ 4.,  7.],
       [ 1.,  4.]]), array([2, 2, 2, 1]), 12254.0), (array([[10.,  2.],
       [ 6.,  5.],
       [ 5.,  4.],
       [ 2.,  8.]]), array([3, 2, 0, 2]), 12254.0), (array([[10.,  0.],
       [ 6.,  0.],
       [ 4.,  7.],
       [ 1.,  4.]]), array([2, 2, 2, 1]), 12254.0), (array([[10.,  0.],
       [ 6.,  0.],
       [ 4.,  7.],
       [ 1.,  4.]]), array([2, 2, 2, 1]), 12254.0), (array([[ 4,  2],
       [ 3,  5],
       [ 7,  8],
       [12,  2]]), array([1, 3, 3, 2]), 12255.0), (array([[ 8,  7],
       [ 6,  5],
       [ 2, 10],
       [14,  3]]), array([1, 0, 0, 0]), 12257.0), (array([[ 2.,  1.],
       [ 5.,  8.],
       [ 8.,  8.],
       [13.,  2.]]), array([2, 2, 1, 2]), 12258.0), (array([[ 2.,  1.],
       [ 5.,  8.],
       [ 8.,  8.],
       [13.,  2.]]), array([2, 2, 1, 2]), 12258.0), (array([[ 2.,  1.],
       [ 5.,  8.],
       [ 8.,  8.],
       [13.,  2.]]), array([2, 2, 1, 2]), 12258.0), (array([[ 5.,  2.],
       [ 9.,  3.],
       [10.,  8.],
       [14.,  3.]]), array([2, 2, 3, 0]), 12258.0), (array([[14,  7],
       [ 6,  5],
       [ 6, 10],
       [ 1,  8]]), array([0, 0, 1, 1]), 12260.0), (array([[12,  6],
       [ 9, 10],
       [ 5,  8],
       [ 3,  0]]), array([1, 1, 3, 2]), 12261.0), (array([[12,  9],
       [10,  5],
       [ 8,  7],
       [ 4,  7]]), array([1, 0, 2, 3]), 12262.0), (array([[ 4,  2],
       [ 7,  3],
       [ 3,  8],
       [12,  9]]), array([3, 1, 0, 1]), 12262.0)]
Generation 11 population configuration: 
[(array([[10,  2],
       [ 6,  5],
       [ 5,  4],
       [ 2,  8]]), array([3, 2, 0, 0]), 12253.0), (array([[10.,  2.],
       [ 6.,  5.],
       [ 5.,  4.],
       [ 2.,  8.]]), array([3, 2, 0, 0]), 12253.0), (array([[10.,  2.],
       [ 6.,  5.],
       [ 5.,  4.],
       [ 2.,  8.]]), array([3, 2, 0, 0]), 12253.0), (array([[10.,  2.],
       [ 6.,  5.],
       [ 5.,  4.],
       [ 2.,  8.]]), array([3, 2, 0, 0]), 12253.0), (array([[10.,  2.],
       [ 6.,  5.],
       [ 5.,  4.],
       [ 2.,  8.]]), array([3, 2, 0, 0]), 12253.0), (array([[10.,  2.],
       [ 6.,  5.],
       [ 5.,  4.],
       [ 2.,  8.]]), array([3, 2, 0, 0]), 12253.0), (array([[10.,  2.],
       [ 6.,  5.],
       [ 5.,  4.],
       [ 2.,  8.]]), array([3, 2, 0, 0]), 12253.0), (array([[10,  0],
       [ 6,  0],
       [ 4,  7],
       [ 1,  4]]), array([2, 2, 2, 1]), 12254.0), (array([[10.,  0.],
       [ 6.,  0.],
       [ 4.,  7.],
       [ 1.,  4.]]), array([2, 2, 2, 1]), 12254.0), (array([[10.,  0.],
       [ 6.,  0.],
       [ 4.,  7.],
       [ 1.,  4.]]), array([2, 2, 2, 1]), 12254.0), (array([[10.,  0.],
       [ 6.,  0.],
       [ 4.,  7.],
       [ 1.,  4.]]), array([2, 2, 2, 1]), 12254.0), (array([[ 5,  3],
       [ 6,  5],
       [ 5,  8],
       [10,  4]]), array([3, 1, 3, 1]), 12255.0), (array([[ 2.,  1.],
       [ 5.,  8.],
       [ 8.,  8.],
       [13.,  2.]]), array([2, 2, 1, 2]), 12258.0), (array([[ 1,  5],
       [ 3,  1],
       [ 5,  9],
       [11,  6]]), array([2, 3, 1, 2]), 12258.0), (array([[ 9,  4],
       [14,  2],
       [ 7, 10],
       [ 1,  3]]), array([3, 3, 0, 2]), 12258.0), (array([[14.,  7.],
       [ 6.,  5.],
       [ 6., 10.],
       [ 1.,  8.]]), array([0, 0, 1, 1]), 12260.0), (array([[13,  4],
       [14,  6],
       [ 5,  5],
       [ 2,  4]]), array([0, 3, 1, 2]), 12260.0), (array([[ 6,  4],
       [ 3,  8],
       [11,  3],
       [11,  9]]), array([0, 2, 0, 1]), 12261.0), (array([[ 4,  8],
       [ 5,  3],
       [10,  3],
       [14,  8]]), array([1, 1, 2, 3]), 12261.0), (array([[12.,  9.],
       [10.,  5.],
       [ 8.,  7.],
       [ 4.,  7.]]), array([1, 0, 2, 3]), 12262.0)]
Generation 12 population configuration: 
[(array([[10,  2],
       [ 6,  5],
       [ 5,  4],
       [ 2,  8]]), array([3, 2, 0, 0]), 12253.0), (array([[10.,  2.],
       [ 6.,  5.],
       [ 5.,  4.],
       [ 2.,  8.]]), array([3, 2, 0, 0]), 12253.0), (array([[10.,  2.],
       [ 6.,  5.],
       [ 5.,  4.],
       [ 2.,  8.]]), array([3, 2, 0, 0]), 12253.0), (array([[10.,  2.],
       [ 6.,  5.],
       [ 5.,  4.],
       [ 2.,  8.]]), array([3, 2, 0, 0]), 12253.0), (array([[10.,  2.],
       [ 6.,  5.],
       [ 5.,  4.],
       [ 2.,  8.]]), array([3, 2, 0, 0]), 12253.0), (array([[10.,  2.],
       [ 6.,  5.],
       [ 5.,  4.],
       [ 2.,  8.]]), array([3, 2, 0, 0]), 12253.0), (array([[10.,  2.],
       [ 6.,  5.],
       [ 5.,  4.],
       [ 2.,  8.]]), array([3, 2, 0, 0]), 12253.0), (array([[10.,  2.],
       [ 6.,  5.],
       [ 5.,  4.],
       [ 2.,  8.]]), array([3, 2, 0, 0]), 12253.0), (array([[10.,  2.],
       [ 6.,  5.],
       [ 5.,  4.],
       [ 2.,  8.]]), array([3, 2, 0, 0]), 12253.0), (array([[10.,  0.],
       [ 6.,  0.],
       [ 4.,  7.],
       [ 1.,  4.]]), array([2, 2, 2, 1]), 12254.0), (array([[ 5.,  3.],
       [ 6.,  5.],
       [ 5.,  8.],
       [10.,  4.]]), array([3, 1, 3, 1]), 12255.0), (array([[ 8,  5],
       [ 5,  7],
       [ 7,  0],
       [13,  3]]), array([2, 3, 2, 0]), 12255.0), (array([[ 5, 11],
       [ 6,  4],
       [ 4,  3],
       [11,  4]]), array([0, 2, 3, 2]), 12257.0), (array([[ 5,  9],
       [ 2,  7],
       [10,  5],
       [12,  2]]), array([1, 0, 2, 1]), 12257.0), (array([[ 3,  0],
       [ 1,  6],
       [11,  7],
       [14,  4]]), array([2, 1, 3, 0]), 12258.0), (array([[ 3,  6],
       [ 0,  4],
       [11,  7],
       [13,  3]]), array([2, 1, 3, 2]), 12258.0), (array([[11,  2],
       [ 7,  2],
       [ 9,  8],
       [ 1,  7]]), array([2, 2, 1, 1]), 12259.0), (array([[ 4.,  8.],
       [ 5.,  3.],
       [10.,  3.],
       [14.,  8.]]), array([1, 1, 2, 3]), 12261.0), (array([[ 6.,  4.],
       [ 3.,  8.],
       [11.,  3.],
       [11.,  9.]]), array([0, 2, 0, 1]), 12261.0), (array([[ 6.,  4.],
       [ 3.,  8.],
       [11.,  3.],
       [11.,  9.]]), array([0, 2, 0, 1]), 12261.0)]
Generation 13 population configuration: 
[(array([[10,  2],
       [ 6,  5],
       [ 5,  4],
       [ 2,  8]]), array([3, 2, 0, 0]), 12253.0), (array([[10.,  2.],
       [ 6.,  5.],
       [ 5.,  4.],
       [ 2.,  8.]]), array([3, 2, 0, 0]), 12253.0), (array([[10.,  2.],
       [ 6.,  5.],
       [ 5.,  4.],
       [ 2.,  8.]]), array([3, 2, 0, 0]), 12253.0), (array([[10.,  2.],
       [ 6.,  5.],
       [ 5.,  4.],
       [ 2.,  8.]]), array([3, 2, 0, 0]), 12253.0), (array([[10.,  2.],
       [ 6.,  5.],
       [ 5.,  4.],
       [ 2.,  8.]]), array([3, 2, 0, 0]), 12253.0), (array([[10.,  2.],
       [ 6.,  5.],
       [ 5.,  4.],
       [ 2.,  8.]]), array([3, 2, 0, 0]), 12253.0), (array([[10.,  2.],
       [ 6.,  5.],
       [ 5.,  4.],
       [ 2.,  8.]]), array([3, 2, 0, 0]), 12253.0), (array([[10.,  2.],
       [ 6.,  5.],
       [ 5.,  4.],
       [ 2.,  8.]]), array([3, 2, 0, 0]), 12253.0), (array([[10.,  2.],
       [ 6.,  5.],
       [ 5.,  4.],
       [ 2.,  8.]]), array([3, 2, 0, 0]), 12253.0), (array([[10.,  2.],
       [ 6.,  5.],
       [ 5.,  4.],
       [ 2.,  8.]]), array([3, 2, 0, 0]), 12253.0), (array([[10.,  0.],
       [ 6.,  0.],
       [ 4.,  7.],
       [ 1.,  4.]]), array([2, 2, 2, 1]), 12254.0), (array([[10.,  0.],
       [ 6.,  0.],
       [ 4.,  7.],
       [ 1.,  4.]]), array([2, 2, 2, 1]), 12254.0), (array([[ 5.,  9.],
       [ 2.,  7.],
       [10.,  5.],
       [12.,  2.]]), array([1, 0, 2, 1]), 12257.0), (array([[ 6.,  4.],
       [ 3.,  8.],
       [11.,  3.],
       [14.,  4.]]), array([0, 2, 3, 0]), 12257.0), (array([[10,  7],
       [10,  1],
       [ 5,  1],
       [ 1,  8]]), array([2, 3, 3, 1]), 12258.0), (array([[ 7,  4],
       [11,  7],
       [ 2,  2],
       [ 6, 10]]), array([2, 2, 2, 1]), 12259.0), (array([[ 3,  5],
       [ 7,  8],
       [ 3, 10],
       [11,  7]]), array([1, 2, 0, 1]), 12259.0), (array([[15,  2],
       [12,  8],
       [ 6,  1],
       [ 5,  8]]), array([3, 0, 2, 2]), 12260.0), (array([[ 9,  5],
       [12,  4],
       [13,  7],
       [ 4,  6]]), array([2, 1, 2, 1]), 12262.0), (array([[ 9,  4],
       [ 5,  4],
       [ 9,  8],
       [14, 10]]), array([0, 0, 0, 0]), 12263.0)]
Generation 14 population configuration: 
[(array([[10,  2],
       [ 6,  5],
       [ 5,  4],
       [ 2,  8]]), array([3, 2, 0, 0]), 12253.0), (array([[10.,  2.],
       [ 6.,  5.],
       [ 5.,  4.],
       [ 2.,  8.]]), array([3, 2, 0, 0]), 12253.0), (array([[10.,  2.],
       [ 6.,  5.],
       [ 5.,  4.],
       [ 2.,  8.]]), array([3, 2, 0, 0]), 12253.0), (array([[10.,  2.],
       [ 6.,  5.],
       [ 5.,  4.],
       [ 2.,  8.]]), array([3, 2, 0, 0]), 12253.0), (array([[10.,  2.],
       [ 6.,  5.],
       [ 5.,  4.],
       [ 2.,  8.]]), array([3, 2, 0, 0]), 12253.0), (array([[10.,  2.],
       [ 6.,  5.],
       [ 5.,  4.],
       [ 2.,  8.]]), array([3, 2, 0, 0]), 12253.0), (array([[10.,  2.],
       [ 6.,  5.],
       [ 5.,  4.],
       [ 2.,  8.]]), array([3, 2, 0, 0]), 12253.0), (array([[10.,  2.],
       [ 6.,  5.],
       [ 5.,  4.],
       [ 2.,  8.]]), array([3, 2, 0, 0]), 12253.0), (array([[10.,  2.],
       [ 6.,  5.],
       [ 5.,  4.],
       [ 2.,  8.]]), array([3, 2, 0, 0]), 12253.0), (array([[10.,  2.],
       [ 7.,  5.],
       [ 5.,  4.],
       [ 2.,  8.]]), array([3, 2, 0, 1]), 12254.0), (array([[ 1,  1],
       [ 5,  2],
       [ 7,  4],
       [ 3, 10]]), array([2, 1, 2, 0]), 12254.0), (array([[ 6.,  4.],
       [ 3.,  8.],
       [11.,  3.],
       [14.,  4.]]), array([0, 2, 3, 0]), 12257.0), (array([[10.,  7.],
       [ 6.,  5.],
       [ 5.,  4.],
       [ 2.,  8.]]), array([2, 2, 0, 0]), 12258.0), (array([[ 1,  7],
       [ 4,  6],
       [ 9,  7],
       [11,  0]]), array([2, 1, 2, 2]), 12258.0), (array([[ 9,  0],
       [ 4,  1],
       [12,  7],
       [ 2,  5]]), array([2, 2, 0, 2]), 12258.0), (array([[ 5,  7],
       [ 3,  6],
       [11,  8],
       [13,  2]]), array([2, 0, 1, 2]), 12261.0), (array([[ 6,  4],
       [ 7,  8],
       [14,  2],
       [13,  9]]), array([3, 1, 3, 0]), 12262.0), (array([[10.,  2.],
       [ 5.,  4.],
       [ 9.,  8.],
       [14., 10.]]), array([3, 0, 0, 0]), 12263.0), (array([[ 9.,  4.],
       [ 5.,  4.],
       [ 9.,  8.],
       [14., 10.]]), array([0, 0, 0, 0]), 12263.0), (array([[ 2,  8],
       [ 7,  9],
       [ 8,  0],
       [15,  9]]), array([2, 0, 2, 3]), 12263.0)]
Generation 15 population configuration: 
[(array([[10,  2],
       [ 6,  5],
       [ 5,  4],
       [ 2,  8]]), array([3, 2, 0, 0]), 12253.0), (array([[10.,  2.],
       [ 6.,  5.],
       [ 5.,  4.],
       [ 2.,  8.]]), array([3, 2, 0, 0]), 12253.0), (array([[10.,  2.],
       [ 6.,  5.],
       [ 5.,  4.],
       [ 2.,  8.]]), array([3, 2, 0, 0]), 12253.0), (array([[10.,  2.],
       [ 6.,  5.],
       [ 5.,  4.],
       [ 2.,  8.]]), array([3, 2, 0, 0]), 12253.0), (array([[10.,  2.],
       [ 6.,  5.],
       [ 5.,  4.],
       [ 2.,  8.]]), array([3, 2, 0, 0]), 12253.0), (array([[10.,  2.],
       [ 6.,  5.],
       [ 5.,  4.],
       [ 2.,  8.]]), array([3, 2, 0, 0]), 12253.0), (array([[10.,  2.],
       [ 6.,  5.],
       [ 5.,  4.],
       [ 2.,  8.]]), array([3, 2, 0, 0]), 12253.0), (array([[10.,  2.],
       [ 6.,  5.],
       [ 5.,  4.],
       [ 2.,  8.]]), array([3, 2, 0, 0]), 12253.0), (array([[10.,  2.],
       [ 6.,  5.],
       [ 5.,  4.],
       [ 2.,  8.]]), array([3, 2, 0, 0]), 12253.0), (array([[10.,  2.],
       [ 7.,  5.],
       [ 5.,  4.],
       [ 2.,  8.]]), array([3, 2, 0, 0]), 12254.0), (array([[ 4,  8],
       [ 1,  8],
       [ 3,  4],
       [11,  1]]), array([1, 2, 1, 2]), 12254.0), (array([[ 6,  3],
       [ 2,  3],
       [ 6,  8],
       [11,  3]]), array([2, 2, 3, 2]), 12255.0), (array([[10,  1],
       [12,  2],
       [ 4,  7],
       [ 2,  5]]), array([3, 2, 2, 0]), 12255.0), (array([[5, 2],
       [7, 5],
       [1, 0],
       [8, 7]]), array([1, 3, 2, 1]), 12256.0), (array([[ 1,  8],
       [ 0,  5],
       [ 6,  6],
       [12,  3]]), array([2, 1, 2, 1]), 12256.0), (array([[ 7,  4],
       [ 5,  8],
       [12,  2],
       [ 2, 11]]), array([1, 1, 2, 0]), 12256.0), (array([[ 6.,  4.],
       [ 3.,  8.],
       [11.,  3.],
       [14.,  4.]]), array([0, 2, 3, 0]), 12257.0), (array([[ 1.,  7.],
       [ 4.,  6.],
       [ 9.,  7.],
       [11.,  0.]]), array([2, 1, 2, 2]), 12258.0), (array([[10.,  7.],
       [ 6.,  5.],
       [ 5.,  4.],
       [ 2.,  8.]]), array([2, 2, 0, 0]), 12258.0), (array([[ 2.,  8.],
       [ 7.,  9.],
       [ 8.,  0.],
       [15.,  9.]]), array([2, 0, 2, 3]), 12263.0)]
Generation 16 population configuration: 
[(array([[10,  2],
       [ 6,  5],
       [ 5,  4],
       [ 2,  8]]), array([3, 2, 0, 0]), 12253.0), (array([[10.,  2.],
       [ 6.,  5.],
       [ 5.,  4.],
       [ 2.,  8.]]), array([3, 2, 0, 0]), 12253.0), (array([[10.,  2.],
       [ 6.,  5.],
       [ 5.,  4.],
       [ 2.,  8.]]), array([3, 2, 0, 0]), 12253.0), (array([[10.,  2.],
       [ 6.,  5.],
       [ 5.,  4.],
       [ 2.,  8.]]), array([3, 2, 0, 0]), 12253.0), (array([[10.,  2.],
       [ 6.,  5.],
       [ 5.,  4.],
       [ 2.,  8.]]), array([3, 2, 0, 0]), 12253.0), (array([[10.,  2.],
       [ 6.,  5.],
       [ 5.,  4.],
       [ 2.,  8.]]), array([3, 2, 0, 0]), 12253.0), (array([[10.,  2.],
       [ 6.,  5.],
       [ 5.,  4.],
       [ 2.,  8.]]), array([3, 2, 0, 0]), 12253.0), (array([[11.,  2.],
       [ 6.,  5.],
       [ 5.,  4.],
       [ 2.,  8.]]), array([3, 2, 0, 0]), 12253.0), (array([[10.,  2.],
       [ 6.,  5.],
       [ 5.,  4.],
       [ 2.,  8.]]), array([3, 2, 0, 0]), 12253.0), (array([[10.,  2.],
       [ 6.,  5.],
       [ 5.,  4.],
       [ 2.,  8.]]), array([3, 2, 0, 0]), 12253.0), (array([[ 6.,  3.],
       [ 2.,  3.],
       [ 6.,  8.],
       [11.,  3.]]), array([2, 2, 3, 2]), 12255.0), (array([[ 6.,  3.],
       [ 2.,  3.],
       [ 6.,  8.],
       [11.,  3.]]), array([2, 2, 3, 2]), 12255.0), (array([[ 6,  6],
       [ 3,  6],
       [ 3,  4],
       [12,  2]]), array([1, 3, 0, 2]), 12255.0), (array([[12,  2],
       [ 9,  6],
       [ 4,  3],
       [ 2,  7]]), array([1, 2, 3, 2]), 12257.0), (array([[10.,  7.],
       [ 6.,  5.],
       [ 5.,  4.],
       [ 2.,  8.]]), array([2, 2, 0, 0]), 12258.0), (array([[ 1.,  7.],
       [ 4.,  6.],
       [ 9.,  7.],
       [11.,  0.]]), array([2, 1, 2, 2]), 12258.0), (array([[ 3,  1],
       [ 1,  5],
       [13,  3],
       [15,  7]]), array([2, 2, 0, 3]), 12261.0), (array([[ 6,  0],
       [ 9,  5],
       [ 4,  9],
       [14, 10]]), array([2, 1, 1, 0]), 12263.0), (array([[14, 10],
       [12,  4],
       [ 5,  7],
       [ 3,  2]]), array([0, 0, 2, 2]), 12263.0), (array([[ 4,  4],
       [ 2, 10],
       [13,  6],
       [11, 10]]), array([1, 1, 0, 1]), 12263.0)]
Generation 17 population configuration: 
[(array([[10,  2],
       [ 6,  5],
       [ 5,  4],
       [ 2,  8]]), array([3, 2, 0, 0]), 12253.0), (array([[10.,  2.],
       [ 6.,  5.],
       [ 5.,  4.],
       [ 2.,  8.]]), array([3, 2, 0, 0]), 12253.0), (array([[10.,  2.],
       [ 6.,  5.],
       [ 5.,  4.],
       [ 2.,  8.]]), array([3, 2, 0, 0]), 12253.0), (array([[10.,  2.],
       [ 6.,  5.],
       [ 5.,  4.],
       [ 2.,  8.]]), array([3, 2, 0, 0]), 12253.0), (array([[10.,  2.],
       [ 6.,  5.],
       [ 5.,  4.],
       [ 2.,  8.]]), array([3, 2, 0, 0]), 12253.0), (array([[10.,  2.],
       [ 6.,  5.],
       [ 5.,  4.],
       [ 2.,  8.]]), array([3, 2, 0, 0]), 12253.0), (array([[10.,  2.],
       [ 6.,  5.],
       [ 5.,  4.],
       [ 2.,  8.]]), array([3, 2, 0, 0]), 12253.0), (array([[10.,  2.],
       [ 6.,  5.],
       [ 5.,  4.],
       [ 2.,  8.]]), array([3, 2, 0, 0]), 12253.0), (array([[10.,  2.],
       [ 6.,  5.],
       [ 5.,  4.],
       [ 2.,  9.]]), array([3, 2, 0, 0]), 12253.0), (array([[10.,  2.],
       [ 6.,  5.],
       [ 5.,  4.],
       [ 2.,  8.]]), array([3, 2, 0, 0]), 12253.0), (array([[10.,  2.],
       [ 6.,  5.],
       [ 5.,  4.],
       [ 2., 10.]]), array([3, 2, 0, 0]), 12254.0), (array([[ 6.,  6.],
       [ 3.,  6.],
       [ 3.,  4.],
       [12.,  2.]]), array([1, 3, 0, 2]), 12255.0), (array([[ 6.,  3.],
       [ 2.,  3.],
       [ 6.,  8.],
       [11.,  3.]]), array([2, 2, 3, 2]), 12255.0), (array([[ 6.,  3.],
       [ 2.,  3.],
       [ 6.,  8.],
       [11.,  3.]]), array([2, 2, 3, 2]), 12255.0), (array([[13,  5],
       [10,  6],
       [ 1,  2],
       [ 1,  8]]), array([2, 0, 2, 1]), 12259.0), (array([[ 8,  1],
       [13,  2],
       [ 4,  6],
       [ 9,  8]]), array([3, 2, 2, 1]), 12259.0), (array([[ 2,  2],
       [ 3,  8],
       [ 9,  3],
       [10, 10]]), array([2, 2, 2, 0]), 12259.0), (array([[6, 8],
       [9, 9],
       [9, 6],
       [2, 4]]), array([2, 1, 0, 1]), 12259.0), (array([[ 1,  7],
       [ 0,  5],
       [11,  7],
       [12,  1]]), array([2, 1, 2, 3]), 12260.0), (array([[ 6,  0],
       [ 4,  4],
       [11, 10],
       [ 1, 10]]), array([2, 2, 1, 1]), 12262.0)]
Generation 18 population configuration: 
[(array([[10,  2],
       [ 6,  5],
       [ 5,  4],
       [ 2,  8]]), array([3, 2, 0, 0]), 12253.0), (array([[10.,  2.],
       [ 6.,  5.],
       [ 5.,  4.],
       [ 2.,  8.]]), array([3, 2, 0, 0]), 12253.0), (array([[10.,  2.],
       [ 6.,  5.],
       [ 5.,  4.],
       [ 2.,  8.]]), array([3, 2, 0, 0]), 12253.0), (array([[10.,  2.],
       [ 6.,  5.],
       [ 5.,  4.],
       [ 2.,  8.]]), array([3, 2, 0, 0]), 12253.0), (array([[10.,  2.],
       [ 6.,  5.],
       [ 5.,  4.],
       [ 2.,  8.]]), array([3, 2, 0, 0]), 12253.0), (array([[10.,  2.],
       [ 6.,  5.],
       [ 5.,  4.],
       [ 2.,  8.]]), array([3, 2, 0, 0]), 12253.0), (array([[10.,  2.],
       [ 6.,  5.],
       [ 5.,  4.],
       [ 2.,  8.]]), array([3, 2, 0, 0]), 12253.0), (array([[10.,  2.],
       [ 6.,  5.],
       [ 5.,  4.],
       [ 2.,  8.]]), array([3, 2, 0, 0]), 12253.0), (array([[10.,  2.],
       [ 6.,  5.],
       [ 5.,  4.],
       [ 2.,  8.]]), array([3, 2, 0, 0]), 12253.0), (array([[10.,  2.],
       [ 6.,  5.],
       [ 5.,  4.],
       [ 2.,  8.]]), array([3, 2, 0, 0]), 12253.0), (array([[10.,  2.],
       [ 6.,  5.],
       [ 5.,  4.],
       [ 2.,  8.]]), array([3, 2, 0, 0]), 12253.0), (array([[ 5,  9],
       [ 4,  2],
       [ 1,  2],
       [13,  3]]), array([1, 1, 2, 3]), 12256.0), (array([[ 6,  6],
       [ 2,  4],
       [ 4,  2],
       [14,  4]]), array([1, 2, 1, 3]), 12257.0), (array([[13.,  5.],
       [ 6.,  5.],
       [ 5.,  4.],
       [ 2.,  8.]]), array([2, 2, 0, 0]), 12259.0), (array([[13.,  5.],
       [10.,  6.],
       [ 5.,  4.],
       [ 2.,  8.]]), array([2, 0, 0, 0]), 12259.0), (array([[13.,  5.],
       [10.,  6.],
       [ 1.,  2.],
       [ 1.,  8.]]), array([2, 0, 2, 1]), 12259.0), (array([[ 3,  1],
       [ 7,  5],
       [ 7,  7],
       [12,  6]]), array([2, 1, 2, 2]), 12259.0), (array([[12,  4],
       [11,  7],
       [ 7, 11],
       [ 3,  0]]), array([0, 1, 0, 2]), 12260.0), (array([[ 9,  2],
       [ 5,  4],
       [14,  5],
       [12,  7]]), array([2, 0, 0, 2]), 12261.0), (array([[12,  5],
       [10,  4],
       [10, 11],
       [ 0,  2]]), array([1, 0, 0, 1]), 12262.0)]
Generation 19 population configuration: 
[(array([[10,  2],
       [ 6,  5],
       [ 5,  4],
       [ 2,  8]]), array([3, 2, 0, 0]), 12253.0), (array([[10.,  2.],
       [ 6.,  5.],
       [ 5.,  4.],
       [ 2.,  8.]]), array([3, 2, 0, 0]), 12253.0), (array([[10.,  2.],
       [ 6.,  5.],
       [ 5.,  4.],
       [ 2.,  8.]]), array([3, 2, 0, 0]), 12253.0), (array([[10.,  2.],
       [ 6.,  5.],
       [ 5.,  4.],
       [ 2.,  8.]]), array([3, 2, 0, 0]), 12253.0), (array([[10.,  2.],
       [ 6.,  5.],
       [ 5.,  4.],
       [ 2.,  8.]]), array([3, 2, 0, 0]), 12253.0), (array([[10.,  2.],
       [ 6.,  5.],
       [ 5.,  4.],
       [ 2.,  8.]]), array([3, 2, 0, 0]), 12253.0), (array([[10.,  2.],
       [ 6.,  5.],
       [ 5.,  4.],
       [ 2.,  8.]]), array([3, 2, 0, 0]), 12253.0), (array([[10.,  2.],
       [ 6.,  5.],
       [ 5.,  4.],
       [ 2.,  8.]]), array([3, 2, 0, 0]), 12253.0), (array([[10.,  2.],
       [ 6.,  5.],
       [ 5.,  4.],
       [ 2.,  8.]]), array([3, 2, 0, 0]), 12253.0), (array([[10.,  2.],
       [ 6.,  5.],
       [ 5.,  4.],
       [ 2.,  8.]]), array([3, 2, 0, 0]), 12253.0), (array([[10.,  2.],
       [ 6.,  5.],
       [ 5.,  4.],
       [ 2.,  8.]]), array([3, 2, 0, 0]), 12253.0), (array([[ 6.,  6.],
       [ 2.,  4.],
       [ 4.,  2.],
       [14.,  4.]]), array([1, 2, 1, 3]), 12257.0), (array([[ 3,  6],
       [ 5, 10],
       [ 8,  5],
       [ 9,  3]]), array([3, 1, 3, 1]), 12258.0), (array([[ 3.,  1.],
       [ 7.,  5.],
       [ 7.,  7.],
       [12.,  6.]]), array([2, 1, 2, 2]), 12259.0), (array([[13.,  5.],
       [10.,  6.],
       [ 5.,  4.],
       [ 2.,  8.]]), array([2, 0, 0, 0]), 12259.0), (array([[ 0, 10],
       [ 6,  6],
       [ 6,  1],
       [13,  5]]), array([1, 2, 2, 2]), 12259.0), (array([[ 7,  8],
       [13,  7],
       [ 5,  2],
       [12,  1]]), array([2, 3, 1, 3]), 12259.0), (array([[12,  7],
       [ 7,  6],
       [ 6,  9],
       [ 6,  5]]), array([1, 1, 3, 3]), 12260.0), (array([[12,  8],
       [ 8,  7],
       [ 8,  4],
       [ 1,  6]]), array([1, 3, 1, 2]), 12261.0), (array([[ 2,  2],
       [10,  3],
       [ 8, 10],
       [12,  3]]), array([2, 3, 1, 1]), 12261.0)]
Generation 20 population configuration: 
[(array([[10,  2],
       [ 6,  5],
       [ 5,  4],
       [ 2,  8]]), array([3, 2, 0, 0]), 12253.0), (array([[10.,  2.],
       [ 6.,  5.],
       [ 5.,  4.],
       [ 2.,  8.]]), array([3, 2, 0, 0]), 12253.0), (array([[10.,  2.],
       [ 6.,  5.],
       [ 5.,  4.],
       [ 2.,  8.]]), array([3, 2, 0, 0]), 12253.0), (array([[10.,  2.],
       [ 6.,  5.],
       [ 5.,  4.],
       [ 2.,  8.]]), array([3, 2, 0, 0]), 12253.0), (array([[10.,  2.],
       [ 6.,  5.],
       [ 5.,  4.],
       [ 2.,  8.]]), array([3, 2, 0, 0]), 12253.0), (array([[10.,  2.],
       [ 6.,  5.],
       [ 5.,  4.],
       [ 2.,  8.]]), array([3, 2, 0, 0]), 12253.0), (array([[10.,  2.],
       [ 6.,  5.],
       [ 5.,  4.],
       [ 2.,  8.]]), array([3, 2, 0, 0]), 12253.0), (array([[10.,  2.],
       [ 6.,  5.],
       [ 5.,  4.],
       [ 2.,  8.]]), array([3, 2, 0, 0]), 12253.0), (array([[10.,  2.],
       [ 6.,  5.],
       [ 5.,  4.],
       [ 2.,  8.]]), array([3, 2, 0, 0]), 12253.0), (array([[10.,  2.],
       [ 6.,  5.],
       [ 5.,  4.],
       [ 2.,  9.]]), array([3, 2, 0, 0]), 12253.0), (array([[7, 7],
       [2, 8],
       [5, 0],
       [1, 2]]), array([2, 2, 2, 2]), 12255.0), (array([[ 6.,  6.],
       [ 2.,  4.],
       [ 4.,  2.],
       [14.,  4.]]), array([1, 2, 1, 3]), 12257.0), (array([[13.,  5.],
       [10.,  6.],
       [ 5.,  4.],
       [ 2.,  8.]]), array([2, 0, 0, 0]), 12259.0), (array([[12.,  7.],
       [ 7.,  6.],
       [ 5.,  4.],
       [ 2.,  8.]]), array([1, 2, 0, 0]), 12260.0), (array([[12.,  8.],
       [ 8.,  7.],
       [ 8.,  4.],
       [ 1.,  6.]]), array([1, 3, 1, 2]), 12261.0), (array([[ 3,  5],
       [ 8,  3],
       [12,  4],
       [14,  9]]), array([1, 1, 1, 0]), 12262.0), (array([[ 7,  5],
       [11,  5],
       [ 2,  8],
       [12,  8]]), array([2, 1, 0, 2]), 12262.0), (array([[13, 10],
       [ 8,  7],
       [ 5,  2],
       [ 0,  5]]), array([0, 2, 2, 1]), 12262.0), (array([[ 4,  9],
       [ 7,  3],
       [11, 11],
       [12,  0]]), array([1, 2, 0, 2]), 12262.0), (array([[ 6,  2],
       [ 5,  7],
       [12,  3],
       [11, 10]]), array([1, 1, 2, 1]), 12263.0)]
Generation 21 population configuration: 
[(array([[10,  2],
       [ 6,  5],
       [ 5,  4],
       [ 2,  8]]), array([3, 2, 0, 0]), 12253.0), (array([[10.,  2.],
       [ 6.,  5.],
       [ 5.,  4.],
       [ 2.,  8.]]), array([3, 2, 0, 0]), 12253.0), (array([[10.,  2.],
       [ 6.,  5.],
       [ 5.,  4.],
       [ 2.,  8.]]), array([3, 2, 0, 0]), 12253.0), (array([[10.,  2.],
       [ 6.,  5.],
       [ 5.,  4.],
       [ 2.,  8.]]), array([3, 2, 0, 0]), 12253.0), (array([[10.,  2.],
       [ 6.,  5.],
       [ 5.,  4.],
       [ 2.,  8.]]), array([3, 2, 0, 0]), 12253.0), (array([[10.,  2.],
       [ 6.,  5.],
       [ 5.,  4.],
       [ 2.,  8.]]), array([3, 2, 0, 0]), 12253.0), (array([[10.,  2.],
       [ 6.,  5.],
       [ 5.,  4.],
       [ 2.,  8.]]), array([3, 2, 0, 0]), 12253.0), (array([[11.,  2.],
       [ 6.,  5.],
       [ 5.,  4.],
       [ 2.,  8.]]), array([3, 2, 0, 0]), 12253.0), (array([[10.,  2.],
       [ 6.,  5.],
       [ 5.,  4.],
       [ 2.,  8.]]), array([3, 2, 0, 0]), 12253.0), (array([[10.,  2.],
       [ 6.,  5.],
       [ 5.,  4.],
       [ 2.,  8.]]), array([3, 2, 0, 0]), 12253.0), (array([[10.,  2.],
       [ 6.,  5.],
       [ 5.,  4.],
       [ 2.,  8.]]), array([3, 2, 0, 0]), 12253.0), (array([[12,  0],
       [ 7,  5],
       [ 1,  1],
       [ 2,  9]]), array([2, 2, 2, 0]), 12254.0), (array([[ 2,  5],
       [ 2,  0],
       [ 6,  0],
       [13,  6]]), array([2, 2, 2, 0]), 12258.0), (array([[ 0,  4],
       [ 7,  6],
       [12,  1],
       [14,  6]]), array([1, 2, 2, 3]), 12259.0), (array([[13,  5],
       [ 7,  6],
       [ 3,  4],
       [ 1,  8]]), array([2, 2, 1, 1]), 12259.0), (array([[10,  1],
       [ 3,  0],
       [12,  8],
       [ 1, 10]]), array([2, 2, 2, 1]), 12261.0), (array([[ 7,  0],
       [ 4,  3],
       [11,  2],
       [14,  8]]), array([2, 0, 2, 3]), 12261.0), (array([[ 7.,  5.],
       [11.,  5.],
       [ 2.,  8.],
       [12.,  8.]]), array([2, 1, 0, 2]), 12262.0), (array([[ 4.,  9.],
       [ 7.,  3.],
       [11., 11.],
       [12.,  0.]]), array([1, 2, 0, 2]), 12262.0), (array([[13., 10.],
       [ 8.,  7.],
       [ 5.,  4.],
       [ 2.,  8.]]), array([0, 2, 0, 0]), 12262.0)]
Generation 22 population configuration: 
[(array([[10,  2],
       [ 6,  5],
       [ 5,  4],
       [ 2,  8]]), array([3, 2, 0, 0]), 12253.0), (array([[10.,  2.],
       [ 6.,  5.],
       [ 5.,  4.],
       [ 2.,  8.]]), array([3, 2, 0, 0]), 12253.0), (array([[10.,  2.],
       [ 6.,  5.],
       [ 5.,  4.],
       [ 2.,  8.]]), array([3, 2, 0, 0]), 12253.0), (array([[10.,  2.],
       [ 6.,  5.],
       [ 5.,  4.],
       [ 2.,  8.]]), array([3, 2, 0, 0]), 12253.0), (array([[10.,  2.],
       [ 6.,  5.],
       [ 5.,  4.],
       [ 2.,  8.]]), array([3, 2, 0, 0]), 12253.0), (array([[10.,  2.],
       [ 6.,  5.],
       [ 5.,  4.],
       [ 2.,  8.]]), array([3, 2, 0, 0]), 12253.0), (array([[10.,  2.],
       [ 6.,  5.],
       [ 5.,  4.],
       [ 2.,  8.]]), array([3, 2, 0, 0]), 12253.0), (array([[10.,  2.],
       [ 6.,  5.],
       [ 5.,  4.],
       [ 2.,  8.]]), array([3, 2, 0, 0]), 12253.0), (array([[10.,  2.],
       [ 6.,  5.],
       [ 5.,  4.],
       [ 2.,  8.]]), array([3, 2, 0, 0]), 12253.0), (array([[10.,  2.],
       [ 6.,  5.],
       [ 5.,  4.],
       [ 2.,  8.]]), array([3, 2, 0, 0]), 12253.0), (array([[10,  6],
       [ 6,  5],
       [ 6, 10],
       [ 2,  5]]), array([1, 1, 0, 1]), 12257.0), (array([[ 2.,  5.],
       [ 2.,  0.],
       [ 6.,  0.],
       [13.,  6.]]), array([2, 2, 2, 0]), 12258.0), (array([[ 0,  3],
       [ 6,  4],
       [ 2,  9],
       [ 6, 10]]), array([1, 1, 1, 1]), 12258.0), (array([[12,  4],
       [ 8,  4],
       [10,  8],
       [ 4,  2]]), array([1, 1, 3, 1]), 12258.0), (array([[ 0.,  4.],
       [ 7.,  6.],
       [12.,  1.],
       [14.,  6.]]), array([1, 2, 2, 3]), 12259.0), (array([[ 2,  4],
       [ 1,  8],
       [ 8,  2],
       [12,  6]]), array([0, 2, 1, 2]), 12259.0), (array([[10.,  1.],
       [ 3.,  0.],
       [12.,  8.],
       [ 1., 10.]]), array([2, 2, 2, 1]), 12261.0), (array([[10.,  1.],
       [ 3.,  0.],
       [12.,  8.],
       [ 1., 10.]]), array([2, 2, 2, 1]), 12261.0), (array([[ 8,  3],
       [ 8,  6],
       [12,  8],
       [ 1,  3]]), array([3, 2, 2, 1]), 12261.0), (array([[11,  2],
       [ 6,  4],
       [ 7,  8],
       [11, 11]]), array([2, 1, 3, 0]), 12262.0)]
Generation 23 population configuration: 
[(array([[10,  2],
       [ 6,  5],
       [ 5,  4],
       [ 2,  8]]), array([3, 2, 0, 0]), 12253.0), (array([[10.,  2.],
       [ 6.,  5.],
       [ 5.,  4.],
       [ 2.,  8.]]), array([3, 2, 0, 0]), 12253.0), (array([[10.,  2.],
       [ 6.,  5.],
       [ 5.,  4.],
       [ 2.,  8.]]), array([3, 2, 0, 0]), 12253.0), (array([[10.,  2.],
       [ 6.,  5.],
       [ 5.,  4.],
       [ 2.,  8.]]), array([3, 2, 0, 0]), 12253.0), (array([[10.,  2.],
       [ 6.,  5.],
       [ 5.,  4.],
       [ 2.,  8.]]), array([3, 2, 0, 0]), 12253.0), (array([[10.,  2.],
       [ 6.,  5.],
       [ 5.,  4.],
       [ 2.,  8.]]), array([3, 2, 0, 0]), 12253.0), (array([[10.,  2.],
       [ 6.,  5.],
       [ 5.,  4.],
       [ 2.,  8.]]), array([3, 2, 0, 0]), 12253.0), (array([[10.,  2.],
       [ 6.,  5.],
       [ 5.,  4.],
       [ 2.,  8.]]), array([3, 2, 0, 0]), 12253.0), (array([[10.,  1.],
       [ 6.,  5.],
       [ 5.,  4.],
       [ 2.,  8.]]), array([2, 2, 0, 0]), 12253.0), (array([[10.,  2.],
       [ 6.,  5.],
       [ 5.,  4.],
       [ 2.,  8.]]), array([3, 2, 0, 0]), 12253.0), (array([[10.,  2.],
       [ 6.,  5.],
       [ 5.,  4.],
       [ 2.,  8.]]), array([3, 2, 0, 0]), 12253.0), (array([[ 1,  4],
       [ 4,  7],
       [ 7,  7],
       [11,  3]]), array([1, 3, 1, 1]), 12256.0), (array([[10,  7],
       [ 8,  6],
       [ 6,  7],
       [ 1,  6]]), array([1, 0, 2, 1]), 12258.0), (array([[ 4,  3],
       [ 3,  5],
       [ 1, 10],
       [12,  5]]), array([0, 3, 1, 2]), 12258.0), (array([[ 0.,  4.],
       [ 7.,  6.],
       [12.,  1.],
       [14.,  6.]]), array([1, 2, 2, 3]), 12259.0), (array([[12,  1],
       [13,  5],
       [ 9,  4],
       [ 4,  3]]), array([3, 2, 2, 1]), 12259.0), (array([[ 3,  2],
       [ 7,  5],
       [10,  8],
       [13,  0]]), array([2, 2, 1, 2]), 12260.0), (array([[ 8.,  3.],
       [ 8.,  6.],
       [12.,  8.],
       [ 1., 10.]]), array([3, 2, 2, 1]), 12261.0), (array([[11.,  2.],
       [ 6.,  4.],
       [ 7.,  8.],
       [11., 11.]]), array([2, 1, 3, 0]), 12262.0), (array([[10,  3],
       [ 7,  7],
       [11, 10],
       [ 2,  5]]), array([0, 2, 1, 1]), 12262.0)]
Generation 24 population configuration: 
[(array([[10,  2],
       [ 6,  5],
       [ 5,  4],
       [ 2,  8]]), array([3, 2, 0, 0]), 12253.0), (array([[10.,  2.],
       [ 6.,  5.],
       [ 5.,  4.],
       [ 2.,  8.]]), array([3, 2, 0, 0]), 12253.0), (array([[10.,  2.],
       [ 6.,  5.],
       [ 5.,  4.],
       [ 2.,  8.]]), array([3, 2, 0, 0]), 12253.0), (array([[10.,  2.],
       [ 6.,  5.],
       [ 5.,  4.],
       [ 2.,  8.]]), array([3, 2, 0, 0]), 12253.0), (array([[10.,  2.],
       [ 6.,  5.],
       [ 5.,  4.],
       [ 2.,  8.]]), array([3, 2, 0, 0]), 12253.0), (array([[10.,  2.],
       [ 6.,  5.],
       [ 5.,  4.],
       [ 2.,  8.]]), array([3, 2, 0, 0]), 12253.0), (array([[10.,  2.],
       [ 6.,  5.],
       [ 5.,  4.],
       [ 2.,  8.]]), array([3, 2, 0, 0]), 12253.0), (array([[10.,  2.],
       [ 6.,  5.],
       [ 5.,  4.],
       [ 2.,  8.]]), array([3, 2, 0, 0]), 12253.0), (array([[10.,  2.],
       [ 6.,  5.],
       [ 5.,  4.],
       [ 2.,  8.]]), array([3, 2, 0, 0]), 12253.0), (array([[10.,  2.],
       [ 6.,  5.],
       [ 5.,  4.],
       [ 2.,  8.]]), array([3, 2, 0, 0]), 12253.0), (array([[ 4.,  3.],
       [ 3.,  5.],
       [ 1., 10.],
       [12.,  5.]]), array([1, 3, 1, 2]), 12258.0), (array([[ 8,  3],
       [12,  5],
       [ 1,  3],
       [ 6, 10]]), array([3, 2, 2, 1]), 12258.0), (array([[ 0.,  4.],
       [ 7.,  6.],
       [12.,  1.],
       [14.,  6.]]), array([1, 2, 2, 3]), 12259.0), (array([[ 0.,  4.],
       [ 7.,  5.],
       [12.,  1.],
       [14.,  6.]]), array([1, 2, 2, 3]), 12259.0), (array([[14,  6],
       [10,  3],
       [ 2,  3],
       [ 1,  6]]), array([3, 3, 1, 2]), 12259.0), (array([[ 8,  3],
       [11,  5],
       [ 8, 10],
       [ 0,  8]]), array([0, 1, 1, 1]), 12260.0), (array([[ 1,  4],
       [ 2,  8],
       [12,  4],
       [11,  9]]), array([2, 2, 0, 0]), 12260.0), (array([[10.,  2.],
       [ 8.,  6.],
       [12.,  8.],
       [ 1., 10.]]), array([3, 2, 2, 1]), 12261.0), (array([[ 3, 10],
       [ 5,  6],
       [10,  3],
       [13,  7]]), array([1, 0, 0, 2]), 12261.0), (array([[ 8,  4],
       [ 6,  2],
       [14,  5],
       [ 9, 10]]), array([2, 1, 3, 1]), 12261.0)]
Generation 25 population configuration: 
[(array([[10,  2],
       [ 6,  5],
       [ 5,  4],
       [ 2,  8]]), array([3, 2, 0, 0]), 12253.0), (array([[10.,  2.],
       [ 6.,  5.],
       [ 5.,  4.],
       [ 2.,  8.]]), array([3, 2, 0, 0]), 12253.0), (array([[10.,  2.],
       [ 6.,  5.],
       [ 5.,  4.],
       [ 2.,  8.]]), array([3, 2, 0, 0]), 12253.0), (array([[10.,  2.],
       [ 6.,  5.],
       [ 5.,  4.],
       [ 2.,  8.]]), array([3, 2, 0, 0]), 12253.0), (array([[10.,  2.],
       [ 6.,  5.],
       [ 5.,  4.],
       [ 2.,  8.]]), array([3, 2, 0, 0]), 12253.0), (array([[10.,  2.],
       [ 6.,  5.],
       [ 5.,  4.],
       [ 2.,  8.]]), array([3, 2, 0, 0]), 12253.0), (array([[10.,  2.],
       [ 6.,  5.],
       [ 5.,  4.],
       [ 2.,  8.]]), array([3, 2, 0, 0]), 12253.0), (array([[10.,  2.],
       [ 6.,  5.],
       [ 5.,  4.],
       [ 2.,  8.]]), array([3, 2, 0, 0]), 12253.0), (array([[10.,  2.],
       [ 6.,  5.],
       [ 5.,  4.],
       [ 2.,  8.]]), array([3, 2, 0, 0]), 12253.0), (array([[10.,  2.],
       [ 6.,  5.],
       [ 5.,  4.],
       [ 2.,  8.]]), array([3, 2, 0, 0]), 12253.0), (array([[ 8.,  4.],
       [ 6.,  2.],
       [14.,  4.],
       [ 2.,  8.]]), array([2, 1, 0, 0]), 12257.0), (array([[ 8.,  3.],
       [12.,  5.],
       [ 1.,  3.],
       [ 6., 10.]]), array([3, 2, 2, 1]), 12258.0), (array([[ 1,  6],
       [ 6,  4],
       [ 5, 10],
       [11,  2]]), array([2, 2, 1, 2]), 12258.0), (array([[14.,  6.],
       [10.,  3.],
       [ 5.,  4.],
       [ 2.,  8.]]), array([3, 3, 0, 0]), 12259.0), (array([[13,  0],
       [10,  5],
       [11,  6],
       [ 2,  9]]), array([2, 0, 2, 1]), 12259.0), (array([[10.,  2.],
       [ 8.,  6.],
       [12.,  8.],
       [ 1., 10.]]), array([3, 2, 2, 1]), 12261.0), (array([[10,  2],
       [ 4,  1],
       [11,  9],
       [ 6, 10]]), array([1, 3, 1, 1]), 12261.0), (array([[ 3, 10],
       [ 2,  6],
       [11,  8],
       [12,  6]]), array([1, 0, 2, 0]), 12261.0), (array([[10, 11],
       [ 2,  9],
       [14,  3],
       [ 6,  2]]), array([0, 1, 3, 3]), 12261.0), (array([[10,  7],
       [13,  7],
       [ 4,  9],
       [ 2,  1]]), array([0, 2, 3, 2]), 12261.0)]
Generation 26 population configuration: 
[(array([[10,  2],
       [ 6,  5],
       [ 5,  4],
       [ 2,  8]]), array([3, 2, 0, 0]), 12253.0), (array([[10.,  2.],
       [ 6.,  5.],
       [ 5.,  4.],
       [ 2.,  8.]]), array([3, 2, 0, 0]), 12253.0), (array([[10.,  2.],
       [ 6.,  5.],
       [ 5.,  4.],
       [ 2.,  8.]]), array([3, 2, 0, 0]), 12253.0), (array([[10.,  2.],
       [ 6.,  5.],
       [ 5.,  4.],
       [ 2.,  8.]]), array([3, 2, 0, 0]), 12253.0), (array([[10.,  2.],
       [ 6.,  5.],
       [ 5.,  4.],
       [ 2.,  8.]]), array([3, 2, 0, 0]), 12253.0), (array([[10.,  2.],
       [ 6.,  5.],
       [ 5.,  4.],
       [ 2.,  8.]]), array([3, 2, 0, 0]), 12253.0), (array([[10.,  2.],
       [ 6.,  5.],
       [ 5.,  4.],
       [ 2.,  8.]]), array([3, 2, 0, 0]), 12253.0), (array([[10.,  2.],
       [ 6.,  5.],
       [ 5.,  4.],
       [ 2.,  8.]]), array([3, 2, 0, 0]), 12253.0), (array([[10.,  2.],
       [ 6.,  5.],
       [ 5.,  4.],
       [ 2.,  8.]]), array([3, 2, 0, 0]), 12253.0), (array([[ 7,  7],
       [ 7,  2],
       [ 0,  9],
       [14,  1]]), array([3, 2, 1, 3]), 12255.0), (array([[ 1,  7],
       [ 5,  9],
       [ 2,  2],
       [13,  1]]), array([2, 1, 1, 2]), 12256.0), (array([[10.,  7.],
       [10.,  3.],
       [ 5.,  4.],
       [ 2.,  8.]]), array([3, 3, 0, 0]), 12257.0), (array([[ 8.,  4.],
       [ 6.,  2.],
       [14.,  4.],
       [ 2.,  8.]]), array([2, 1, 0, 0]), 12257.0), (array([[ 1.,  6.],
       [ 6.,  4.],
       [ 5., 10.],
       [11.,  2.]]), array([2, 2, 1, 2]), 12258.0), (array([[ 1.,  6.],
       [ 6.,  4.],
       [ 5., 10.],
       [11.,  2.]]), array([2, 2, 1, 2]), 12258.0), (array([[14.,  6.],
       [10.,  3.],
       [ 5.,  4.],
       [ 2.,  8.]]), array([3, 3, 0, 0]), 12259.0), (array([[ 3,  7],
       [ 2, 10],
       [12,  9],
       [12,  3]]), array([0, 1, 1, 2]), 12262.0), (array([[ 3,  0],
       [11,  3],
       [ 1, 10],
       [15,  8]]), array([2, 3, 1, 3]), 12262.0), (array([[ 9,  4],
       [ 7,  8],
       [ 5,  1],
       [11, 10]]), array([2, 3, 2, 1]), 12262.0), (array([[ 8, 10],
       [11, 10],
       [13,  3],
       [ 5,  1]]), array([0, 1, 2, 2]), 12263.0)]
Generation 27 population configuration: 
[(array([[10,  2],
       [ 6,  5],
       [ 5,  4],
       [ 2,  8]]), array([3, 2, 0, 0]), 12253.0), (array([[10.,  2.],
       [ 6.,  5.],
       [ 5.,  4.],
       [ 2.,  8.]]), array([3, 2, 0, 0]), 12253.0), (array([[10.,  2.],
       [ 6.,  5.],
       [ 5.,  4.],
       [ 2.,  8.]]), array([3, 2, 0, 0]), 12253.0), (array([[10.,  2.],
       [ 6.,  5.],
       [ 5.,  4.],
       [ 2.,  8.]]), array([3, 2, 0, 0]), 12253.0), (array([[10.,  2.],
       [ 6.,  5.],
       [ 5.,  4.],
       [ 2.,  8.]]), array([3, 2, 0, 0]), 12253.0), (array([[10.,  2.],
       [ 6.,  5.],
       [ 5.,  4.],
       [ 2.,  8.]]), array([3, 2, 0, 0]), 12253.0), (array([[10.,  2.],
       [ 6.,  5.],
       [ 5.,  4.],
       [ 2.,  8.]]), array([3, 2, 0, 0]), 12253.0), (array([[10.,  2.],
       [ 6.,  5.],
       [ 5.,  4.],
       [ 2.,  8.]]), array([3, 2, 0, 0]), 12253.0), (array([[ 8.,  4.],
       [ 6.,  2.],
       [14.,  4.],
       [ 2.,  8.]]), array([2, 1, 0, 0]), 12257.0), (array([[10.,  7.],
       [10.,  3.],
       [14.,  4.],
       [ 2.,  8.]]), array([3, 3, 0, 0]), 12257.0), (array([[ 4,  9],
       [ 1,  3],
       [11,  6],
       [ 9,  1]]), array([3, 1, 2, 2]), 12258.0), (array([[12,  5],
       [ 5,  2],
       [ 5,  8],
       [ 1,  3]]), array([2, 2, 1, 2]), 12258.0), (array([[ 9,  9],
       [ 9,  2],
       [ 2,  6],
       [14,  1]]), array([0, 3, 0, 3]), 12258.0), (array([[ 9,  5],
       [ 5,  8],
       [15,  4],
       [ 3,  1]]), array([2, 0, 3, 2]), 12258.0), (array([[14.,  6.],
       [10.,  3.],
       [ 5.,  4.],
       [ 2.,  8.]]), array([3, 3, 0, 0]), 12259.0), (array([[ 3,  6],
       [ 5,  2],
       [ 8,  4],
       [13,  6]]), array([2, 2, 1, 2]), 12260.0), (array([[ 9.,  4.],
       [ 7.,  8.],
       [ 5.,  1.],
       [11., 10.]]), array([2, 3, 2, 1]), 12262.0), (array([[14,  9],
       [11,  5],
       [ 5, 10],
       [ 3,  3]]), array([0, 3, 0, 1]), 12262.0), (array([[ 3.,  7.],
       [ 2., 10.],
       [12.,  9.],
       [13.,  3.]]), array([0, 1, 1, 2]), 12263.0), (array([[ 8., 10.],
       [11., 10.],
       [13.,  3.],
       [ 5.,  1.]]), array([0, 1, 2, 2]), 12263.0)]
Generation 28 population configuration: 
[(array([[10,  2],
       [ 6,  5],
       [ 5,  4],
       [ 2,  8]]), array([3, 2, 0, 0]), 12253.0), (array([[10.,  2.],
       [ 6.,  5.],
       [ 5.,  4.],
       [ 2.,  8.]]), array([3, 2, 0, 0]), 12253.0), (array([[10.,  2.],
       [ 6.,  5.],
       [ 5.,  4.],
       [ 2.,  8.]]), array([3, 2, 0, 0]), 12253.0), (array([[10.,  2.],
       [ 6.,  5.],
       [ 5.,  4.],
       [ 2.,  8.]]), array([3, 2, 0, 0]), 12253.0), (array([[10.,  2.],
       [ 6.,  5.],
       [ 5.,  4.],
       [ 2.,  8.]]), array([3, 2, 0, 0]), 12253.0), (array([[10.,  2.],
       [ 6.,  5.],
       [ 5.,  4.],
       [ 2.,  8.]]), array([3, 2, 0, 0]), 12253.0), (array([[10.,  2.],
       [ 6.,  5.],
       [ 5.,  4.],
       [ 2.,  8.]]), array([3, 2, 0, 0]), 12253.0), (array([[10.,  2.],
       [ 6.,  5.],
       [ 5.,  4.],
       [ 2.,  8.]]), array([3, 2, 0, 0]), 12253.0), (array([[10.,  7.],
       [10.,  3.],
       [14.,  4.],
       [ 2.,  8.]]), array([3, 3, 0, 0]), 12257.0), (array([[ 8.,  4.],
       [ 6.,  2.],
       [14.,  4.],
       [ 2.,  8.]]), array([2, 1, 0, 0]), 12257.0), (array([[ 9.,  5.],
       [ 5.,  8.],
       [15.,  4.],
       [ 3.,  1.]]), array([2, 0, 3, 2]), 12258.0), (array([[ 2,  3],
       [ 6,  9],
       [11,  2],
       [11,  4]]), array([1, 1, 1, 2]), 12258.0), (array([[12,  6],
       [ 5,  0],
       [ 1,  2],
       [ 1, 10]]), array([2, 2, 2, 1]), 12259.0), (array([[ 3.,  6.],
       [ 5.,  2.],
       [ 8.,  4.],
       [13.,  6.]]), array([2, 2, 1, 2]), 12260.0), (array([[ 1,  6],
       [ 1,  1],
       [ 8,  8],
       [ 9, 10]]), array([2, 2, 3, 1]), 12260.0), (array([[ 7,  7],
       [ 3,  3],
       [13,  8],
       [13,  3]]), array([2, 3, 3, 0]), 12261.0), (array([[ 3,  4],
       [ 9,  5],
       [ 8, 10],
       [12,  5]]), array([1, 0, 1, 1]), 12261.0), (array([[ 9.,  4.],
       [ 7.,  8.],
       [ 5.,  1.],
       [11., 10.]]), array([2, 3, 2, 1]), 12262.0), (array([[ 3.,  7.],
       [ 2., 10.],
       [12.,  9.],
       [12.,  3.]]), array([0, 1, 1, 2]), 12262.0), (array([[10, 10],
       [12,  4],
       [ 4,  6],
       [ 7,  2]]), array([1, 2, 2, 2]), 12262.0)]
Generation 29 population configuration: 
[(array([[10,  2],
       [ 6,  5],
       [ 5,  4],
       [ 2,  8]]), array([3, 2, 0, 0]), 12253.0), (array([[10.,  2.],
       [ 6.,  5.],
       [ 5.,  4.],
       [ 2.,  8.]]), array([3, 2, 0, 0]), 12253.0), (array([[10.,  2.],
       [ 6.,  5.],
       [ 5.,  4.],
       [ 2.,  8.]]), array([3, 2, 0, 0]), 12253.0), (array([[10.,  2.],
       [ 6.,  5.],
       [ 5.,  4.],
       [ 2.,  8.]]), array([3, 2, 0, 0]), 12253.0), (array([[10.,  2.],
       [ 6.,  5.],
       [ 5.,  4.],
       [ 2.,  8.]]), array([3, 2, 0, 0]), 12253.0), (array([[10.,  2.],
       [ 6.,  5.],
       [ 5.,  4.],
       [ 2.,  8.]]), array([3, 2, 0, 0]), 12253.0), (array([[10.,  2.],
       [ 6.,  5.],
       [ 5.,  4.],
       [ 2.,  8.]]), array([3, 2, 0, 0]), 12253.0), (array([[10.,  2.],
       [ 6.,  5.],
       [ 5.,  4.],
       [ 2.,  8.]]), array([3, 2, 0, 0]), 12253.0), (array([[10.,  2.]254
       [ 6.,  5.],
       [ 5.,  4.],
       [ 2.,  8.]]), array([3, 2, 0, 0]), 12253.0), (array([[10.,  2.],
       [ 6.,  5.],
       [ 5.,  4.],
       [ 2.,  8.]]), array([3, 2, 0, 0]), 12253.0), (array([[10.,  2.],
       [ 6.,  5.],
       [ 5.,  4.],
       [ 2.,  8.]]), array([3, 2, 0, 0]), 12253.0), (array([[10.,  2.],
       [ 6.,  5.],
       [ 5.,  4.],
       [ 2.,  8.]]), array([3, 2, 0, 0]), 12253.0), (array([[10.,  2.],
       [ 6.,  5.],
       [ 5.,  4.],
       [ 2.,  8.]]), array([3, 2, 0, 0]), 12253.0), (array([[1, 8],
       [4, 5],
       [1, 1],
       [9, 0]]), array([2, 1, 2, 2]), 12253.0), (array([[ 5,  9],
       [ 6,  4],
       [ 1,  4],
       [11,  5]]), array([1, 0, 2, 1]), 12257.0), (array([[ 7,  4],
       [ 9,  6],
       [ 2,  7],
       [14,  2]]), array([1, 2, 1, 3]), 12257.0), (array([[12,  2],
       [ 4,  4],
       [ 7,  9],
       [ 3,  6]]), array([1, 0, 1, 2]), 12258.0), (array([[ 1,  6],
       [ 3,  1],
       [10,  4],
       [11,  7]]), array([2, 2, 0, 1]), 12259.0), (array([[ 9.,  4.],
       [ 7.,  8.],
       [ 5.,  1.],
       [11., 10.]]), array([2, 3, 2, 1]), 12262.0), (array([[ 3,  6],
       [ 2,  2],
       [ 7,  7],
       [12,  9]]), array([3, 1, 2, 1]), 12262.0)]
Converged in 30 generations!

job_starting_posiitons = array([[10,  1],
       [ 6,  4],
       [ 5,  3],
       [ 2,  7]])
job_directions = [[3, 2, 0, 0]]