Original population print time: 
[12256.0, 12257.0, 12258.0, 12258.0, 12258.0, 12258.0, 12258.0, 12260.0, 12260.0, 12260.0, 12261.0, 12261.0, 12261.0, 12261.0, 12261.0, 12261.0, 12261.0, 12261.0, 12262.0, 12262.0]
Generation 1 population print time: 
[12255.0, 12256.0, 12256.0, 12256.0, 12256.0, 12257.0, 12257.0, 12257.0, 12258.0, 12258.0, 12258.0, 12258.0, 12258.0, 12259.0, 12260.0, 12260.0, 12261.0, 12261.0, 12261.0, 12263.0]
Generation 2 population print time: 
[12255.0, 12255.0, 12255.0, 12256.0, 12256.0, 12256.0, 12256.0, 12257.0, 12257.0, 12257.0, 12258.0, 12258.0, 12258.0, 12258.0, 12260.0, 12260.0, 12261.0, 12261.0, 12261.0, 12262.0]
Generation 3 population print time: 
[12255.0, 12255.0, 12255.0, 12256.0, 12256.0, 12256.0, 12256.0, 12256.0, 12256.0, 12257.0, 12257.0, 12257.0, 12257.0, 12258.0, 12258.0, 12258.0, 12259.0, 12260.0, 12261.0, 12262.0]
Generation 4 population print time: 
[12255.0, 12255.0, 12255.0, 12255.0, 12255.0, 12255.0, 12256.0, 12256.0, 12256.0, 12256.0, 12256.0, 12256.0, 12257.0, 12259.0, 12260.0, 12261.0, 12262.0, 12263.0, 12263.0, 12264.0]
Generation 5 population print time: 
[12255.0, 12255.0, 12255.0, 12255.0, 12255.0, 12255.0, 12255.0, 12256.0, 12256.0, 12256.0, 12256.0, 12256.0, 12256.0, 12257.0, 12257.0, 12259.0, 12259.0, 12260.0, 12261.0, 12263.0]
Generation 6 population print time: 
[12255.0, 12255.0, 12255.0, 12255.0, 12255.0, 12255.0, 12255.0, 12256.0, 12256.0, 12256.0, 12256.0, 12256.0, 12256.0, 12256.0, 12257.0, 12258.0, 12260.0, 12260.0, 12263.0, 12264.0]
Generation 7 population print time: 
[12255.0, 12255.0, 12255.0, 12255.0, 12255.0, 12255.0, 12255.0, 12255.0, 12255.0, 12255.0, 12255.0, 12256.0, 12257.0, 12257.0, 12258.0, 12259.0, 12259.0, 12260.0, 12261.0, 12261.0]
Generation 8 population print time: 
[12254.0, 12255.0, 12255.0, 12255.0, 12255.0, 12255.0, 12255.0, 12255.0, 12255.0, 12255.0, 12255.0, 12255.0, 12257.0, 12257.0, 12258.0, 12258.0, 12260.0, 12261.0, 12262.0, 12262.0]
Generation 9 population print time: 
[12254.0, 12254.0, 12254.0, 12255.0, 12255.0, 12255.0, 12255.0, 12255.0, 12255.0, 12255.0, 12255.0, 12255.0, 12257.0, 12257.0, 12258.0, 12259.0, 12260.0, 12261.0, 12262.0, 12263.0]
Generation 10 population print time: 
[12254.0, 12254.0, 12255.0, 12255.0, 12255.0, 12255.0, 12255.0, 12255.0, 12255.0, 12255.0, 12256.0, 12256.0, 12256.0, 12256.0, 12257.0, 12258.0, 12258.0, 12260.0, 12261.0, 12262.0]
Generation 11 population print time: 
[12254.0, 12254.0, 12254.0, 12255.0, 12255.0, 12255.0, 12255.0, 12255.0, 12255.0, 12255.0, 12255.0, 12256.0, 12257.0, 12258.0, 12259.0, 12261.0, 12262.0, 12263.0, 12263.0, 12264.0]
Generation 12 population print time: 
[12254.0, 12254.0, 12254.0, 12255.0, 12255.0, 12255.0, 12255.0, 12255.0, 12255.0, 12255.0, 12255.0, 12255.0, 12258.0, 12258.0, 12259.0, 12260.0, 12261.0, 12261.0, 12262.0, 12262.0]
Generation 13 population print time: 
[12253.0, 12253.0, 12254.0, 12254.0, 12254.0, 12254.0, 12254.0, 12255.0, 12255.0, 12255.0, 12255.0, 12255.0, 12255.0, 12255.0, 12256.0, 12257.0, 12258.0, 12261.0, 12262.0, 12264.0]
Generation 14 population print time: 
[12253.0, 12253.0, 12254.0, 12254.0, 12254.0, 12254.0, 12254.0, 12255.0, 12255.0, 12255.0, 12255.0, 12255.0, 12255.0, 12257.0, 12258.0, 12259.0, 12260.0, 12261.0, 12262.0, 12263.0]
Generation 15 population print time: 
[12253.0, 12253.0, 12253.0, 12254.0, 12254.0, 12254.0, 12254.0, 12254.0, 12254.0, 12255.0, 12255.0, 12255.0, 12256.0, 12259.0, 12259.0, 12260.0, 12260.0, 12261.0, 12261.0, 12264.0]
Generation 16 population print time: 
[12253.0, 12253.0, 12253.0, 12253.0, 12253.0, 12253.0, 12253.0, 12254.0, 12254.0, 12254.0, 12254.0, 12254.0, 12254.0, 12256.0, 12257.0, 12258.0, 12258.0, 12260.0, 12261.0, 12262.0]
Generation 17 population print time: 
[12253.0, 12253.0, 12253.0, 12253.0, 12253.0, 12253.0, 12253.0, 12254.0, 12254.0, 12254.0, 12254.0, 12254.0, 12255.0, 12255.0, 12259.0, 12260.0, 12262.0, 12262.0, 12262.0, 12262.0]
Generation 18 population print time: 
[12253.0, 12253.0, 12253.0, 12253.0, 12253.0, 12253.0, 12253.0, 12254.0, 12254.0, 12254.0, 12254.0, 12254.0, 12256.0, 12256.0, 12259.0, 12259.0, 12260.0, 12262.0, 12263.0, 12264.0]
Generation 19 population print time: 
[12253.0, 12253.0, 12253.0, 12253.0, 12253.0, 12253.0, 12253.0, 12253.0, 12253.0, 12253.0, 12254.0, 12254.0, 12258.0, 12259.0, 12260.0, 12260.0, 12261.0, 12261.0, 12263.0, 12264.0]
Generation 20 population print time: 
[12253.0, 12253.0, 12253.0, 12253.0, 12253.0, 12253.0, 12253.0, 12253.0, 12253.0, 12253.0, 12253.0, 12254.0, 12256.0, 12257.0, 12257.0, 12260.0, 12261.0, 12262.0, 12262.0, 12262.0]
Generation 21 population print time: 
[12253.0, 12253.0, 12253.0, 12253.0, 12253.0, 12253.0, 12253.0, 12253.0, 12253.0, 12253.0, 12253.0, 12253.0, 12256.0, 12256.0, 12257.0, 12257.0, 12258.0, 12260.0, 12261.0, 12262.0]
