Original population configuration: 
[(array([[ 5,  8],
       [ 5,  0],
       [10,  8],
       [11,  2]]), array([3, 2, 3, 2]), 14744.0), (array([[ 3,  7],
       [12,  5],
       [ 9,  4],
       [14,  8]]), array([2, 1, 3, 3]), 14745.0), (array([[ 4,  2],
       [10,  1],
       [ 1,  9],
       [ 7,  9]]), array([2, 3, 1, 0]), 15117.0), (array([[ 5,  1],
       [ 8,  4],
       [ 6,  8],
       [13,  9]]), array([2, 2, 2, 1]), 15132.0), (array([[10,  2],
       [ 2,  9],
       [ 2,  2],
       [13,  9]]), array([0, 1, 3, 1]), 15137.0), (array([[ 4,  3],
       [ 1,  9],
       [14,  8],
       [13,  5]]), array([0, 2, 3, 1]), 15144.0), (array([[ 0,  6],
       [ 7,  7],
       [ 4,  2],
       [12,  0]]), array([1, 2, 2, 2]), 15439.0), (array([[ 4,  8],
       [ 2,  4],
       [11,  8],
       [10,  8]]), array([2, 2, 1, 3]), 15450.0), (array([[ 5,  8],
       [ 1,  4],
       [13,  8],
       [ 4,  3]]), array([3, 2, 1, 0]), 15455.0), (array([[ 4,  9],
       [11,  5],
       [ 3,  4],
       [12,  1]]), array([2, 2, 3, 3]), 15605.0)]
Generation 1 population configuration: 
[(array([[8, 0],
       [2, 4],
       [8, 3],
       [7, 9]]), array([2, 2, 2, 1]), 13922.0), (array([[ 5,  8],
       [ 5,  0],
       [10,  8],
       [11,  2]]), array([3, 2, 3, 2]), 14744.0), (array([[ 3.,  8.],
       [ 5.,  0.],
       [10.,  8.],
       [11.,  2.]]), array([3, 2, 3, 2]), 14744.0), (array([[ 5.,  8.],
       [ 5.,  0.],
       [10.,  8.],
       [11.,  2.]]), array([3, 2, 3, 2]), 14744.0), (array([[ 3,  7],
       [12,  5],
       [ 9,  4],
       [14,  8]]), array([2, 1, 3, 3]), 14745.0), (array([[ 4.,  2.],
       [10.,  1.],
       [ 1.,  9.],
       [ 7.,  8.]]), array([2, 3, 1, 0]), 15128.0), (array([[ 5.,  1.],
       [ 8.,  4.],
       [ 6.,  8.],
       [13.,  9.]]), array([2, 2, 2, 1]), 15132.0), (array([[ 0.,  6.],
       [ 7.,  7.],
       [ 5.,  2.],
       [12.,  0.]]), array([1, 2, 2, 2]), 15439.0), (array([[10,  3],
       [14,  6],
       [ 3,  8],
       [ 1,  3]]), array([0, 3, 2, 2]), 15600.0), (array([[ 3.,  7.],
       [12.,  5.],
       [10.,  8.],
       [11.,  2.]]), array([2, 2, 3, 2]), 15601.0)]
Generation 2 population configuration: 
[(array([[ 5,  8],
       [ 5,  0],
       [10,  8],
       [11,  2]]), array([3, 2, 3, 2]), 14744.0), (array([[ 5.,  8.],
       [ 5.,  0.],
       [10.,  8.],
       [12.,  2.]]), array([3, 2, 3, 2]), 14744.0), (array([[ 3,  7],
       [12,  5],
       [ 9,  4],
       [14,  8]]), array([2, 1, 3, 3]), 14745.0), (array([[12,  8],
       [15,  1],
       [ 5, 10],
       [10,  2]]), array([1, 3, 1, 0]), 14749.0), (array([[ 4.,  2.],
       [10.,  1.],
       [ 1.,  9.],
       [ 7.,  9.]]), array([2, 3, 1, 0]), 15117.0), (array([[ 4.,  1.],
       [ 8.,  4.],
       [ 6.,  8.],
       [13.,  9.]]), array([2, 2, 2, 1]), 15132.0), (array([[ 4.,  3.],
       [ 1.,  9.],
       [14.,  8.],
       [13.,  5.]]), array([0, 2, 3, 1]), 15144.0), (array([[ 8,  3],
       [ 7,  9],
       [12,  8],
       [ 4,  4]]), array([2, 2, 0, 0]), 15447.0), (array([[ 4.,  1.],
       [10.,  1.],
       [ 6.,  8.],
       [13.,  9.]]), array([2, 3, 2, 1]), 15459.0), (array([[ 5.,  8.],
       [ 5.,  0.],
       [10.,  8.],
       [10.,  2.]]), array([3, 2, 3, 2]), 15598.0)]
Generation 3 population configuration: 
[(array([[ 5,  8],
       [ 5,  0],
       [10,  8],
       [11,  2]]), array([3, 2, 3, 2]), 14744.0), (array([[ 5.,  8.],
       [ 5.,  0.],
       [10.,  8.],
       [11.,  1.]]), array([3, 2, 3, 2]), 14744.0), (array([[ 3,  7],
       [12,  5],
       [ 9,  4],
       [14,  8]]), array([2, 1, 3, 3]), 14745.0), (array([[ 3.,  7.],
       [12.,  5.],
       [ 9.,  4.],
       [14.,  8.]]), array([2, 1, 3, 3]), 14745.0), (array([[ 3.,  7.],
       [12.,  4.],
       [ 9.,  4.],
       [14.,  8.]]), array([2, 1, 3, 3]), 14745.0), (array([[5., 1.],
       [8., 4.],
       [1., 9.],
       [7., 9.]]), array([2, 2, 1, 0]), 15120.0), (array([[ 4.,  3.],
       [ 1.,  9.],
       [14.,  8.],
       [13.,  5.]]), array([0, 2, 3, 1]), 15144.0), (array([[ 2,  6],
       [ 7,  5],
       [ 9,  5],
       [13,  9]]), array([2, 0, 1, 0]), 15445.0), (array([[ 5.,  8.],
       [ 5.,  0.],
       [ 9.,  8.],
       [11.,  2.]]), array([3, 2, 3, 3]), 15597.0), (array([[ 9, 10],
       [13,  4],
       [ 9,  5],
       [ 4,  5]]), array([0, 1, 2, 2]), 15603.0)]
Generation 4 population configuration: 
[(array([[ 5,  8],
       [ 5,  0],
       [10,  8],
       [11,  2]]), array([3, 2, 3, 2]), 14744.0), (array([[ 3,  7],
       [12,  5],
       [ 9,  4],
       [14,  8]]), array([2, 1, 3, 3]), 14745.0), (array([[ 5,  6],
       [11,  0],
       [ 4,  6],
       [10,  9]]), array([1, 2, 3, 2]), 14747.0), (array([[ 4.,  2.],
       [10.,  1.],
       [ 1.,  9.],
       [ 7.,  9.]]), array([2, 3, 1, 0]), 15117.0), (array([[ 4.,  2.],
       [10.,  1.],
       [ 1.,  9.],
       [ 7.,  9.]]), array([2, 3, 1, 1]), 15127.0), (array([[ 4.,  2.],
       [10.,  1.],
       [ 6.,  8.],
       [13.,  9.]]), array([2, 2, 2, 1]), 15132.0), (array([[10.,  2.],
       [ 2.,  9.],
       [ 2.,  2.],
       [13.,  9.]]), array([0, 1, 3, 1]), 15137.0), (array([[ 4.,  8.],
       [ 2.,  4.],
       [11.,  8.],
       [13.,  5.]]), array([2, 2, 3, 1]), 15451.0), (array([[ 5.,  1.],
       [ 8.,  4.],
       [ 7.,  8.],
       [13.,  9.]]), array([2, 2, 2, 1]), 15455.0), (array([[ 6,  5],
       [11,  8],
       [ 9,  3],
       [ 2,  9]]), array([2, 1, 1, 1]), 15594.0)]
Generation 5 population configuration: 
[(array([[ 5,  8],
       [ 5,  0],
       [10,  8],
       [11,  2]]), array([3, 2, 3, 2]), 14744.0), (array([[ 3,  7],
       [12,  5],
       [ 9,  4],
       [14,  8]]), array([2, 1, 3, 3]), 14745.0), (array([[ 4.,  8.],
       [ 2.,  4.],
       [11.,  8.],
       [11.,  2.]]), array([2, 2, 1, 2]), 14752.0), (array([[ 4.,  2.],
       [10.,  1.],
       [ 1.,  9.],
       [ 7.,  9.]]), array([2, 3, 1, 1]), 15127.0), (array([[ 4.,  3.],
       [ 1.,  9.],
       [14.,  8.],
       [11.,  2.]]), array([0, 2, 3, 2]), 15129.0), (array([[ 1, 10],
       [ 2,  3],
       [ 9,  5],
       [14, 10]]), array([1, 3, 1, 0]), 15129.0), (array([[ 0.,  6.],
       [ 7.,  7.],
       [ 4.,  2.],
       [12.,  0.]]), array([1, 3, 2, 2]), 15439.0), (array([[ 4.,  8.],
       [ 2.,  4.],
       [11.,  8.],
       [10.,  8.]]), array([2, 2, 1, 3]), 15450.0), (array([[ 5.,  1.],
       [ 8.,  4.],
       [ 6.,  8.],
       [14.,  8.]]), array([2, 2, 3, 3]), 15594.0), (array([[ 9,  4],
       [ 2,  7],
       [12,  8],
       [ 1,  4]]), array([0, 2, 3, 2]), 15594.0)]
Generation 6 population configuration: 
[(array([[ 5,  8],
       [ 5,  0],
       [10,  8],
       [11,  2]]), array([3, 2, 3, 2]), 14744.0), (array([[ 3,  7],
       [12,  5],
       [ 9,  4],
       [14,  8]]), array([2, 1, 3, 3]), 14745.0), (array([[ 5.,  8.],
       [ 5.,  0.],
       [10.,  8.],
       [11.,  5.]]), array([3, 2, 3, 1]), 15131.0), (array([[ 5.,  1.],
       [ 8.,  4.],
       [ 6.,  8.],
       [13.,  9.]]), array([2, 2, 2, 1]), 15132.0), (array([[ 4.,  2.],
       [10.,  1.],
       [ 1.,  9.],
       [ 7.,  9.]]), array([2, 2, 1, 0]), 15436.0), (array([[ 0.,  6.],
       [ 7.,  7.],
       [ 4.,  2.],
       [12.,  0.]]), array([1, 2, 2, 2]), 15439.0), (array([[ 6,  3],
       [12,  4],
       [13,  9],
       [ 6,  9]]), array([2, 1, 0, 1]), 15441.0), (array([[ 8,  9],
       [11,  9],
       [ 8,  3],
       [ 6,  5]]), array([1, 1, 0, 3]), 15450.0), (array([[10.,  2.],
       [ 2.,  9.],
       [ 9.,  4.],
       [13.,  8.]]), array([0, 1, 3, 3]), 15598.0), (array([[ 3.,  7.],
       [12.,  5.],
       [10.,  8.],
       [11.,  2.]]), array([2, 2, 3, 2]), 15601.0)]
Generation 7 population configuration: 
[(array([[ 5,  8],
       [ 5,  0],
       [10,  8],
       [11,  2]]), array([3, 2, 3, 2]), 14744.0), (array([[ 4.,  8.],
       [ 5.,  0.],
       [10.,  8.],
       [11.,  2.]]), array([3, 2, 3, 2]), 14744.0), (array([[10,  9],
       [13,  4],
       [ 9,  3],
       [ 6,  7]]), array([1, 1, 1, 2]), 14744.0), (array([[ 3,  7],
       [12,  5],
       [ 9,  4],
       [14,  8]]), array([2, 1, 3, 3]), 14745.0), (array([[ 3.,  7.],
       [12.,  5.],
       [ 9.,  4.],
       [14.,  8.]]), array([3, 1, 3, 3]), 14746.0), (array([[ 4.,  2.],
       [10.,  1.],
       [ 1.,  9.],
       [ 7.,  9.]]), array([2, 3, 1, 0]), 15117.0), (array([[ 4.,  2.],
       [10.,  1.],
       [ 1.,  9.],
       [13.,  9.]]), array([2, 3, 1, 1]), 15139.0), (array([[ 5.,  8.],
       [ 1.,  9.],
       [14.,  8.],
       [13.,  5.]]), array([0, 2, 3, 0]), 15139.0), (array([[ 0.,  6.],
       [ 8.,  4.],
       [ 6.,  8.],
       [13.,  9.]]), array([1, 2, 2, 1]), 15456.0), (array([[15,  2],
       [11,  9],
       [ 0, 10],
       [ 5,  9]]), array([3, 1, 1, 1]), 15460.0)]
Generation 8 population configuration: 
[(array([[ 3.,  7.],
       [ 5.,  1.],
       [10.,  8.],
       [11.,  2.]]), array([3, 2, 3, 2]), 14742.0), (array([[ 5,  8],
       [ 5,  0],
       [10,  8],
       [11,  2]]), array([3, 2, 3, 2]), 14744.0), (array([[ 3,  7],
       [12,  5],
       [ 9,  4],
       [14,  8]]), array([2, 1, 3, 3]), 14745.0), (array([[ 3.,  7.],
       [12.,  5.],
       [ 9.,  4.],
       [14.,  8.]]), array([2, 1, 3, 3]), 14745.0), (array([[ 4.,  2.],
       [10.,  1.],
       [ 2.,  9.],
       [ 7.,  9.]]), array([2, 3, 1, 1]), 15127.0), (array([[14,  4],
       [ 1,  4],
       [ 8,  7],
       [12,  9]]), array([0, 2, 2, 1]), 15130.0), (array([[ 5.,  1.],
       [ 8.,  4.],
       [ 6.,  8.],
       [13.,  9.]]), array([2, 2, 2, 1]), 15132.0), (array([[ 5, 10],
       [ 1,  8],
       [10,  9],
       [10,  3]]), array([1, 2, 1, 0]), 15132.0), (array([[ 4.,  8.],
       [ 3.,  4.],
       [14.,  8.],
       [13.,  5.]]), array([2, 2, 3, 1]), 15443.0), (array([[ 4.,  3.],
       [10.,  1.],
       [ 1.,  9.],
       [ 7.,  9.]]), array([2, 3, 1, 2]), 15594.0)]
Generation 9 population configuration: 
[(array([[ 5.,  7.],
       [ 5.,  0.],
       [10.,  8.],
       [11.,  2.]]), array([3, 2, 3, 2]), 14742.0), (array([[ 7,  7],
       [10,  4],
       [ 7,  1],
       [ 1,  5]]), array([2, 2, 3, 1]), 14742.0), (array([[ 5,  8],
       [ 5,  0],
       [10,  8],
       [11,  2]]), array([3, 2, 3, 2]), 14744.0), (array([[ 4.,  8.],
       [ 5.,  0.],
       [10.,  8.],
       [11.,  2.]]), array([3, 2, 3, 2]), 14744.0), (array([[ 3,  7],
       [12,  5],
       [ 9,  4],
       [14,  8]]), array([2, 1, 3, 3]), 14745.0), (array([[ 0.,  6.],
       [ 5.,  0.],
       [10.,  8.],
       [10.,  2.]]), array([1, 2, 3, 2]), 14745.0), (array([[ 4.,  3.],
       [10.,  1.],
       [ 1.,  9.],
       [ 7.,  9.]]), array([2, 3, 1, 0]), 15117.0), (array([[ 5.,  8.],
       [12.,  5.],
       [ 9.,  4.],
       [14.,  8.]]), array([2, 1, 3, 3]), 15128.0), (array([[13,  8],
       [ 4, 10],
       [11,  1],
       [ 4,  5]]), array([0, 0, 2, 1]), 15439.0), (array([[ 4.,  8.],
       [ 2.,  4.],
       [11.,  8.],
       [10.,  8.]]), array([2, 2, 1, 3]), 15450.0)]
Generation 10 population configuration: 
[(array([[ 5,  8],
       [ 5,  0],
       [10,  8],
       [11,  2]]), array([3, 2, 3, 2]), 14744.0), (array([[ 5.,  8.],
       [ 5.,  0.],
       [10.,  8.],
       [11.,  0.]]), array([3, 2, 3, 2]), 14744.0), (array([[ 3,  7],
       [12,  5],
       [ 9,  4],
       [14,  8]]), array([2, 1, 3, 3]), 14745.0), (array([[ 2,  8],
       [ 4,  3],
       [10,  6],
       [13,  5]]), array([1, 1, 2, 0]), 15126.0), (array([[12,  1],
       [ 6,  0],
       [10,  7],
       [12,  9]]), array([3, 2, 3, 1]), 15136.0), (array([[10.,  2.],
       [ 2.,  9.],
       [ 2.,  2.],
       [13.,  9.]]), array([0, 1, 3, 1]), 15137.0), (array([[10.,  2.],
       [ 2.,  9.],
       [ 2.,  2.],
       [13.,  9.]]), array([0, 1, 3, 1]), 15137.0), (array([[10.,  2.],
       [ 2.,  9.],
       [ 2.,  2.],
       [13.,  9.]]), array([0, 1, 3, 1]), 15137.0), (array([[ 4.,  8.],
       [ 2.,  4.],
       [11.,  8.],
       [10.,  8.]]), array([2, 2, 1, 3]), 15450.0), (array([[ 4.,  8.],
       [ 2.,  3.],
       [11.,  8.],
       [10.,  8.]]), array([2, 2, 1, 3]), 15450.0)]
Generation 11 population configuration: 
[(array([[ 5,  8],
       [ 5,  0],
       [10,  8],
       [11,  2]]), array([3, 2, 3, 2]), 14744.0), (array([[ 3,  7],
       [12,  5],
       [ 9,  4],
       [14,  8]]), array([2, 1, 3, 3]), 14745.0), (array([[ 4.,  8.],
       [12.,  4.],
       [ 9.,  4.],
       [14.,  8.]]), array([2, 1, 3, 3]), 15128.0), (array([[ 5.,  1.],
       [ 8.,  4.],
       [ 6.,  8.],
       [13.,  9.]]), array([2, 2, 2, 1]), 15132.0), (array([[ 4.,  3.],
       [ 1.,  9.],
       [14.,  8.],
       [13.,  5.]]), array([0, 2, 3, 0]), 15140.0), (array([[ 4, 10],
       [11,  0],
       [ 9,  9],
       [ 4,  3]]), array([0, 2, 0, 3]), 15441.0), (array([[ 4.,  8.],
       [ 2.,  4.],
       [10.,  8.],
       [11.,  2.]]), array([2, 2, 3, 2]), 15442.0), (array([[ 4.,  9.],
       [ 2.,  4.],
       [11.,  8.],
       [10.,  8.]]), array([2, 2, 1, 3]), 15450.0), (array([[ 4.,  8.],
       [ 2.,  4.],
       [12.,  8.],
       [10.,  8.]]), array([2, 2, 1, 3]), 15452.0), (array([[13,  7],
       [ 2,  9],
       [ 9,  8],
       [ 7,  7]]), array([1, 1, 2, 3]), 15456.0)]
Generation 12 population configuration: 
[(array([[10,  4],
       [12,  9],
       [ 2,  4],
       [ 7,  4]]), array([1, 0, 1, 1]), 14741.0), (array([[ 5,  8],
       [ 5,  0],
       [10,  8],
       [11,  2]]), array([3, 2, 3, 2]), 14744.0), (array([[ 3,  7],
       [12,  5],
       [ 9,  4],
       [14,  8]]), array([2, 1, 3, 3]), 14745.0), (array([[ 4.,  2.],
       [10.,  1.],
       [ 1.,  9.],
       [ 7.,  9.]]), array([2, 3, 1, 0]), 15117.0), (array([[ 4.,  2.],
       [10.,  1.],
       [ 2.,  9.],
       [ 7.,  9.]]), array([2, 3, 1, 1]), 15127.0), (array([[10.,  2.],
       [ 2.,  9.],
       [ 2.,  2.],
       [13.,  9.]]), array([0, 1, 3, 1]), 15137.0), (array([[ 9,  0],
       [12,  9],
       [ 8,  9],
       [ 1,  8]]), array([2, 2, 1, 2]), 15442.0), (array([[ 0.,  6.],
       [ 7.,  9.],
       [14.,  8.],
       [13.,  5.]]), array([1, 1, 3, 1]), 15443.0), (array([[ 4.,  8.],
       [ 2.,  4.],
       [11.,  8.],
       [10.,  8.]]), array([2, 2, 1, 3]), 15450.0), (array([[ 4.,  8.],
       [ 2.,  3.],
       [11.,  8.],
       [10.,  8.]]), array([2, 2, 1, 3]), 15450.0)]
Generation 13 population configuration: 
[(array([[ 6,  5],
       [ 3,  8],
       [ 8,  8],
       [12,  4]]), array([1, 1, 2, 3]), 14743.0), (array([[ 5,  8],
       [ 5,  0],
       [10,  8],
       [11,  2]]), array([3, 2, 3, 2]), 14744.0), (array([[ 3,  7],
       [12,  5],
       [ 9,  4],
       [14,  8]]), array([2, 1, 3, 3]), 14745.0), (array([[10.,  2.],
       [ 2.,  9.],
       [ 2.,  2.],
       [10.,  8.]]), array([0, 1, 2, 3]), 14892.0), (array([[ 4.,  2.],
       [10.,  1.],
       [ 1.,  9.],
       [ 7.,  9.]]), array([3, 3, 1, 0]), 15119.0), (array([[ 5.,  1.],
       [ 8.,  4.],
       [ 6.,  8.],
       [13.,  9.]]), array([2, 2, 2, 1]), 15132.0), (array([[ 5.,  1.],
       [ 8.,  4.],
       [ 6.,  8.],
       [13., 10.]]), array([2, 2, 2, 1]), 15134.0), (array([[10.,  2.],
       [ 2.,  9.],
       [ 2.,  2.],
       [13.,  8.]]), array([0, 1, 3, 0]), 15135.0), (array([[10.,  2.],
       [ 8.,  4.],
       [ 6.,  7.],
       [13.,  9.]]), array([0, 2, 2, 1]), 15135.0), (array([[13,  9],
       [ 2,  4],
       [ 6,  4],
       [10,  6]]), array([1, 3, 1, 1]), 15450.0)]
Generation 14 population configuration: 
[(array([[ 5,  8],
       [ 5,  0],
       [10,  8],
       [11,  2]]), array([3, 2, 3, 2]), 14744.0), (array([[ 3,  7],
       [12,  5],
       [ 9,  4],
       [14,  8]]), array([2, 1, 3, 3]), 14745.0), (array([[12,  2],
       [ 6,  6],
       [ 5,  5],
       [ 9, 10]]), array([3, 1, 3, 1]), 15126.0), (array([[10.,  2.],
       [ 2.,  9.],
       [ 2.,  2.],
       [13.,  9.]]), array([0, 1, 3, 1]), 15137.0), (array([[ 4.,  3.],
       [ 1.,  9.],
       [15.,  8.],
       [13.,  5.]]), array([0, 2, 3, 0]), 15141.0), (array([[ 4.,  2.],
       [10.,  1.],
       [ 1.,  9.],
       [ 7.,  9.]]), array([2, 2, 1, 0]), 15436.0), (array([[ 0.,  6.],
       [ 7.,  7.],
       [14.,  8.],
       [13.,  5.]]), array([1, 2, 3, 1]), 15443.0), (array([[ 4.,  1.],
       [10.,  1.],
       [ 2.,  2.],
       [13.,  9.]]), array([2, 3, 3, 1]), 15461.0), (array([[9, 6],
       [3, 8],
       [8, 0],
       [2, 3]]), array([3, 3, 2, 2]), 15596.0), (array([[ 5.,  8.],
       [ 5.,  0.],
       [ 9.,  4.],
       [14.,  8.]]), array([3, 2, 3, 3]), 15598.0)]
Generation 15 population configuration: 
[(array([[ 5,  8],
       [ 5,  0],
       [10,  8],
       [11,  2]]), array([3, 2, 3, 2]), 14744.0), (array([[ 3,  7],
       [12,  5],
       [ 9,  4],
       [14,  8]]), array([2, 1, 3, 3]), 14745.0), (array([[ 4.,  2.],
       [10.,  1.],
       [ 1.,  9.],
       [ 7.,  9.]]), array([2, 3, 1, 0]), 15117.0), (array([[ 0,  8],
       [ 9, 10],
       [ 7,  3],
       [ 9,  4]]), array([1, 1, 0, 1]), 15128.0), (array([[ 9, 10],
       [ 3,  9],
       [ 3,  4],
       [13,  2]]), array([1, 2, 2, 0]), 15128.0), (array([[ 4.,  2.],
       [10.,  1.],
       [ 1.,  9.],
       [13.,  9.]]), array([2, 2, 2, 1]), 15136.0), (array([[ 0.,  6.],
       [ 7.,  9.],
       [14.,  8.],
       [13.,  5.]]), array([1, 2, 3, 1]), 15443.0), (array([[ 4.,  3.],
       [ 2.,  4.],
       [11.,  8.],
       [10.,  8.]]), array([0, 2, 1, 3]), 15445.0), (array([[ 4.,  8.],
       [ 2.,  4.],
       [ 9.,  4.],
       [14.,  8.]]), array([3, 2, 3, 3]), 15598.0), (array([[ 4.,  2.],
       [10.,  1.],
       [ 1.,  9.],
       [11.,  8.]]), array([2, 3, 1, 3]), 15599.0)]
Generation 16 population configuration: 
[(array([[ 5,  8],
       [ 5,  0],
       [10,  8],
       [11,  2]]), array([3, 2, 3, 2]), 14744.0), (array([[ 3,  7],
       [12,  5],
       [ 9,  4],
       [14,  8]]), array([2, 1, 3, 3]), 14745.0), (array([[11,  1],
       [ 3,  9],
       [ 7,  5],
       [ 3,  5]]), array([3, 1, 2, 0]), 15120.0), (array([[12,  9],
       [ 6,  4],
       [ 1,  2],
       [ 3, 10]]), array([1, 1, 2, 1]), 15130.0), (array([[10.,  2.],
       [ 2.,  9.],
       [ 2.,  2.],
       [13.,  9.]]), array([0, 1, 2, 1]), 15133.0), (array([[ 4.,  3.],
       [ 1.,  9.],
       [14.,  8.],
       [13.,  5.]]), array([0, 2, 3, 1]), 15144.0), (array([[ 4.,  3.],
       [ 1.,  9.],
       [14.,  8.],
       [13.,  5.]]), array([0, 2, 3, 1]), 15144.0), (array([[ 4.,  3.],
       [ 1.,  9.],
       [14.,  8.],
       [13.,  5.]]), array([0, 2, 3, 1]), 15144.0), (array([[ 4.,  8.],
       [ 2.,  4.],
       [11.,  8.],
       [11.,  2.]]), array([2, 2, 3, 3]), 15595.0), (array([[ 5.,  1.],
       [ 8.,  4.],
       [ 6.,  8.],
       [13.,  8.]]), array([2, 2, 2, 3]), 15597.0)]
Generation 17 population configuration: 
[(array([[ 5,  8],
       [ 5,  0],
       [10,  8],
       [11,  2]]), array([3, 2, 3, 2]), 14744.0), (array([[ 5.,  8.],
       [ 5.,  0.],
       [10.,  8.],
       [11.,  2.]]), array([3, 2, 3, 2]), 14744.0), (array([[ 3,  7],
       [12,  5],
       [ 9,  4],
       [14,  8]]), array([2, 1, 3, 3]), 14745.0), (array([[ 4.,  2.],
       [10.,  1.],
       [ 1.,  9.],
       [ 7.,  9.]]), array([2, 3, 1, 1]), 15127.0), (array([[ 3.,  8.],
       [12.,  5.],
       [ 9.,  4.],
       [14.,  8.]]), array([2, 1, 3, 3]), 15128.0), (array([[ 5.,  1.],
       [ 7.,  9.],
       [14.,  8.],
       [13.,  5.]]), array([2, 2, 3, 1]), 15130.0), (array([[ 7,  9],
       [11,  7],
       [ 3,  4],
       [ 9,  1]]), array([1, 1, 0, 2]), 15130.0), (array([[10.,  2.],
       [ 2.,  9.],
       [ 2.,  2.],
       [13.,  9.]]), array([0, 1, 3, 1]), 15137.0), (array([[ 8,  7],
       [ 3,  9],
       [11,  4],
       [ 5,  1]]), array([3, 1, 1, 2]), 15447.0), (array([[ 5.,  1.],
       [ 8.,  4.],
       [ 6.,  9.],
       [13.,  9.]]), array([2, 2, 2, 1]), 15455.0)]
Generation 18 population configuration: 
[(array([[ 5,  8],
       [ 5,  0],
       [10,  8],
       [11,  2]]), array([3, 2, 3, 2]), 14744.0), (array([[ 3,  7],
       [12,  5],
       [ 9,  4],
       [14,  8]]), array([2, 1, 3, 3]), 14745.0), (array([[ 2.,  7.],
       [12.,  5.],
       [ 9.,  4.],
       [14.,  8.]]), array([2, 1, 3, 3]), 14745.0), (array([[ 4.,  2.],
       [10.,  1.],
       [ 1.,  9.],
       [ 7.,  9.]]), array([2, 3, 1, 0]), 15117.0), (array([[ 5.,  1.],
       [ 8.,  4.],
       [ 6.,  8.],
       [13.,  5.]]), array([2, 2, 2, 1]), 15130.0), (array([[ 6,  3],
       [11,  4],
       [10,  8],
       [13,  9]]), array([3, 0, 0, 1]), 15134.0), (array([[ 0.,  6.],
       [ 7.,  7.],
       [ 4.,  2.],
       [12.,  0.]]), array([1, 2, 2, 2]), 15439.0), (array([[ 4.,  8.],
       [ 2.,  4.],
       [ 9.,  4.],
       [14.,  8.]]), array([2, 1, 3, 3]), 15597.0), (array([[ 4.,  2.],
       [10.,  1.],
       [ 1., 10.],
       [10.,  8.]]), array([2, 3, 1, 3]), 15598.0), (array([[ 0,  8],
       [13,  3],
       [10,  2],
       [ 4,  6]]), array([1, 1, 0, 2]), 15607.0)]
Generation 19 population configuration: 
[(array([[ 4,  6],
       [11,  2],
       [ 4,  9],
       [ 9,  5]]), array([1, 0, 2, 2]), 14742.0), (array([[ 5,  8],
       [ 5,  0],
       [10,  8],
       [11,  2]]), array([3, 2, 3, 2]), 14744.0), (array([[ 3.,  8.],
       [ 5.,  0.],
       [10.,  8.],
       [11.,  1.]]), array([3, 2, 3, 2]), 14744.0), (array([[ 3,  7],
       [12,  5],
       [ 9,  4],
       [14,  8]]), array([2, 1, 3, 3]), 14745.0), (array([[ 5.,  1.],
       [ 8.,  4.],
       [ 6.,  8.],
       [12.,  9.]]), array([2, 2, 2, 1]), 15130.0), (array([[ 4,  8],
       [12,  8],
       [10,  4],
       [10,  7]]), array([0, 1, 0, 3]), 15131.0), (array([[10.,  2.],
       [ 2.,  4.],
       [ 6.,  8.],
       [13.,  9.]]), array([0, 2, 3, 1]), 15139.0), (array([[ 0.,  6.],
       [ 7.,  7.],
       [ 4.,  2.],
       [12.,  0.]]), array([1, 2, 2, 2]), 15439.0), (array([[ 4.,  8.],
       [ 2.,  4.],
       [10.,  8.],
       [11.,  2.]]), array([2, 2, 2, 2]), 15442.0), (array([[ 4.,  3.],
       [ 1.,  4.],
       [11.,  8.],
       [10.,  8.]]), array([0, 2, 1, 3]), 15446.0)]
Generation 20 population configuration: 
[(array([[ 5,  8],
       [ 5,  0],
       [10,  8],
       [11,  2]]), array([3, 2, 3, 2]), 14744.0), (array([[ 3,  7],
       [12,  5],
       [ 9,  4],
       [14,  8]]), array([2, 1, 3, 3]), 14745.0), (array([[ 4.,  2.],
       [10.,  1.],
       [ 1.,  9.],
       [ 7.,  9.]]), array([2, 3, 1, 0]), 15117.0), (array([[ 6,  1],
       [13,  4],
       [ 4,  8],
       [12,  6]]), array([2, 0, 3, 2]), 15132.0), (array([[ 4.,  8.],
       [12.,  5.],
       [ 9.,  3.],
       [14.,  8.]]), array([2, 1, 3, 3]), 15137.0), (array([[10.,  2.],
       [ 2.,  9.],
       [11.,  8.],
       [10.,  8.]]), array([0, 2, 1, 3]), 15137.0), (array([[14,  5],
       [ 9,  2],
       [ 3,  8],
       [11,  8]]), array([0, 3, 3, 2]), 15140.0), (array([[ 4.,  3.],
       [ 1.,  9.],
       [ 6.,  8.],
       [13.,  9.]]), array([0, 2, 2, 1]), 15462.0), (array([[ 4.,  8.],
       [ 2.,  5.],
       [ 9.,  4.],
       [14.,  8.]]), array([2, 1, 3, 3]), 15597.0), (array([[ 5.,  8.],
       [ 5.,  0.],
       [10.,  4.],
       [14.,  8.]]), array([3, 2, 3, 3]), 15598.0)]
Generation 21 population configuration: 
[(array([[ 3.,  7.],
       [ 5.,  0.],
       [10.,  8.],
       [11.,  2.]]), array([3, 2, 3, 2]), 14742.0), (array([[ 5,  8],
       [ 5,  0],
       [10,  8],
       [11,  2]]), array([3, 2, 3, 2]), 14744.0), (array([[ 3,  7],
       [12,  5],
       [ 9,  4],
       [14,  8]]), array([2, 1, 3, 3]), 14745.0), (array([[ 5.,  1.],
       [ 7.,  4.],
       [14.,  8.],
       [13.,  5.]]), array([2, 2, 3, 1]), 15129.0), (array([[ 4.,  8.],
       [ 2.,  4.],
       [12.,  8.],
       [10.,  0.]]), array([2, 2, 1, 2]), 15130.0), (array([[10.,  2.],
       [ 2.,  9.],
       [ 2.,  2.],
       [13.,  9.]]), array([0, 1, 3, 1]), 15137.0), (array([[ 4.,  3.],
       [ 1.,  9.],
       [14.,  8.],
       [13.,  5.]]), array([0, 2, 3, 1]), 15144.0), (array([[ 0.,  6.],
       [ 6.,  7.],
       [ 4.,  2.],
       [12.,  0.]]), array([1, 2, 2, 2]), 15439.0), (array([[ 9,  5],
       [14, 10],
       [ 2,  7],
       [ 2,  4]]), array([2, 0, 2, 1]), 15454.0), (array([[14,  2],
       [ 4,  2],
       [ 7,  7],
       [13,  8]]), array([3, 2, 2, 3]), 15459.0)]
Generation 22 population configuration: 
[(array([[ 5,  8],
       [ 5,  0],
       [10,  8],
       [11,  2]]), array([3, 2, 3, 2]), 14744.0), (array([[ 5.,  8.],
       [ 5.,  0.],
       [10.,  8.],
       [11.,  2.]]), array([3, 2, 3, 2]), 14744.0), (array([[ 3,  7],
       [12,  5],
       [ 9,  4],
       [14,  8]]), array([2, 1, 3, 3]), 14745.0), (array([[ 6,  8],
       [ 9, 11],
       [ 9,  7],
       [ 6,  3]]), array([0, 0, 1, 1]), 15121.0), (array([[10.,  2.],
       [ 8.,  4.],
       [ 6.,  8.],
       [13.,  9.]]), array([0, 2, 2, 1]), 15131.0), (array([[ 4.,  3.],
       [ 1.,  9.],
       [14.,  8.],
       [13.,  5.]]), array([0, 2, 3, 1]), 15144.0), (array([[ 0.,  6.],
       [ 7.,  7.],
       [ 4.,  2.],
       [12.,  0.]]), array([1, 2, 2, 2]), 15439.0), (array([[ 3.,  7.],
       [ 1.,  9.],
       [14.,  8.],
       [13.,  5.]]), array([0, 2, 3, 1]), 15442.0), (array([[ 4.,  8.],
       [ 2.,  4.],
       [11.,  8.],
       [10.,  7.]]), array([2, 2, 1, 3]), 15455.0), (array([[ 8,  5],
       [14,  3],
       [ 6,  3],
       [ 1,  7]]), array([1, 0, 3, 2]), 15457.0)]
Generation 23 population configuration: 
[(array([[ 5,  8],
       [ 5,  0],
       [10,  8],
       [11,  2]]), array([3, 2, 3, 2]), 14744.0), (array([[ 5.,  8.],
       [ 5.,  0.],
       [10.,  8.],
       [11.,  3.]]), array([3, 2, 3, 2]), 14744.0), (array([[ 3,  7],
       [12,  5],
       [ 9,  4],
       [14,  8]]), array([2, 1, 3, 3]), 14745.0), (array([[ 6, 11],
       [ 0,  5],
       [ 6,  5],
       [10,  5]]), array([0, 1, 0, 2]), 15116.0), (array([[ 4.,  2.],
       [10.,  1.],
       [ 1.,  9.],
       [ 7.,  9.]]), array([2, 3, 1, 0]), 15117.0), (array([[ 4.,  3.],
       [ 1.,  9.],
       [14.,  8.],
       [13.,  5.]]), array([0, 2, 3, 1]), 15144.0), (array([[ 4.,  3.],
       [ 1.,  9.],
       [14.,  8.],
       [13.,  5.]]), array([3, 2, 3, 1]), 15145.0), (array([[ 3.,  7.],
       [ 1.,  9.],
       [14.,  8.],
       [13.,  5.]]), array([0, 2, 3, 1]), 15442.0), (array([[ 3.,  8.],
       [ 2.,  4.],
       [11.,  8.],
       [10.,  8.]]), array([2, 2, 1, 3]), 15451.0), (array([[11,  3],
       [ 9,  8],
       [ 7,  1],
       [13, 10]]), array([3, 2, 3, 1]), 15454.0)]
Generation 24 population configuration: 
[(array([[ 1, 10],
       [ 9, 10],
       [ 4,  2],
       [ 7,  5]]), array([1, 0, 3, 2]), 14622.0), (array([[ 5,  8],
       [ 5,  0],
       [10,  8],
       [11,  2]]), array([3, 2, 3, 2]), 14744.0), (array([[ 5.,  8.],
       [ 5.,  0.],
       [10.,  8.],
       [11.,  2.]]), array([0, 2, 3, 3]), 14744.0), (array([[ 3,  7],
       [12,  5],
       [ 9,  4],
       [14,  8]]), array([2, 1, 3, 3]), 14745.0), (array([[ 2,  9],
       [ 8,  3],
       [ 8, 10],
       [12,  7]]), array([1, 1, 0, 0]), 15119.0), (array([[10.,  2.],
       [ 2.,  9.],
       [ 2.,  2.],
       [13.,  9.]]), array([0, 1, 3, 1]), 15137.0), (array([[ 0.,  6.],
       [ 7.,  7.],
       [ 4.,  2.],
       [12.,  0.]]), array([1, 2, 2, 2]), 15439.0), (array([[ 0.,  6.],
       [ 7.,  4.],
       [11.,  8.],
       [ 9.,  8.]]), array([1, 2, 1, 3]), 15445.0), (array([[ 0.,  6.],
       [12.,  5.],
       [ 9.,  4.],
       [14.,  8.]]), array([1, 1, 3, 3]), 15445.0), (array([[ 4.,  7.],
       [ 2.,  4.],
       [11.,  8.],
       [10.,  8.]]), array([2, 2, 1, 3]), 15448.0)]
Generation 25 population configuration: 
[(array([[ 5,  8],
       [ 5,  0],
       [10,  8],
       [11,  2]]), array([3, 2, 3, 2]), 14744.0), (array([[ 3,  7],
       [12,  5],
       [ 9,  4],
       [14,  8]]), array([2, 1, 3, 3]), 14745.0), (array([[ 9, 11],
       [10,  8],
       [ 9,  5],
       [ 2,  9]]), array([0, 0, 0, 2]), 14895.0), (array([[ 4.,  2.],
       [10.,  1.],
       [ 1.,  9.],
       [ 7.,  9.]]), array([2, 3, 1, 0]), 15117.0), (array([[ 4.,  2.],
       [10.,  1.],
       [ 6.,  8.],
       [13.,  9.]]), array([2, 2, 2, 1]), 15132.0), (array([[11.,  2.],
       [ 2.,  9.],
       [ 2.,  2.],
       [13.,  9.]]), array([0, 1, 3, 1]), 15137.0), (array([[10.,  2.],
       [ 2.,  9.],
       [ 2.,  2.],
       [13.,  9.]]), array([0, 1, 3, 1]), 15137.0), (array([[ 5.,  1.],
       [ 8.,  5.],
       [ 6.,  8.],
       [13.,  9.]]), array([2, 2, 3, 1]), 15138.0), (array([[10.,  2.],
       [ 2.,  9.],
       [14.,  8.],
       [13.,  5.]]), array([0, 2, 3, 1]), 15140.0), (array([[ 0,  6],
       [ 3,  8],
       [13,  5],
       [10,  7]]), array([1, 2, 1, 3]), 15451.0)]
Generation 26 population configuration: 
[(array([[ 5,  8],
       [ 5,  0],
       [10,  8],
       [11,  2]]), array([3, 2, 3, 2]), 14744.0), (array([[ 3,  7],
       [12,  5],
       [ 9,  4],
       [14,  8]]), array([2, 1, 3, 3]), 14745.0), (array([[ 4.,  2.],
       [10.,  1.],
       [ 1.,  9.],
       [ 7.,  9.]]), array([2, 3, 1, 0]), 15117.0), (array([[ 5,  9],
       [ 7,  3],
       [11,  8],
       [12,  2]]), array([2, 3, 3, 2]), 15126.0), (array([[15,  7],
       [ 7,  7],
       [12,  2],
       [ 1,  2]]), array([3, 2, 2, 2]), 15127.0), (array([[10.,  2.],
       [ 9.,  4.],
       [ 6.,  8.],
       [13.,  9.]]), array([0, 2, 2, 1]), 15131.0), (array([[10.,  1.],
       [ 8.,  4.],
       [ 6.,  8.],
       [13.,  9.]]), array([2, 2, 2, 1]), 15132.0), (array([[10.,  2.],
       [ 2.,  9.],
       [ 2.,  2.],
       [13.,  9.]]), array([0, 1, 3, 1]), 15137.0), (array([[ 0.,  6.],
       [ 7.,  7.],
       [ 4.,  2.],
       [12.,  0.]]), array([1, 2, 2, 2]), 15439.0), (array([[ 4.,  3.],
       [ 2.,  9.],
       [11.,  8.],
       [10.,  8.]]), array([0, 2, 1, 3]), 15451.0)]
Generation 27 population configuration: 
[(array([[ 5,  8],
       [ 5,  0],
       [10,  8],
       [11,  2]]), array([3, 2, 3, 2]), 14744.0), (array([[ 3,  7],
       [12,  5],
       [ 9,  4],
       [14,  8]]), array([2, 1, 3, 3]), 14745.0), (array([[14,  6],
       [12,  2],
       [ 3,  8],
       [ 7,  6]]), array([3, 2, 0, 1]), 14746.0), (array([[10,  2],
       [ 1,  4],
       [ 8,  8],
       [ 2, 10]]), array([3, 2, 2, 1]), 14896.0), (array([[ 4.,  2.],
       [10.,  1.],
       [14.,  8.],
       [13.,  5.]]), array([2, 3, 3, 1]), 15133.0), (array([[ 5.,  1.],
       [ 8.,  4.],
       [ 6.,  8.],
       [13.,  5.]]), array([2, 2, 3, 1]), 15136.0), (array([[ 0.,  6.],
       [ 7.,  7.],
       [ 4.,  2.],
       [12.,  0.]]), array([1, 3, 2, 2]), 15439.0), (array([[ 3.,  7.],
       [ 2.,  4.],
       [11.,  7.],
       [10.,  8.]]), array([2, 2, 1, 3]), 15446.0), (array([[ 4.,  8.],
       [ 2.,  4.],
       [11.,  8.],
       [10.,  8.]]), array([2, 2, 1, 3]), 15450.0), (array([[ 4.,  8.],
       [ 2.,  4.],
       [11.,  8.],
       [13.,  5.]]), array([2, 1, 3, 1]), 15457.0)]
Generation 28 population configuration: 
[(array([[ 5,  8],
       [ 5,  0],
       [10,  8],
       [11,  2]]), array([3, 2, 3, 2]), 14744.0), (array([[ 5.,  8.],
       [ 5.,  0.],
       [10.,  8.],
       [11.,  2.]]), array([3, 2, 3, 2]), 14744.0), (array([[ 3,  7],
       [12,  5],
       [ 9,  4],
       [14,  8]]), array([2, 1, 3, 3]), 14745.0), (array([[ 3.,  7.],
       [12.,  5.],
       [ 9.,  4.],
       [14.,  8.]]), array([2, 1, 3, 3]), 14745.0), (array([[ 4.,  2.],
       [10.,  1.],
       [ 1.,  9.],
       [ 7.,  9.]]), array([2, 3, 1, 0]), 15117.0), (array([[10,  2],
       [10,  7],
       [ 4,  6],
       [ 3,  2]]), array([0, 2, 1, 3]), 15124.0), (array([[ 4.,  3.],
       [ 1.,  9.],
       [14.,  8.],
       [11.,  2.]]), array([0, 2, 3, 2]), 15129.0), (array([[10.,  2.],
       [ 2.,  9.],
       [ 2.,  2.],
       [13.,  9.]]), array([0, 1, 3, 1]), 15137.0), (array([[13,  8],
       [ 2,  4],
       [10,  2],
       [ 7,  2]]), array([1, 1, 2, 3]), 15451.0), (array([[ 4.,  2.],
       [10.,  1.],
       [ 1.,  8.],
       [ 7.,  9.]]), array([2, 3, 1, 0]), 15458.0)]
Generation 29 population configuration: 
[(array([[ 5,  8],
       [ 5,  0],
       [10,  8],
       [11,  2]]), array([3, 2, 3, 2]), 14744.0), (array([[ 3,  7],
       [12,  5],
       [ 9,  4],
       [14,  8]]), array([2, 1, 3, 3]), 14745.0), (array([[ 1,  9],
       [ 2,  1],
       [ 5,  8],
       [13,  3]]), array([1, 2, 1, 3]), 14892.0), (array([[10,  3],
       [ 1, 10],
       [ 4, 10],
       [ 2,  3]]), array([2, 1, 1, 2]), 14897.0), (array([[ 4.,  2.],
       [10.,  1.],
       [ 1.,  9.],
       [12.,  0.]]), array([2, 3, 2, 2]), 15128.0), (array([[10.,  2.],
       [ 2.,  9.],
       [ 2.,  2.],
       [13.,  9.]]), array([0, 1, 3, 1]), 15137.0), (array([[ 4.,  3.],
       [ 1.,  9.],
       [14.,  8.],
       [13.,  5.]]), array([0, 2, 3, 1]), 15144.0), (array([[ 4.,  3.],
       [ 1.,  9.],
       [14.,  8.],
       [10.,  8.]]), array([0, 2, 3, 3]), 15444.0), (array([[ 0.,  7.],
       [ 7.,  7.],
       [ 4.,  2.],
       [12.,  9.]]), array([1, 2, 2, 1]), 15454.0), (array([[ 5.,  1.],
       [ 8.,  4.],
       [ 6.,  8.],
       [13.,  8.]]), array([2, 2, 2, 3]), 15597.0)]
Generation 30 population configuration: 
[(array([[ 5,  8],
       [ 5,  0],
       [10,  8],
       [11,  2]]), array([3, 2, 3, 2]), 14744.0), (array([[ 3,  7],
       [12,  5],
       [ 9,  4],
       [14,  8]]), array([2, 1, 3, 3]), 14745.0), (array([[ 4.,  2.],
       [10.,  1.],
       [ 1.,  9.],
       [ 7.,  9.]]), array([2, 3, 1, 0]), 15117.0), (array([[ 4.,  2.],
       [10.,  1.],
       [ 1.,  9.],
       [10.,  8.]]), array([2, 3, 1, 0]), 15119.0), (array([[13,  1],
       [ 5,  5],
       [ 1,  5],
       [11,  8]]), array([3, 1, 2, 2]), 15119.0), (array([[ 3,  9],
       [ 0,  6],
       [ 6,  3],
       [ 9, 10]]), array([1, 1, 1, 1]), 15127.0), (array([[10.,  2.],
       [ 2.,  4.],
       [11.,  8.],
       [10.,  8.]]), array([2, 2, 1, 3]), 15129.0), (array([[ 4.,  3.],
       [ 1.,  9.],
       [14.,  8.],
       [13.,  5.]]), array([0, 2, 3, 1]), 15144.0), (array([[ 4.,  8.],
       [ 2.,  4.],
       [11.,  8.],
       [10.,  8.]]), array([2, 2, 1, 3]), 15450.0), (array([[ 5.,  8.],
       [ 5.,  0.],
       [ 9.,  4.],
       [14.,  8.]]), array([3, 2, 3, 3]), 15598.0)]
Generation 31 population configuration: 
[(array([[ 5,  8],
       [ 5,  0],
       [10,  8],
       [11,  2]]), array([3, 2, 3, 2]), 14744.0), (array([[ 3,  7],
       [12,  5],
       [ 9,  4],
       [14,  8]]), array([2, 1, 3, 3]), 14745.0), (array([[ 4.,  2.],
       [10.,  1.],
       [ 1.,  9.],
       [ 7., 10.]]), array([2, 3, 1, 0]), 15118.0), (array([[10.,  2.],
       [ 2.,  9.],
       [ 6.,  9.],
       [13.,  9.]]), array([0, 1, 2, 1]), 15132.0), (array([[ 5.,  1.],
       [ 8.,  4.],
       [ 6.,  8.],
       [13., 10.]]), array([2, 2, 2, 1]), 15134.0), (array([[13,  5],
       [11,  1],
       [ 6,  9],
       [ 8,  2]]), array([1, 3, 1, 3]), 15136.0), (array([[ 3.,  3.],
       [ 1.,  9.],
       [14.,  8.],
       [13.,  5.]]), array([0, 2, 3, 1]), 15145.0), (array([[ 0.,  6.],
       [ 7.,  7.],
       [ 4.,  2.],
       [12.,  0.]]), array([1, 2, 2, 2]), 15439.0), (array([[13,  5],
       [11,  2],
       [ 2,  4],
       [ 7,  3]]), array([1, 0, 2, 2]), 15595.0), (array([[ 5.,  8.],
       [ 5.,  0.],
       [10.,  4.],
       [14.,  8.]]), array([3, 2, 3, 3]), 15598.0)]
Generation 32 population configuration: 
[(array([[ 5,  8],
       [ 5,  0],
       [10,  8],
       [11,  2]]), array([3, 2, 3, 2]), 14744.0), (array([[ 3,  7],
       [12,  5],
       [ 9,  4],
       [14,  8]]), array([2, 1, 3, 3]), 14745.0), (array([[ 3.,  7.],
       [12.,  5.],
       [ 9.,  4.],
       [14.,  8.]]), array([2, 1, 3, 3]), 14745.0), (array([[ 5.,  8.],
       [ 5.,  0.],
       [10.,  8.],
       [11.,  2.]]), array([3, 2, 2, 2]), 14748.0), (array([[2, 8],
       [8, 9],
       [2, 6],
       [6, 6]]), array([2, 2, 1, 1]), 14891.0), (array([[ 5.,  1.],
       [ 8.,  4.],
       [ 6.,  8.],
       [13.,  9.]]), array([2, 2, 2, 1]), 15132.0), (array([[ 4.,  2.],
       [10.,  1.],
       [ 1.,  8.],
       [13.,  9.]]), array([2, 3, 2, 1]), 15137.0), (array([[ 4.,  4.],
       [ 1.,  9.],
       [14.,  8.],
       [13.,  5.]]), array([0, 2, 3, 1]), 15141.0), (array([[ 2,  8],
       [ 4,  2],
       [ 8,  7],
       [10,  6]]), array([3, 3, 3, 2]), 15598.0), (array([[ 4.,  8.],
       [ 8.,  4.],
       [ 6.,  8.],
       [13.,  9.]]), array([3, 2, 2, 1]), 15601.0)]
Generation 33 population configuration: 
[(array([[ 5,  8],
       [ 5,  0],
       [10,  8],
       [11,  2]]), array([3, 2, 3, 2]), 14744.0), (array([[ 5.,  8.],
       [ 5.,  0.],
       [10.,  8.],
       [11.,  1.]]), array([3, 2, 3, 2]), 14744.0), (array([[ 3,  7],
       [12,  5],
       [ 9,  4],
       [14,  8]]), array([2, 1, 3, 3]), 14745.0), (array([[ 3.,  7.],
       [12.,  4.],
       [ 9.,  4.],
       [14.,  8.]]), array([2, 1, 3, 3]), 14745.0), (array([[ 8, 10],
       [ 7,  4],
       [ 4, 10],
       [ 3,  4]]), array([1, 1, 1, 2]), 15124.0), (array([[11,  8],
       [14,  3],
       [ 6,  4],
       [ 4,  3]]), array([3, 0, 2, 0]), 15127.0), (array([[ 5.,  1.],
       [ 8.,  4.],
       [ 6.,  8.],
       [13.,  9.]]), array([2, 2, 2, 1]), 15132.0), (array([[ 4.,  4.],
       [ 1.,  9.],
       [14.,  8.],
       [13.,  5.]]), array([0, 2, 3, 1]), 15141.0), (array([[ 4.,  2.],
       [10.,  1.],
       [ 1.,  9.],
       [13.,  5.]]), array([2, 3, 1, 1]), 15594.0), (array([[ 4.,  1.],
       [10.,  1.],
       [ 1.,  9.],
       [10.,  8.]]), array([2, 3, 1, 3]), 15598.0)]
Generation 34 population configuration: 
[(array([[ 5,  8],
       [ 5,  0],
       [10,  8],
       [11,  2]]), array([3, 2, 3, 2]), 14744.0), (array([[ 5.,  8.],
       [ 5.,  0.],
       [10.,  8.],
       [11.,  2.]]), array([3, 2, 3, 2]), 14744.0), (array([[ 3,  7],
       [12,  5],
       [ 9,  4],
       [14,  8]]), array([2, 1, 3, 3]), 14745.0), (array([[ 4.,  2.],
       [10.,  2.],
       [ 1.,  9.],
       [ 7.,  9.]]), array([2, 3, 1, 0]), 15117.0), (array([[14,  2],
       [ 6,  9],
       [ 1,  8],
       [ 9,  7]]), array([3, 2, 2, 0]), 15122.0), (array([[10.,  2.],
       [ 2.,  9.],
       [ 2.,  2.],
       [13.,  9.]]), array([0, 1, 3, 1]), 15137.0), (array([[11,  5],
       [ 1,  9],
       [ 6,  4],
       [13,  9]]), array([0, 2, 3, 1]), 15138.0), (array([[ 4.,  8.],
       [ 2.,  5.],
       [ 4.,  2.],
       [12.,  0.]]), array([2, 2, 2, 2]), 15439.0), (array([[ 4.,  8.],
       [ 2.,  4.],
       [11.,  8.],
       [13.,  5.]]), array([2, 2, 3, 1]), 15451.0), (array([[ 4.,  8.],
       [ 2.,  4.],
       [11.,  8.],
       [13.,  5.]]), array([2, 2, 3, 1]), 15451.0)]
Generation 35 population configuration: 
[(array([[ 1,  6],
       [ 7,  5],
       [10,  4],
       [ 7,  7]]), array([2, 1, 1, 2]), 14743.0), (array([[ 5,  8],
       [ 5,  0],
       [10,  8],
       [11,  2]]), array([3, 2, 3, 2]), 14744.0), (array([[ 3,  7],
       [12,  5],
       [ 9,  4],
       [14,  8]]), array([2, 1, 3, 3]), 14745.0), (array([[ 0.,  6.],
       [13.,  5.],
       [ 9.,  4.],
       [14.,  8.]]), array([1, 1, 3, 3]), 14747.0), (array([[ 9,  8],
       [13,  6],
       [ 0,  7],
       [ 6,  6]]), array([3, 0, 1, 0]), 15130.0), (array([[ 3.,  7.],
       [12.,  5.],
       [ 9.,  4.],
       [14.,  8.]]), array([2, 1, 0, 3]), 15131.0), (array([[ 4.,  3.],
       [ 1.,  9.],
       [14.,  8.],
       [13.,  5.]]), array([0, 2, 3, 1]), 15144.0), (array([[ 4.,  8.],
       [ 2.,  4.],
       [11.,  8.],
       [10.,  8.]]), array([2, 2, 1, 3]), 15450.0), (array([[ 4.,  8.],
       [ 2.,  4.],
       [11.,  8.],
       [10.,  8.]]), array([2, 2, 1, 3]), 15450.0), (array([[ 5.,  1.],
       [ 8.,  4.],
       [ 7.,  8.],
       [13.,  9.]]), array([2, 2, 2, 1]), 15455.0)]
Generation 36 population configuration: 
[(array([[ 5,  8],
       [ 5,  0],
       [10,  8],
       [11,  2]]), array([3, 2, 3, 2]), 14744.0), (array([[ 3,  7],
       [12,  5],
       [ 9,  4],
       [14,  8]]), array([2, 1, 3, 3]), 14745.0), (array([[ 3.,  7.],
       [12.,  5.],
       [ 9.,  4.],
       [14.,  8.]]), array([2, 1, 3, 3]), 14745.0), (array([[ 4.,  1.],
       [ 8.,  4.],
       [ 6.,  8.],
       [12.,  9.]]), array([2, 2, 2, 1]), 15130.0), (array([[ 5.,  1.],
       [ 8.,  4.],
       [ 6.,  8.],
       [13.,  9.]]), array([2, 2, 2, 1]), 15132.0), (array([[ 5.,  1.],
       [ 8.,  4.],
       [ 5.,  8.],
       [13.,  9.]]), array([2, 2, 2, 1]), 15133.0), (array([[10.,  2.],
       [ 2.,  9.],
       [ 2.,  2.],
       [13.,  9.]]), array([0, 1, 3, 1]), 15137.0), (array([[ 4.,  8.],
       [ 3.,  4.],
       [11.,  8.],
       [10.,  8.]]), array([2, 2, 1, 3]), 15451.0), (array([[ 2,  5],
       [14,  3],
       [ 4,  6],
       [11,  6]]), array([3, 0, 2, 2]), 15457.0), (array([[12,  1],
       [ 7,  8],
       [ 4,  3],
       [12,  6]]), array([3, 3, 1, 3]), 15594.0)]
