Original population configuration: 
[(array([[ 7,  4],
       [11,  4],
       [ 3,  6],
       [ 4,  9]]), array([1, 1, 0, 1]), 12256.0), (array([[ 2,  9],
       [ 4,  3],
       [10,  2],
       [14,  4]]), array([1, 3, 3, 0]), 12257.0), (array([[ 7,  1],
       [13,  2],
       [ 7,  8],
       [ 1,  8]]), array([2, 2, 1, 1]), 12257.0), (array([[ 4,  2],
       [ 7,  4],
       [ 9,  8],
       [ 2, 10]]), array([2, 1, 3, 1]), 12257.0), (array([[ 3,  8],
       [ 1,  3],
       [ 8,  2],
       [14,  4]]), array([2, 1, 2, 0]), 12257.0), (array([[13,  4],
       [ 8,  5],
       [ 8,  1],
       [ 0,  7]]), array([2, 2, 3, 1]), 12258.0), (array([[13,  5],
       [ 7,  4],
       [ 4,  4],
       [ 3,  8]]), array([2, 2, 0, 3]), 12259.0), (array([[ 8,  2],
       [11,  7],
       [ 2,  5],
       [ 5, 10]]), array([2, 2, 0, 1]), 12259.0), (array([[ 5,  7],
       [ 3,  7],
       [12,  4],
       [15,  6]]), array([2, 3, 0, 3]), 12260.0), (array([[ 4,  8],
       [ 2,  4],
       [ 7,  3],
       [12,  7]]), array([2, 1, 2, 2]), 12260.0), (array([[ 2,  6],
       [ 8,  9],
       [10,  1],
       [12,  9]]), array([0, 3, 3, 3]), 12260.0), (array([[ 1,  7],
       [ 9,  8],
       [10,  5],
       [12,  7]]), array([1, 3, 0, 1]), 12260.0), (array([[10,  5],
       [13,  7],
       [ 3,  7],
       [ 3,  1]]), array([1, 2, 1, 2]), 12261.0), (array([[13,  7],
       [ 7,  7],
       [ 9,  2],
       [ 6,  3]]), array([2, 2, 1, 0]), 12261.0), (array([[ 9,  3],
       [13,  0],
       [ 9, 10],
       [ 0,  5]]), array([2, 2, 1, 1]), 12261.0), (array([[10,  4],
       [ 5,  2],
       [14,  8],
       [ 6, 10]]), array([0, 3, 0, 0]), 12261.0), (array([[ 1,  9],
       [ 7,  3],
       [13,  9],
       [13,  7]]), array([1, 1, 3, 0]), 12262.0), (array([[ 2,  8],
       [ 2,  6],
       [10, 10],
       [10,  4]]), array([2, 1, 1, 1]), 12262.0), (array([[10,  1],
       [12,  6],
       [ 3,  5],
       [13,  9]]), array([3, 1, 2, 3]), 12262.0), (array([[14,  3],
       [13, 10],
       [ 5,  5],
       [ 5, 10]]), array([3, 0, 0, 1]), 12263.0)]
Generation 1 population configuration: 
[(array([[ 7,  4],
       [11,  4],
       [ 3,  6],
       [ 4,  9]]), array([1, 1, 0, 1]), 12256.0), (array([[ 7.,  4.],
       [11.,  4.],
       [ 3.,  6.],
       [ 4.,  9.]]), array([1, 1, 0, 1]), 12256.0), (array([[ 7.,  4.],
       [11.,  4.],
       [ 3.,  6.],
       [ 4.,  9.]]), array([1, 1, 3, 1]), 12256.0), (array([[ 1,  6],
       [ 6,  7],
       [ 5,  2],
       [10,  3]]), array([1, 2, 1, 2]), 12256.0), (array([[ 2,  9],
       [ 4,  3],
       [10,  2],
       [14,  4]]), array([1, 3, 3, 0]), 12257.0), (array([[11,  6],
       [ 6,  2],
       [ 3,  9],
       [ 2,  3]]), array([2, 1, 1, 1]), 12258.0), (array([[ 8.,  2.],
       [11.,  7.],
       [ 2.,  5.],
       [ 5., 10.]]), array([2, 1, 0, 1]), 12259.0), (array([[13.,  5.],
       [ 7.,  4.],
       [ 4.,  4.],
       [ 3.,  8.]]), array([2, 2, 0, 3]), 12259.0), (array([[ 5.,  7.],
       [ 3.,  7.],
       [12.,  4.],
       [15.,  6.]]), array([2, 3, 0, 3]), 12260.0), (array([[ 1.,  7.],
       [ 9.,  8.],
       [10.,  5.],
       [12.,  7.]]), array([1, 3, 0, 1]), 12260.0), (array([[ 5.,  7.],
       [ 3.,  7.],
       [11.,  4.],
       [15.,  6.]]), array([2, 3, 0, 3]), 12260.0), (array([[ 2.,  6.],
       [ 8.,  9.],
       [10.,  2.],
       [12.,  9.]]), array([0, 3, 3, 3]), 12260.0), (array([[ 7, 10],
       [ 8,  6],
       [14,  8],
       [ 7,  2]]), array([1, 1, 0, 3]), 12261.0), (array([[10,  5],
       [ 7,  4],
       [10,  9],
       [ 0,  8]]), array([1, 2, 1, 1]), 12261.0), (array([[12,  2],
       [ 8,  2],
       [12,  9],
       [ 3,  5]]), array([1, 2, 0, 1]), 12261.0), (array([[ 9.,  3.],
       [12.,  6.],
       [ 3.,  5.],
       [13.,  9.]]), array([2, 1, 2, 3]), 12262.0), (array([[ 1.,  9.],
       [ 7.,  3.],
       [13.,  9.],
       [13.,  7.]]), array([1, 1, 3, 0]), 12262.0), (array([[ 9,  9],
       [ 9,  6],
       [14,  9],
       [ 4,  4]]), array([3, 1, 3, 2]), 12262.0), (array([[ 4,  2],
       [ 8,  2],
       [ 5,  8],
       [14,  9]]), array([1, 1, 0, 3]), 12262.0), (array([[14, 10],
       [11,  4],
       [ 7,  5],
       [ 1,  1]]), array([0, 1, 1, 2]), 12263.0)]
Generation 2 population configuration: 
[(array([[ 7,  4],
       [11,  4],
       [ 3,  6],
       [ 4,  9]]), array([1, 1, 0, 1]), 12256.0), (array([[ 7.,  4.],
       [11.,  4.],
       [ 3.,  6.],
       [ 4.,  9.]]), array([1, 1, 0, 1]), 12256.0), (array([[ 7.,  4.],
       [11.,  4.],
       [ 3.,  6.],
       [ 4.,  9.]]), array([1, 1, 3, 1]), 12256.0), (array([[ 1,  6],
       [ 6,  7],
       [ 5,  2],
       [10,  3]]), array([1, 2, 1, 2]), 12256.0), (array([[ 7.,  4.],
       [11.,  4.],
       [ 3.,  6.],
       [ 4.,  9.]]), array([1, 1, 0, 1]), 12256.0), (array([[ 7.,  4.],
       [11.,  4.],
       [ 3.,  6.],
       [ 4.,  9.]]), array([1, 1, 3, 1]), 12256.0), (array([[ 7.,  4.],
       [11.,  4.],
       [ 3.,  6.],
       [ 4.,  9.]]), array([1, 1, 0, 1]), 12256.0), (array([[ 2,  9],
       [ 4,  3],
       [10,  2],
       [14,  4]]), array([1, 3, 3, 0]), 12257.0), (array([[ 2.,  9.],
       [ 4.,  2.],
       [10.,  2.],
       [14.,  4.]]), array([1, 3, 3, 0]), 12257.0), (array([[ 4, 10],
       [ 8,  9],
       [ 7,  2],
       [10,  3]]), array([0, 0, 2, 1]), 12257.0), (array([[7, 9],
       [6, 7],
       [5, 3],
       [1, 4]]), array([1, 3, 1, 1]), 12257.0), (array([[11,  6],
       [ 6,  2],
       [ 3,  9],
       [ 2,  3]]), array([2, 1, 1, 1]), 12258.0), (array([[11.,  6.],
       [ 6.,  2.],
       [ 3.,  9.],
       [ 2.,  3.]]), array([2, 1, 1, 1]), 12258.0), (array([[ 9,  2],
       [13,  6],
       [ 4,  8],
       [ 2,  6]]), array([3, 3, 2, 1]), 12258.0), (array([[ 8.,  2.],
       [11.,  7.],
       [ 2.,  5.],
       [ 5., 10.]]), array([2, 1, 0, 1]), 12259.0), (array([[13.,  5.],
       [ 7.,  4.],
       [ 4.,  4.],
       [ 3.,  8.]]), array([2, 2, 0, 3]), 12259.0), (array([[ 9, 10],
       [ 7,  5],
       [ 3,  9],
       [12,  2]]), array([0, 1, 1, 2]), 12259.0), (array([[ 6,  8],
       [11,  7],
       [ 8,  3],
       [ 4,  2]]), array([1, 1, 3, 3]), 12259.0), (array([[ 5.,  7.],
       [ 3.,  7.],
       [12.,  4.],
       [15.,  6.]]), array([2, 3, 0, 3]), 12260.0), (array([[ 1.,  7.],
       [ 9.,  8.],
       [10.,  5.],
       [12.,  7.]]), array([1, 3, 0, 1]), 12260.0), (array([[ 5.,  7.],
       [ 3.,  7.],
       [11.,  4.],
       [15.,  6.]]), array([2, 3, 0, 3]), 12260.0), (array([[ 2.,  6.],
       [ 8.,  9.],
       [10.,  2.],
       [12.,  9.]]), array([0, 3, 3, 3]), 12260.0), (array([[ 5.,  7.],
       [ 3.,  7.],
       [11.,  4.],
       [15.,  6.]]), array([2, 3, 0, 3]), 12260.0), (array([[ 7, 10],
       [ 8,  6],
       [14,  8],
       [ 7,  2]]), array([1, 1, 0, 3]), 12261.0), (array([[10,  5],
       [ 7,  4],
       [10,  9],
       [ 0,  8]]), array([1, 2, 1, 1]), 12261.0), (array([[12,  2],
       [ 8,  2],
       [12,  9],
       [ 3,  5]]), array([1, 2, 0, 1]), 12261.0), (array([[12.,  2.],
       [ 8.,  2.],
       [12.,  9.],
       [ 3.,  5.]]), array([1, 2, 0, 1]), 12261.0), (array([[ 7., 10.],
       [ 8.,  6.],
       [14.,  8.],
       [ 7.,  2.]]), array([1, 1, 0, 3]), 12261.0), (array([[10, 11],
       [13,  5],
       [ 2,  9],
       [ 6,  0]]), array([0, 2, 0, 2]), 12261.0), (array([[ 9.,  3.],
       [12.,  6.],
       [ 3.,  5.],
       [13.,  9.]]), array([2, 1, 2, 3]), 12262.0), (array([[ 1.,  9.],
       [ 7.,  3.],
       [13.,  9.],
       [13.,  7.]]), array([1, 1, 3, 0]), 12262.0), (array([[ 9,  9],
       [ 9,  6],
       [14,  9],
       [ 4,  4]]), array([3, 1, 3, 2]), 12262.0), (array([[ 4,  2],
       [ 8,  2],
       [ 5,  8],
       [14,  9]]), array([1, 1, 0, 3]), 12262.0), (array([[ 1.,  9.],
       [ 7.,  3.],
       [13.,  9.],
       [13.,  7.]]), array([1, 1, 3, 0]), 12262.0), (array([[ 5,  1],
       [ 8,  9],
       [15,  1],
       [13,  7]]), array([2, 1, 3, 2]), 12262.0), (array([[14,  9],
       [ 8,  6],
       [12,  0],
       [ 4,  1]]), array([0, 3, 2, 2]), 12262.0), (array([[14, 10],
       [11,  4],
       [ 7,  5],
       [ 1,  1]]), array([0, 1, 1, 2]), 12263.0), (array([[14., 10.],
       [11.,  4.],
       [ 7.,  5.],
       [ 1.,  1.]]), array([0, 1, 0, 2]), 12263.0)]
