Original population configuration: 
[(array([[11,  6],
       [ 7, 10],
       [ 4,  2],
       [ 3,  7]]), array([0, 1, 1, 3]), 9106.0), (array([[14, 11],
       [ 3,  8],
       [ 3,  1],
       [ 0,  6]]), array([0, 1, 2, 1]), 9107.0), (array([[14,  5],
       [ 6,  6],
       [ 1,  7],
       [ 1,  2]]), array([0, 2, 2, 1]), 9113.0), (array([[12,  5],
       [ 9,  7],
       [ 7,  1],
       [ 1,  3]]), array([0, 3, 3, 1]), 11515.0), (array([[ 9,  8],
       [11,  3],
       [ 3,  6],
       [ 3,  2]]), array([0, 1, 2, 1]), 14070.0), (array([[ 7,  2],
       [ 5,  2],
       [13,  3],
       [ 6,  9]]), array([2, 3, 2, 1]), 14370.0), (array([[ 2,  3],
       [ 1,  6],
       [11,  4],
       [12,  3]]), array([1, 2, 3, 1]), 17759.0), (array([[ 1,  2],
       [ 6,  1],
       [13,  4],
       [14, 10]]), array([2, 2, 0, 3]), 17759.0), (array([[ 4,  9],
       [ 6, 10],
       [13,  5],
       [12,  2]]), array([0, 1, 2, 1]), 17766.0), (array([[ 2,  0],
       [ 7,  3],
       [ 1,  9],
       [12,  6]]), array([2, 1, 1, 1]), 18039.0), (array([[ 8, 10],
       [ 5, 11],
       [13,  4],
       [ 3,  2]]), array([1, 0, 0, 2]), 18451.0), (array([[12,  3],
       [ 7,  5],
       [ 6,  4],
       [ 0,  8]]), array([2, 2, 0, 1]), 18508.0), (array([[14,  8],
       [ 5,  5],
       [ 2,  8],
       [ 2,  3]]), array([3, 2, 0, 0]), 18513.0), (array([[12,  2],
       [10,  4],
       [ 5,  7],
       [ 0,  3]]), array([2, 3, 3, 1]), 18515.0), (array([[ 1,  3],
       [ 3,  9],
       [ 8,  1],
       [13,  6]]), array([1, 0, 2, 0]), 18756.0), (array([[ 1,  4],
       [ 4,  9],
       [ 7,  3],
       [13,  8]]), array([1, 1, 1, 1]), 18757.0), (array([[ 3,  3],
       [ 9,  6],
       [ 0,  9],
       [11,  3]]), array([1, 3, 1, 0]), 21326.0), (array([[7, 4],
       [3, 4],
       [3, 8],
       [0, 6]]), array([1, 0, 2, 1]), 22881.0), (array([[9, 3],
       [6, 2],
       [9, 9],
       [2, 9]]), array([1, 3, 0, 2]), 22883.0), (array([[10, 10],
       [ 5,  8],
       [14,  4],
       [ 6,  2]]), array([1, 3, 0, 1]), 22889.0)]
Generation 1 population configuration: 
[(array([[11,  6],
       [ 7, 10],
       [ 4,  2],
       [ 3,  7]]), array([0, 1, 1, 3]), 9106.0), (array([[11.,  6.],
       [ 7., 10.],
       [ 4.,  2.],
       [ 3.,  7.]]), array([0, 1, 1, 3]), 9106.0), (array([[14, 11],
       [ 3,  8],
       [ 3,  1],
       [ 0,  6]]), array([0, 1, 2, 1]), 9107.0), (array([[14,  5],
       [ 6,  6],
       [ 1,  7],
       [ 1,  2]]), array([0, 2, 2, 1]), 9113.0), (array([[14.,  5.],
       [ 6.,  6.],
       [ 1.,  7.],
       [ 1.,  2.]]), array([0, 2, 2, 1]), 9113.0), (array([[14.,  5.],
       [ 6.,  6.],
       [ 1.,  7.],
       [ 1.,  2.]]), array([0, 2, 2, 1]), 9113.0), (array([[14.,  5.],
       [ 6.,  6.],
       [ 1.,  7.],
       [ 1.,  2.]]), array([0, 2, 2, 1]), 9113.0), (array([[14.,  5.],
       [ 6.,  6.],
       [ 1.,  7.],
       [ 1.,  2.]]), array([0, 2, 2, 1]), 9113.0), (array([[14., 11.],
       [ 9.,  7.],
       [ 7.,  1.],
       [ 1.,  3.]]), array([0, 3, 3, 1]), 9116.0), (array([[11,  1],
       [ 5,  5],
       [13,  8],
       [ 2,  1]]), array([2, 2, 3, 3]), 10438.0), (array([[12,  5],
       [ 9,  7],
       [ 7,  1],
       [ 1,  3]]), array([0, 3, 3, 1]), 11515.0), (array([[12.,  5.],
       [ 9.,  7.],
       [ 7.,  1.],
       [ 1.,  3.]]), array([0, 3, 3, 1]), 11515.0), (array([[12.,  5.],
       [ 9.,  7.],
       [ 7.,  1.],
       [ 1.,  3.]]), array([0, 3, 3, 1]), 11515.0), (array([[ 9,  8],
       [11,  3],
       [ 3,  6],
       [ 3,  2]]), array([0, 1, 2, 1]), 14070.0), (array([[ 7,  2],
       [ 5,  2],
       [13,  3],
       [ 6,  9]]), array([2, 3, 2, 1]), 14370.0), (array([[ 3,  8],
       [ 9,  6],
       [ 9,  1],
       [13,  3]]), array([0, 3, 2, 2]), 15113.0), (array([[ 3,  3],
       [ 1,  5],
       [ 6,  5],
       [13,  2]]), array([1, 2, 2, 0]), 17760.0), (array([[ 1,  6],
       [ 8,  6],
       [12,  3],
       [14,  4]]), array([1, 2, 3, 2]), 18647.0), (array([[5, 3],
       [4, 7],
       [1, 2],
       [8, 6]]), array([1, 3, 2, 2]), 21324.0), (array([[3, 5],
       [1, 7],
       [7, 3],
       [9, 7]]), array([0, 2, 1, 1]), 22464.0)]
Generation 2 population configuration: 
[(array([[11,  6],
       [ 7, 10],
       [ 4,  2],
       [ 3,  7]]), array([0, 1, 1, 3]), 9106.0), (array([[11.,  6.],
       [ 7., 10.],
       [ 4.,  2.],
       [ 3.,  7.]]), array([0, 1, 1, 3]), 9106.0), (array([[14, 11],
       [ 3,  8],
       [ 3,  1],
       [ 0,  6]]), array([0, 1, 2, 1]), 9107.0), (array([[14., 11.],
       [ 3.,  8.],
       [ 3.,  1.],
       [ 0.,  6.]]), array([0, 1, 2, 1]), 9107.0), (array([[14,  5],
       [ 6,  6],
       [ 1,  7],
       [ 1,  2]]), array([0, 2, 2, 1]), 9113.0), (array([[14.,  5.],
       [ 6.,  6.],
       [ 1.,  7.],
       [ 1.,  2.]]), array([0, 2, 2, 1]), 9113.0), (array([[14.,  5.],
       [ 6.,  6.],
       [ 1.,  7.],
       [ 1.,  2.]]), array([0, 2, 2, 1]), 9113.0), (array([[14.,  5.],
       [ 6.,  6.],
       [ 1.,  7.],
       [ 1.,  2.]]), array([0, 2, 2, 1]), 9113.0), (array([[14.,  5.],
       [ 6.,  6.],
       [ 1.,  7.],
       [ 1.,  2.]]), array([0, 2, 2, 1]), 9113.0), (array([[14.,  5.],
       [ 6.,  6.],
       [ 1.,  7.],
       [ 1.,  2.]]), array([0, 2, 2, 1]), 9113.0), (array([[14.,  5.],
       [ 6.,  6.],
       [ 1.,  7.],
       [ 1.,  2.]]), array([0, 2, 2, 1]), 9113.0), (array([[14., 11.],
       [ 9.,  7.],
       [ 7.,  1.],
       [ 1.,  3.]]), array([0, 3, 3, 1]), 9116.0), (array([[ 8,  3],
       [ 6,  5],
       [11, 10],
       [ 1,  0]]), array([1, 2, 1, 2]), 10368.0), (array([[11.,  5.],
       [ 6.,  6.],
       [ 1.,  7.],
       [ 1.,  2.]]), array([0, 2, 2, 1]), 11514.0), (array([[ 1,  1],
       [ 5,  6],
       [11,  3],
       [ 8, 10]]), array([2, 1, 1, 1]), 17758.0), (array([[ 9,  2],
       [ 3,  2],
       [ 7,  9],
       [13, 10]]), array([2, 2, 3, 0]), 18378.0), (array([[ 8,  1],
       [11,  4],
       [12,  8],
       [ 2,  8]]), array([3, 1, 1, 1]), 18426.0), (array([[11.,  6.],
       [ 7., 10.],
       [ 4.,  2.],
       [ 1.,  2.]]), array([0, 1, 1, 1]), 18774.0), (array([[ 6,  9],
       [ 5,  4],
       [ 9,  4],
       [12,  2]]), array([1, 3, 0, 2]), 22884.0), (array([[ 9,  3],
       [ 5,  3],
       [12,  6],
       [ 1, 10]]), array([1, 2, 2, 0]), 22885.0)]
Generation 3 population configuration: 
[(array([[11,  6],
       [ 7, 10],
       [ 4,  2],
       [ 3,  7]]), array([0, 1, 1, 3]), 9106.0), (array([[11.,  6.],
       [ 7., 10.],
       [ 4.,  2.],
       [ 3.,  7.]]), array([0, 1, 1, 3]), 9106.0), (array([[11.,  6.],
       [ 7., 10.],
       [ 4.,  2.],
       [ 3.,  7.]]), array([0, 1, 1, 3]), 9106.0), (array([[14, 11],
       [ 3,  8],
       [ 3,  1],
       [ 0,  6]]), array([0, 1, 2, 1]), 9107.0), (array([[14., 11.],
       [ 3.,  8.],
       [ 3.,  1.],
       [ 0.,  6.]]), array([0, 1, 2, 1]), 9107.0), (array([[14., 11.],
       [ 3.,  8.],
       [ 3.,  1.],
       [ 0.,  6.]]), array([0, 1, 2, 1]), 9107.0), (array([[14., 11.],
       [ 3.,  8.],
       [ 3.,  1.],
       [ 0.,  6.]]), array([0, 1, 2, 1]), 9107.0), (array([[14,  5],
       [ 6,  6],
       [ 1,  7],
       [ 1,  2]]), array([0, 2, 2, 1]), 9113.0), (array([[14.,  5.],
       [ 6.,  6.],
       [ 1.,  7.],
       [ 1.,  2.]]), array([0, 2, 2, 1]), 9113.0), (array([[14.,  5.],
       [ 6.,  6.],
       [ 1.,  7.],
       [ 1.,  2.]]), array([0, 2, 2, 1]), 9113.0), (array([[14.,  5.],
       [ 6.,  6.],
       [ 1.,  7.],
       [ 1.,  2.]]), array([0, 2, 2, 1]), 9113.0), (array([[14.,  5.],
       [ 6.,  6.],
       [ 1.,  7.],
       [ 1.,  2.]]), array([0, 2, 2, 1]), 9113.0), (array([[14.,  5.],
       [ 6.,  6.],
       [ 1.,  7.],
       [ 1.,  2.]]), array([0, 2, 2, 1]), 9113.0), (array([[ 3,  3],
       [ 8,  0],
       [ 7,  8],
       [ 4, 10]]), array([2, 2, 1, 1]), 10159.0), (array([[ 8.,  3.],
       [ 6.,  5.],
       [11., 10.],
       [ 1.,  0.]]), array([1, 2, 1, 2]), 10368.0), (array([[ 1,  3],
       [ 5,  6],
       [ 9,  2],
       [10,  8]]), array([1, 3, 2, 3]), 17759.0), (array([[12,  4],
       [ 7,  5],
       [ 2,  5],
       [ 2,  1]]), array([2, 2, 2, 2]), 18509.0), (array([[15,  7],
       [ 7,  4],
       [ 6, 10],
       [ 3,  5]]), array([3, 1, 1, 2]), 18511.0), (array([[ 9,  3],
       [11,  5],
       [ 6,  9],
       [ 4,  9]]), array([3, 2, 1, 2]), 21349.0), (array([[ 7,  9],
       [ 4,  6],
       [11,  3],
       [14,  7]]), array([1, 3, 0, 0]), 22885.0)]
Generation 4 population configuration: 
[(array([[11,  6],
       [ 7, 10],
       [ 4,  2],
       [ 3,  7]]), array([0, 1, 1, 3]), 9106.0), (array([[11.,  6.],
       [ 7., 10.],
       [ 4.,  2.],
       [ 3.,  7.]]), array([0, 1, 1, 3]), 9106.0), (array([[11.,  6.],
       [ 7., 10.],
       [ 4.,  2.],
       [ 3.,  7.]]), array([0, 1, 1, 3]), 9106.0), (array([[11.,  6.],
       [ 7., 10.],
       [ 4.,  2.],
       [ 3.,  7.]]), array([0, 1, 1, 3]), 9106.0), (array([[11.,  6.],
       [ 7., 10.],
       [ 4.,  2.],
       [ 3.,  7.]]), array([0, 1, 1, 1]), 9106.0), (array([[11.,  6.],
       [ 7., 10.],
       [ 4.,  2.],
       [ 3.,  7.]]), array([0, 1, 1, 3]), 9106.0), (array([[14, 11],
       [ 3,  8],
       [ 3,  1],
       [ 0,  6]]), array([0, 1, 2, 1]), 9107.0), (array([[14., 11.],
       [ 3.,  8.],
       [ 3.,  1.],
       [ 0.,  6.]]), array([0, 1, 2, 1]), 9107.0), (array([[14., 11.],
       [ 3.,  8.],
       [ 3.,  1.],
       [ 0.,  6.]]), array([0, 1, 2, 1]), 9107.0), (array([[14., 11.],
       [ 3.,  8.],
       [ 3.,  1.],
       [ 0.,  6.]]), array([0, 1, 2, 1]), 9107.0), (array([[14., 11.],
       [ 3.,  8.],
       [ 3.,  1.],
       [ 0.,  6.]]), array([0, 1, 2, 1]), 9107.0), (array([[14., 11.],
       [ 3.,  8.],
       [ 3.,  1.],
       [ 0.,  6.]]), array([0, 1, 2, 1]), 9107.0), (array([[14.,  5.],
       [ 6.,  6.],
       [ 1.,  7.],
       [ 1.,  2.]]), array([0, 2, 2, 1]), 9113.0), (array([[ 3.,  3.],
       [ 8.,  0.],
       [ 7.,  8.],
       [ 4., 10.]]), array([2, 2, 1, 1]), 10159.0), (array([[ 8,  6],
       [11,  7],
       [ 3,  8],
       [ 2,  4]]), array([0, 1, 2, 2]), 14074.0), (array([[ 5,  4],
       [ 1,  3],
       [11,  8],
       [15,  4]]), array([1, 2, 1, 3]), 17763.0), (array([[ 8,  4],
       [ 6,  5],
       [11,  6],
       [ 5,  8]]), array([1, 0, 2, 1]), 17766.0), (array([[ 7,  3],
       [12,  6],
       [ 8,  9],
       [ 1,  2]]), array([1, 2, 0, 1]), 22380.0), (array([[ 7,  6],
       [ 9,  6],
       [ 7,  1],
       [15,  5]]), array([3, 2, 3, 3]), 22401.0), (array([[ 2,  5],
       [ 8,  7],
       [ 9,  5],
       [11,  1]]), array([2, 2, 1, 1]), 22471.0)]
Generation 5 population configuration: 
[(array([[11,  6],
       [ 7, 10],
       [ 4,  2],
       [ 3,  7]]), array([0, 1, 1, 3]), 9106.0), (array([[11.,  6.],
       [ 7., 10.],
       [ 4.,  2.],
       [ 3.,  7.]]), array([0, 1, 1, 3]), 9106.0), (array([[11.,  6.],
       [ 7., 10.],
       [ 4.,  2.],
       [ 3.,  7.]]), array([0, 1, 1, 3]), 9106.0), (array([[11.,  6.],
       [ 7., 10.],
       [ 4.,  2.],
       [ 3.,  7.]]), array([0, 1, 1, 3]), 9106.0), (array([[11.,  6.],
       [ 7., 10.],
       [ 4.,  2.],
       [ 3.,  7.]]), array([0, 1, 1, 1]), 9106.0), (array([[11.,  6.],
       [ 7., 10.],
       [ 4.,  2.],
       [ 3.,  7.]]), array([0, 1, 1, 3]), 9106.0), (array([[11.,  6.],
       [ 7., 10.],
       [ 4.,  2.],
       [ 3.,  7.]]), array([0, 1, 1, 3]), 9106.0), (array([[11.,  6.],
       [ 7., 10.],
       [ 4.,  2.],
       [ 3.,  7.]]), array([0, 1, 1, 3]), 9106.0), (array([[11.,  6.],
       [ 7., 10.],
       [ 4.,  2.],
       [ 3.,  7.]]), array([0, 1, 1, 3]), 9106.0), (array([[11.,  6.],
       [ 7., 10.],
       [ 4.,  2.],
       [ 3.,  7.]]), array([0, 1, 1, 3]), 9106.0), (array([[14., 11.],
       [ 3.,  8.],
       [ 3.,  1.],
       [ 0.,  6.]]), array([0, 1, 2, 1]), 9107.0), (array([[14., 11.],
       [ 3.,  8.],
       [ 3.,  1.],
       [ 0.,  6.]]), array([0, 1, 2, 1]), 9107.0), (array([[14., 11.],
       [ 3.,  8.],
       [ 3.,  1.],
       [ 0.,  6.]]), array([0, 1, 3, 1]), 9107.0), (array([[14., 11.],
       [ 3.,  8.],
       [ 3.,  1.],
       [ 0.,  6.]]), array([0, 1, 2, 1]), 9107.0), (array([[ 2,  6],
       [ 2,  1],
       [11, 10],
       [12,  2]]), array([2, 2, 0, 0]), 17763.0), (array([[ 2, 10],
       [ 1,  5],
       [11,  4],
       [15,  3]]), array([1, 1, 3, 3]), 17766.0), (array([[ 6,  6],
       [ 6,  3],
       [ 3,  5],
       [13, 10]]), array([2, 1, 0, 1]), 18375.0), (array([[10,  4],
       [ 4,  9],
       [ 3,  8],
       [ 2,  3]]), array([2, 1, 3, 1]), 18512.0), (array([[ 7, 10],
       [10,  4],
       [ 8,  3],
       [ 3,  3]]), array([0, 2, 0, 1]), 21340.0), (array([[ 3, 10],
       [ 8,  7],
       [ 8,  4],
       [ 9,  2]]), array([0, 2, 3, 1]), 21350.0)]
Generation 6 population configuration: 
[(array([[11,  6],
       [ 7, 10],
       [ 4,  2],
       [ 3,  7]]), array([0, 1, 1, 3]), 9106.0), (array([[11.,  6.],
       [ 7., 10.],
       [ 4.,  2.],
       [ 3.,  7.]]), array([0, 1, 1, 3]), 9106.0), (array([[11.,  6.],
       [ 7., 10.],
       [ 4.,  2.],
       [ 3.,  7.]]), array([0, 1, 1, 3]), 9106.0), (array([[11.,  6.],
       [ 7., 10.],
       [ 4.,  2.],
       [ 3.,  7.]]), array([0, 1, 1, 3]), 9106.0), (array([[11.,  6.],
       [ 7., 10.],
       [ 4.,  2.],
       [ 3.,  7.]]), array([0, 1, 1, 1]), 9106.0), (array([[11.,  6.],
       [ 7., 10.],
       [ 4.,  2.],
       [ 3.,  7.]]), array([0, 1, 1, 3]), 9106.0), (array([[11.,  6.],
       [ 7., 10.],
       [ 4.,  2.],
       [ 3.,  7.]]), array([0, 1, 1, 3]), 9106.0), (array([[11.,  6.],
       [ 7., 10.],
       [ 4.,  2.],
       [ 0.,  6.]]), array([0, 1, 1, 1]), 9106.0), (array([[11.,  6.],
       [ 7., 10.],
       [ 4.,  2.],
       [ 3.,  7.]]), array([0, 1, 1, 3]), 9106.0), (array([[11.,  6.],
       [ 7., 10.],
       [ 4.,  2.],
       [ 3.,  7.]]), array([0, 1, 1, 3]), 9106.0), (array([[11.,  6.],
       [ 7., 10.],
       [ 4.,  2.],
       [ 3.,  7.]]), array([0, 1, 1, 3]), 9106.0), (array([[11.,  6.],
       [ 7., 10.],
       [ 4.,  2.],
       [ 3.,  7.]]), array([0, 1, 1, 3]), 9106.0), (array([[14., 11.],
       [ 3.,  8.],
       [ 3.,  1.],
       [ 0.,  6.]]), array([0, 1, 2, 1]), 9107.0), (array([[14., 11.],
       [ 3.,  8.],
       [ 3.,  1.],
       [ 0.,  6.]]), array([0, 1, 2, 1]), 9107.0), (array([[ 2,  3],
       [ 4,  8],
       [11,  4],
       [10,  9]]), array([1, 1, 1, 0]), 17761.0), (array([[ 4,  3],
       [ 3,  5],
       [12,  4],
       [12, 11]]), array([1, 2, 2, 0]), 17761.0), (array([[ 4,  5],
       [ 3,  7],
       [ 7, 10],
       [13,  2]]), array([1, 2, 1, 1]), 17763.0), (array([[ 3, 10],
       [ 3,  5],
       [13,  9],
       [12,  2]]), array([1, 1, 3, 3]), 18031.0), (array([[ 5,  2],
       [ 6,  4],
       [ 4,  8],
       [11,  8]]), array([3, 1, 2, 2]), 18035.0), (array([[ 5, 10],
       [ 1,  7],
       [12,  9],
       [ 2,  1]]), array([1, 2, 1, 1]), 22886.0)]
Generation 7 population configuration: 
[(array([[11,  6],
       [ 7, 10],
       [ 4,  2],
       [ 3,  7]]), array([0, 1, 1, 3]), 9106.0), (array([[11.,  6.],
       [ 7., 10.],
       [ 4.,  2.],
       [ 3.,  7.]]), array([0, 1, 1, 3]), 9106.0), (array([[11.,  6.],
       [ 7., 10.],
       [ 4.,  2.],
       [ 3.,  7.]]), array([0, 1, 1, 3]), 9106.0), (array([[11.,  6.],
       [ 7., 10.],
       [ 4.,  2.],
       [ 3.,  7.]]), array([0, 1, 1, 3]), 9106.0), (array([[11.,  6.],
       [ 7., 10.],
       [ 4.,  2.],
       [ 3.,  7.]]), array([0, 1, 1, 1]), 9106.0), (array([[11.,  6.],
       [ 7., 10.],
       [ 4.,  2.],
       [ 3.,  7.]]), array([0, 1, 1, 3]), 9106.0), (array([[11.,  6.],
       [ 7., 10.],
       [ 4.,  2.],
       [ 3.,  7.]]), array([0, 1, 1, 3]), 9106.0), (array([[11.,  6.],
       [ 7., 10.],
       [ 4.,  2.],
       [ 3.,  7.]]), array([0, 1, 1, 3]), 9106.0), (array([[11.,  6.],
       [ 7., 10.],
       [ 4.,  2.],
       [ 3.,  7.]]), array([0, 1, 1, 3]), 9106.0), (array([[11.,  6.],
       [ 7., 10.],
       [ 4.,  2.],
       [ 3.,  7.]]), array([0, 1, 1, 3]), 9106.0), (array([[11.,  6.],
       [ 7., 10.],
       [ 4.,  2.],
       [ 0.,  6.]]), array([0, 1, 1, 1]), 9106.0), (array([[11.,  6.],
       [ 7., 10.],
       [ 4.,  2.],
       [ 3.,  7.]]), array([0, 1, 1, 3]), 9106.0), (array([[11.,  6.],
       [ 7., 10.],
       [ 4.,  2.],
       [ 3.,  7.]]), array([0, 1, 1, 3]), 9106.0), (array([[14., 11.],
       [ 3.,  8.],
       [ 3.,  1.],
       [ 0.,  6.]]), array([0, 1, 2, 1]), 9107.0), (array([[ 5,  5],
       [ 4,  7],
       [13,  7],
       [12,  0]]), array([0, 2, 2, 2]), 17762.0), (array([[ 5,  4],
       [ 3,  8],
       [ 9,  8],
       [13,  9]]), array([1, 0, 1, 1]), 17763.0), (array([[ 7,  5],
       [ 3,  4],
       [12,  9],
       [ 3, 10]]), array([2, 0, 1, 1]), 18043.0), (array([[13,  7],
       [ 8,  3],
       [ 4,  8],
       [ 4, 10]]), array([3, 1, 0, 1]), 18510.0), (array([[ 9,  8],
       [15,  5],
       [ 1,  8],
       [ 2,  3]]), array([3, 3, 2, 1]), 22396.0), (array([[ 8,  8],
       [ 4,  3],
       [11,  2],
       [ 3,  1]]), array([1, 2, 1, 3]), 22884.0)]
Generation 8 population configuration: 
[(array([[13,  7],
       [ 5,  7],
       [ 4,  2],
       [ 2,  4]]), array([0, 1, 1, 0]), 9102.0), (array([[14,  8],
       [ 4,  7],
       [ 3,  2],
       [ 1,  9]]), array([0, 1, 1, 2]), 9104.0), (array([[11,  6],
       [ 7, 10],
       [ 4,  2],
       [ 3,  7]]), array([0, 1, 1, 3]), 9106.0), (array([[11.,  6.],
       [ 7., 10.],
       [ 4.,  2.],
       [ 3.,  7.]]), array([0, 1, 1, 3]), 9106.0), (array([[11.,  6.],
       [ 7., 10.],
       [ 4.,  2.],
       [ 3.,  7.]]), array([0, 1, 1, 3]), 9106.0), (array([[11.,  6.],
       [ 7., 10.],
       [ 4.,  2.],
       [ 3.,  7.]]), array([0, 1, 1, 3]), 9106.0), (array([[11.,  6.],
       [ 7., 10.],
       [ 4.,  2.],
       [ 3.,  7.]]), array([0, 1, 1, 1]), 9106.0), (array([[11.,  6.],
       [ 7., 10.],
       [ 4.,  2.],
       [ 3.,  7.]]), array([0, 1, 1, 3]), 9106.0), (array([[11.,  6.],
       [ 7., 10.],
       [ 4.,  2.],
       [ 3.,  7.]]), array([0, 1, 1, 3]), 9106.0), (array([[11.,  6.],
       [ 7., 10.],
       [ 4.,  2.],
       [ 3.,  7.]]), array([0, 1, 1, 3]), 9106.0), (array([[11.,  6.],
       [ 7., 10.],
       [ 4.,  2.],
       [ 3.,  7.]]), array([0, 1, 1, 3]), 9106.0), (array([[11.,  6.],
       [ 7., 10.],
       [ 4.,  2.],
       [ 3.,  7.]]), array([0, 1, 1, 3]), 9106.0), (array([[11.,  6.],
       [ 7., 10.],
       [ 4.,  2.],
       [ 3.,  7.]]), array([0, 1, 1, 3]), 9106.0), (array([[11.,  6.],
       [ 7., 10.],
       [ 4.,  2.],
       [ 3.,  7.]]), array([0, 1, 1, 3]), 9106.0), (array([[11.,  6.],
       [ 7., 10.],
       [ 4.,  2.],
       [ 3.,  7.]]), array([0, 1, 1, 3]), 9106.0), (array([[11.,  6.],
       [ 7., 10.],
       [ 4.,  2.],
       [ 3.,  7.]]), array([0, 1, 1, 3]), 9106.0), (array([[11,  6],
       [ 9,  3],
       [ 6, 10],
       [ 2, 10]]), array([2, 1, 1, 1]), 18508.0), (array([[8, 3],
       [6, 6],
       [4, 4],
       [1, 6]]), array([1, 2, 1, 2]), 19116.0), (array([[ 6,  5],
       [ 7, 10],
       [ 5, 11],
       [ 0, 10]]), array([1, 1, 0, 1]), 21329.0), (array([[10,  8],
       [ 6,  5],
       [14,  4],
       [ 4,  0]]), array([1, 2, 0, 2]), 22888.0)]
Generation 9 population configuration: 
[(array([[13,  7],
       [ 5,  7],
       [ 4,  2],
       [ 2,  4]]), array([0, 1, 1, 0]), 9102.0), (array([[14,  8],
       [ 4,  7],
       [ 3,  2],
       [ 1,  9]]), array([0, 1, 1, 2]), 9104.0), (array([[11,  6],
       [ 7, 10],
       [ 4,  2],
       [ 3,  7]]), array([0, 1, 1, 3]), 9106.0), (array([[11.,  6.],
       [ 7., 10.],
       [ 4.,  2.],
       [ 3.,  7.]]), array([0, 1, 1, 3]), 9106.0), (array([[11.,  6.],
       [ 7., 10.],
       [ 4.,  2.],
       [ 3.,  7.]]), array([0, 1, 1, 3]), 9106.0), (array([[11.,  6.],
       [ 7., 10.],
       [ 4.,  2.],
       [ 3.,  7.]]), array([0, 1, 1, 3]), 9106.0), (array([[11.,  6.],
       [ 7., 10.],
       [ 4.,  2.],
       [ 3.,  7.]]), array([0, 1, 1, 3]), 9106.0), (array([[11.,  6.],
       [ 7., 10.],
       [ 4.,  2.],
       [ 3.,  7.]]), array([0, 1, 1, 3]), 9106.0), (array([[11.,  6.],
       [ 7., 10.],
       [ 4.,  2.],
       [ 3.,  7.]]), array([0, 1, 1, 3]), 9106.0), (array([[11.,  6.],
       [ 7., 10.],
       [ 4.,  2.],
       [ 3.,  7.]]), array([0, 1, 1, 3]), 9106.0), (array([[11.,  6.],
       [ 7., 10.],
       [ 4.,  2.],
       [ 3.,  7.]]), array([0, 1, 1, 3]), 9106.0), (array([[11.,  6.],
       [ 7., 10.],
       [ 4.,  2.],
       [ 3.,  7.]]), array([0, 1, 1, 3]), 9106.0), (array([[11.,  6.],
       [ 7., 10.],
       [ 4.,  2.],
       [ 3.,  7.]]), array([0, 1, 1, 3]), 9106.0), (array([[11.,  6.],
       [ 7., 10.],
       [ 4.,  2.],
       [ 3.,  7.]]), array([0, 1, 1, 3]), 9106.0), (array([[3, 3],
       [1, 5],
       [5, 8],
       [9, 6]]), array([1, 2, 1, 1]), 17760.0), (array([[11,  3],
       [ 5,  9],
       [ 1,  3],
       [ 1,  7]]), array([2, 1, 1, 2]), 18503.0), (array([[12,  6],
       [10,  4],
       [ 7,  6],
       [ 5,  3]]), array([2, 0, 2, 0]), 18507.0), (array([[ 7,  1],
       [10,  6],
       [ 6,  9],
       [13,  9]]), array([3, 1, 1, 3]), 18759.0), (array([[ 1, 10],
       [ 9, 10],
       [ 8,  3],
       [12,  5]]), array([1, 1, 2, 0]), 19749.0), (array([[ 3, 10],
       [ 5,  9],
       [ 3,  2],
       [12,  5]]), array([0, 1, 3, 2]), 19892.0)]
Generation 10 population configuration: 
[(array([[13,  7],
       [ 5,  7],
       [ 4,  2],
       [ 2,  4]]), array([0, 1, 1, 0]), 9102.0), (array([[14,  8],
       [ 4,  7],
       [ 3,  2],
       [ 1,  9]]), array([0, 1, 1, 2]), 9104.0), (array([[11,  6],
       [ 7, 10],
       [ 4,  2],
       [ 3,  7]]), array([0, 1, 1, 3]), 9106.0), (array([[11.,  6.],
       [ 7., 10.],
       [ 4.,  2.],
       [ 3.,  7.]]), array([0, 1, 1, 3]), 9106.0), (array([[11.,  6.],
       [ 7., 10.],
       [ 4.,  2.],
       [ 3.,  7.]]), array([0, 1, 1, 3]), 9106.0), (array([[11.,  6.],
       [ 7., 10.],
       [ 4.,  2.],
       [ 3.,  7.]]), array([0, 1, 1, 3]), 9106.0), (array([[11.,  6.],
       [ 7., 10.],
       [ 4.,  2.],
       [ 3.,  7.]]), array([0, 1, 1, 3]), 9106.0), (array([[11.,  6.],
       [ 7., 10.],
       [ 4.,  2.],
       [ 3.,  7.]]), array([0, 1, 1, 3]), 9106.0), (array([[11.,  6.],
       [ 7., 10.],
       [ 4.,  2.],
       [ 3.,  7.]]), array([0, 1, 1, 3]), 9106.0), (array([[11.,  6.],
       [ 7., 10.],
       [ 4.,  2.],
       [ 3.,  7.]]), array([0, 1, 1, 3]), 9106.0), (array([[11.,  6.],
       [ 7., 10.],
       [ 4.,  2.],
       [ 3.,  7.]]), array([0, 1, 1, 3]), 9106.0), (array([[11.,  6.],
       [ 7., 10.],
       [ 4.,  2.],
       [ 3.,  7.]]), array([0, 1, 1, 3]), 9106.0), (array([[11.,  6.],
       [ 7., 10.],
       [ 4.,  2.],
       [ 3.,  7.]]), array([0, 1, 1, 3]), 9106.0), (array([[ 2,  6],
       [ 5,  2],
       [10,  3],
       [11,  9]]), array([2, 3, 1, 2]), 17764.0), (array([[ 3,  7],
       [ 5,  5],
       [ 7, 10],
       [10,  6]]), array([0, 1, 1, 1]), 18025.0), (array([[ 7,  5],
       [ 3,  8],
       [ 4,  1],
       [15, 10]]), array([1, 0, 3, 3]), 18504.0), (array([[12,  1],
       [ 5,  3],
       [ 1,  5],
       [ 1, 10]]), array([2, 1, 1, 1]), 18504.0), (array([[13,  7],
       [11,  4],
       [ 4,  7],
       [ 3,  5]]), array([3, 0, 2, 1]), 18509.0), (array([[11.,  6.],
       [ 7., 10.],
       [ 4.,  2.],
       [ 2.,  4.]]), array([0, 1, 1, 0]), 18774.0), (array([[1, 9],
       [3, 3],
       [8, 7],
       [1, 0]]), array([1, 1, 2, 2]), 22882.0)]
Generation 11 population configuration: 
[(array([[13,  7],
       [ 5,  7],
       [ 4,  2],
       [ 2,  4]]), array([0, 1, 1, 0]), 9102.0), (array([[14,  8],
       [ 4,  7],
       [ 3,  2],
       [ 1,  9]]), array([0, 1, 1, 2]), 9104.0), (array([[11,  6],
       [ 7, 10],
       [ 4,  2],
       [ 3,  7]]), array([0, 1, 1, 3]), 9106.0), (array([[11.,  6.],
       [ 7., 10.],
       [ 4.,  2.],
       [ 3.,  7.]]), array([0, 1, 1, 3]), 9106.0), (array([[11.,  6.],
       [ 7., 10.],
       [ 4.,  2.],
       [ 3.,  7.]]), array([0, 1, 1, 3]), 9106.0), (array([[11.,  6.],
       [ 7., 10.],
       [ 4.,  2.],
       [ 3.,  7.]]), array([0, 1, 1, 3]), 9106.0), (array([[11.,  6.],
       [ 7., 10.],
       [ 4.,  2.],
       [ 3.,  7.]]), array([0, 1, 1, 3]), 9106.0), (array([[11.,  6.],
       [ 7., 10.],
       [ 4.,  2.],
       [ 3.,  7.]]), array([0, 1, 1, 3]), 9106.0), (array([[11.,  6.],
       [ 7., 10.],
       [ 4.,  2.],
       [ 3.,  7.]]), array([0, 1, 1, 3]), 9106.0), (array([[11.,  6.],
       [ 7., 10.],
       [ 4.,  2.],
       [ 3.,  7.]]), array([0, 1, 1, 2]), 9106.0), (array([[11.,  6.],
       [ 7., 10.],
       [ 4.,  2.],
       [ 3.,  7.]]), array([0, 1, 1, 3]), 9106.0), (array([[11.,  6.],
       [ 7., 10.],
       [ 4.,  2.],
       [ 3.,  7.]]), array([0, 1, 1, 3]), 9106.0), (array([[11.,  6.],
       [ 7., 10.],
       [ 4.,  2.],
       [ 3.,  7.]]), array([0, 1, 1, 3]), 9106.0), (array([[11.,  6.],
       [ 7., 10.],
       [ 4.,  2.],
       [ 3.,  7.]]), array([0, 1, 1, 3]), 9106.0), (array([[1, 6],
       [0, 4],
       [7, 2],
       [9, 8]]), array([2, 1, 1, 0]), 10767.0), (array([[ 3,  4],
       [ 2,  7],
       [11,  6],
       [13,  8]]), array([1, 2, 1, 2]), 17761.0), (array([[12,  4],
       [ 6,  7],
       [ 2,  3],
       [ 2, 10]]), array([2, 2, 1, 0]), 18505.0), (array([[13,  7],
       [ 9,  0],
       [ 5,  8],
       [ 5,  1]]), array([3, 2, 0, 3]), 18509.0), (array([[ 6,  5],
       [ 9,  5],
       [ 2,  9],
       [13,  8]]), array([0, 1, 1, 2]), 18764.0), (array([[ 8, 10],
       [ 4,  5],
       [ 3,  1],
       [13,  1]]), array([1, 2, 3, 3]), 22886.0)]
Generation 12 population configuration: 
[(array([[13,  7],
       [ 5,  7],
       [ 4,  2],
       [ 2,  4]]), array([0, 1, 1, 0]), 9102.0), (array([[14,  8],
       [ 4,  7],
       [ 3,  2],
       [ 1,  9]]), array([0, 1, 1, 2]), 9104.0), (array([[11,  6],
       [ 7, 10],
       [ 4,  2],
       [ 3,  7]]), array([0, 1, 1, 3]), 9106.0), (array([[11.,  6.],
       [ 7., 10.],
       [ 4.,  2.],
       [ 3.,  7.]]), array([0, 1, 1, 3]), 9106.0), (array([[11.,  6.],
       [ 7., 10.],
       [ 4.,  2.],
       [ 3.,  7.]]), array([0, 1, 1, 3]), 9106.0), (array([[11.,  6.],
       [ 7., 10.],
       [ 4.,  2.],
       [ 3.,  7.]]), array([0, 1, 1, 3]), 9106.0), (array([[11.,  6.],
       [ 7., 10.],
       [ 4.,  2.],
       [ 3.,  7.]]), array([0, 1, 1, 3]), 9106.0), (array([[11.,  6.],
       [ 7., 10.],
       [ 4.,  2.],
       [ 3.,  7.]]), array([0, 1, 1, 3]), 9106.0), (array([[11.,  6.],
       [ 7., 10.],
       [ 4.,  2.],
       [ 3.,  7.]]), array([0, 1, 1, 3]), 9106.0), (array([[11.,  6.],
       [ 7., 10.],
       [ 4.,  2.],
       [ 3.,  7.]]), array([0, 1, 1, 3]), 9106.0), (array([[11.,  6.],
       [ 7., 10.],
       [ 4.,  2.],
       [ 3.,  7.]]), array([0, 1, 1, 3]), 9106.0), (array([[11.,  6.],
       [ 7., 10.],
       [ 4.,  2.],
       [ 3.,  7.]]), array([0, 1, 1, 3]), 9106.0), (array([[11.,  6.],
       [ 7., 10.],
       [ 4.,  2.],
       [ 3.,  7.]]), array([0, 1, 1, 3]), 9106.0), (array([[11, 11],
       [12,  5],
       [ 3,  9],
       [ 5,  5]]), array([0, 0, 0, 0]), 9111.0), (array([[1., 6.],
       [0., 4.],
       [7., 2.],
       [9., 8.]]), array([2, 1, 1, 0]), 10767.0), (array([[ 5,  1],
       [10,  3],
       [11,  7],
       [ 5, 10]]), array([2, 1, 2, 0]), 15121.0), (array([[ 3,  5],
       [ 2,  7],
       [10,  8],
       [10,  0]]), array([1, 2, 3, 2]), 17762.0), (array([[ 1,  6],
       [ 9,  3],
       [12,  8],
       [14,  6]]), array([2, 3, 2, 0]), 17763.0), (array([[ 4,  5],
       [ 2, 10],
       [10,  8],
       [14,  9]]), array([1, 1, 3, 3]), 17763.0), (array([[ 3, 10],
       [ 6,  6],
       [12,  4],
       [14,  8]]), array([0, 2, 2, 2]), 17766.0)]
Generation 13 population configuration: 
[(array([[13,  7],
       [ 5,  7],
       [ 4,  2],
       [ 2,  4]]), array([0, 1, 1, 0]), 9102.0), (array([[13.,  7.],
       [ 5.,  7.],
       [ 4.,  2.],
       [ 2.,  4.]]), array([0, 1, 1, 3]), 9102.0), (array([[13.,  7.],
       [ 5.,  7.],
       [ 4.,  2.],
       [ 2.,  4.]]), array([0, 1, 1, 0]), 9102.0), (array([[14,  8],
       [ 4,  7],
       [ 3,  2],
       [ 1,  9]]), array([0, 1, 1, 2]), 9104.0), (array([[11,  6],
       [ 7, 10],
       [ 4,  2],
       [ 3,  7]]), array([0, 1, 1, 3]), 9106.0), (array([[11.,  6.],
       [ 7., 10.],
       [ 4.,  2.],
       [ 3.,  7.]]), array([0, 1, 1, 3]), 9106.0), (array([[11.,  6.],
       [ 7., 10.],
       [ 4.,  2.],
       [ 3.,  7.]]), array([0, 1, 1, 3]), 9106.0), (array([[11.,  6.],
       [ 7., 10.],
       [ 4.,  2.],
       [ 3.,  7.]]), array([0, 1, 1, 3]), 9106.0), (array([[11.,  6.],
       [ 7., 10.],
       [ 4.,  2.],
       [ 3.,  7.]]), array([0, 1, 1, 3]), 9106.0), (array([[11.,  6.],
       [ 7., 10.],
       [ 4.,  2.],
       [ 3.,  7.]]), array([0, 1, 1, 3]), 9106.0), (array([[11.,  6.],
       [ 7., 10.],
       [ 4.,  2.],
       [ 3.,  7.]]), array([0, 1, 1, 3]), 9106.0), (array([[11.,  6.],
       [ 7., 10.],
       [ 4.,  2.],
       [ 3.,  7.]]), array([0, 1, 1, 3]), 9106.0), (array([[11.,  6.],
       [ 7., 10.],
       [ 4.,  2.],
       [ 3.,  7.]]), array([0, 1, 1, 3]), 9106.0), (array([[13.,  6.],
       [ 7., 10.],
       [ 4.,  2.],
       [ 3.,  7.]]), array([0, 1, 1, 3]), 9108.0), (array([[ 3,  3],
       [ 1,  8],
       [12,  7],
       [13,  4]]), array([1, 1, 2, 2]), 17760.0), (array([[ 1,  5],
       [ 2,  0],
       [ 9,  3],
       [12,  8]]), array([2, 2, 2, 3]), 17762.0), (array([[ 4,  9],
       [ 3,  4],
       [12,  9],
       [12,  2]]), array([1, 1, 1, 2]), 17767.0), (array([[11,  7],
       [10,  1],
       [ 2,  8],
       [ 3,  1]]), array([3, 2, 1, 2]), 18503.0), (array([[10,  8],
       [ 8,  6],
       [ 3,  7],
       [ 4,  3]]), array([1, 3, 3, 0]), 18512.0), (array([[ 1,  3],
       [ 6,  9],
       [ 9,  0],
       [10,  7]]), array([1, 0, 2, 0]), 18757.0)]
Generation 14 population configuration: 
[(array([[13,  7],
       [ 5,  7],
       [ 4,  2],
       [ 2,  4]]), array([0, 1, 1, 0]), 9102.0), (array([[13.,  7.],
       [ 5.,  7.],
       [ 4.,  2.],
       [ 2.,  4.]]), array([0, 1, 1, 3]), 9102.0), (array([[13.,  7.],
       [ 5.,  7.],
       [ 4.,  2.],
       [ 2.,  4.]]), array([0, 1, 1, 0]), 9102.0), (array([[13.,  7.],
       [ 5.,  7.],
       [ 4.,  2.],
       [ 2.,  4.]]), array([0, 1, 1, 2]), 9102.0), (array([[13.,  7.],
       [ 5.,  7.],
       [ 4.,  2.],
       [ 2.,  4.]]), array([0, 1, 1, 0]), 9102.0), (array([[14,  8],
       [ 4,  7],
       [ 3,  2],
       [ 1,  9]]), array([0, 1, 1, 2]), 9104.0), (array([[14.,  8.],
       [ 4.,  7.],
       [ 3.,  2.],
       [ 1.,  9.]]), array([0, 1, 1, 2]), 9104.0), (array([[11,  6],
       [ 7, 10],
       [ 4,  2],
       [ 3,  7]]), array([0, 1, 1, 3]), 9106.0), (array([[11.,  6.],
       [ 7., 10.],
       [ 4.,  2.],
       [ 3.,  7.]]), array([0, 1, 1, 3]), 9106.0), (array([[11.,  6.],
       [ 7., 10.],
       [ 4.,  2.],
       [ 3.,  7.]]), array([0, 1, 1, 3]), 9106.0), (array([[11.,  6.],
       [ 7., 10.],
       [ 4.,  2.],
       [ 3.,  7.]]), array([0, 1, 1, 3]), 9106.0), (array([[11.,  6.],
       [ 7., 10.],
       [ 4.,  2.],
       [ 3.,  7.]]), array([0, 1, 1, 3]), 9106.0), (array([[12.,  6.],
       [ 7., 10.],
       [ 4.,  2.],
       [ 3.,  7.]]), array([0, 1, 1, 3]), 9107.0), (array([[8, 1],
       [2, 1],
       [5, 9],
       [1, 8]]), array([2, 2, 0, 2]), 10772.0), (array([[ 1,  0],
       [ 3,  6],
       [ 8,  6],
       [11,  2]]), array([2, 2, 1, 1]), 17757.0), (array([[ 1,  3],
       [ 1,  9],
       [12,  3],
       [11,  8]]), array([1, 1, 1, 0]), 17759.0), (array([[ 9,  4],
       [ 7,  5],
       [ 5,  2],
       [14,  6]]), array([1, 3, 1, 2]), 18504.0), (array([[ 7,  3],
       [ 8,  3],
       [ 5,  7],
       [10,  9]]), array([3, 1, 2, 1]), 18754.0), (array([[ 4,  4],
       [ 7,  9],
       [10,  4],
       [12, 10]]), array([1, 1, 1, 1]), 18760.0), (array([[11.,  6.],
       [ 7., 10.],
       [ 4.,  2.],
       [ 2.,  4.]]), array([0, 1, 1, 0]), 18774.0)]
Generation 15 population configuration: 
[(array([[13,  7],
       [ 5,  7],
       [ 4,  2],
       [ 2,  4]]), array([0, 1, 1, 0]), 9102.0), (array([[13.,  7.],
       [ 5.,  7.],
       [ 4.,  2.],
       [ 2.,  4.]]), array([0, 1, 1, 3]), 9102.0), (array([[13.,  7.],
       [ 5.,  7.],
       [ 4.,  2.],
       [ 2.,  4.]]), array([0, 1, 1, 0]), 9102.0), (array([[13.,  7.],
       [ 5.,  7.],
       [ 4.,  2.],
       [ 2.,  4.]]), array([0, 1, 1, 2]), 9102.0), (array([[13.,  7.],
       [ 5.,  7.],
       [ 4.,  2.],
       [ 2.,  4.]]), array([0, 1, 1, 0]), 9102.0), (array([[13.,  7.],
       [ 5.,  7.],
       [ 4.,  2.],
       [ 2.,  4.]]), array([0, 1, 1, 2]), 9102.0), (array([[13.,  7.],
       [ 5.,  7.],
       [ 4.,  2.],
       [ 2.,  4.]]), array([0, 1, 1, 3]), 9102.0), (array([[14,  8],
       [ 4,  7],
       [ 3,  2],
       [ 1,  9]]), array([0, 1, 1, 2]), 9104.0), (array([[11.,  6.],
       [ 7., 10.],
       [ 4.,  2.],
       [ 3.,  7.]]), array([0, 1, 1, 3]), 9106.0), (array([[11.,  6.],
       [ 7., 10.],
       [ 4.,  2.],
       [ 3.,  7.]]), array([0, 1, 1, 3]), 9106.0), (array([[11.,  6.],
       [ 7., 10.],
       [ 4.,  2.],
       [ 3.,  7.]]), array([0, 1, 1, 3]), 9106.0), (array([[11.,  6.],
       [ 7., 10.],
       [ 4.,  2.],
       [ 3.,  7.]]), array([0, 1, 1, 3]), 9106.0), (array([[11.,  6.],
       [ 7., 10.],
       [ 4.,  2.],
       [ 3.,  7.]]), array([0, 1, 1, 3]), 9106.0), (array([[11.,  6.],
       [ 7., 10.],
       [ 4.,  2.],
       [ 3.,  7.]]), array([0, 1, 1, 3]), 9106.0), (array([[13,  5],
       [ 9,  8],
       [10, 10],
       [ 2,  1]]), array([0, 3, 1, 2]), 15126.0), (array([[10,  6],
       [ 7,  7],
       [ 8,  3],
       [ 3,  2]]), array([2, 3, 0, 1]), 18509.0), (array([[ 0,  5],
       [ 3, 10],
       [ 7,  2],
       [11,  2]]), array([1, 1, 2, 1]), 18757.0), (array([[ 6,  5],
       [ 1,  7],
       [ 1,  0],
       [14,  8]]), array([1, 2, 2, 0]), 21318.0), (array([[11,  5],
       [11,  9],
       [ 3,  4],
       [ 3, 10]]), array([0, 1, 2, 1]), 21336.0), (array([[ 6, 10],
       [ 1,  9],
       [ 5,  2],
       [11,  3]]), array([1, 1, 1, 0]), 22887.0)]
Generation 16 population configuration: 
[(array([[13,  7],
       [ 5,  7],
       [ 4,  2],
       [ 2,  4]]), array([0, 1, 1, 0]), 9102.0), (array([[13.,  7.],
       [ 5.,  7.],
       [ 4.,  2.],
       [ 2.,  4.]]), array([0, 1, 1, 3]), 9102.0), (array([[13.,  7.],
       [ 5.,  7.],
       [ 4.,  2.],
       [ 2.,  4.]]), array([0, 1, 1, 0]), 9102.0), (array([[13.,  7.],
       [ 5.,  7.],
       [ 4.,  2.],
       [ 2.,  4.]]), array([0, 1, 1, 2]), 9102.0), (array([[13.,  7.],
       [ 5.,  7.],
       [ 4.,  2.],
       [ 2.,  4.]]), array([0, 1, 1, 0]), 9102.0), (array([[13.,  7.],
       [ 5.,  7.],
       [ 4.,  2.],
       [ 2.,  4.]]), array([0, 1, 1, 2]), 9102.0), (array([[13.,  7.],
       [ 5.,  7.],
       [ 4.,  2.],
       [ 2.,  4.]]), array([0, 1, 1, 0]), 9102.0), (array([[13.,  7.],
       [ 5.,  7.],
       [ 4.,  2.],
       [ 2.,  7.]]), array([0, 1, 1, 3]), 9102.0), (array([[13.,  7.],
       [ 5.,  7.],
       [ 4.,  2.],
       [ 2.,  4.]]), array([0, 1, 1, 2]), 9102.0), (array([[13.,  7.],
       [ 5.,  7.],
       [ 4.,  2.],
       [ 2.,  4.]]), array([0, 1, 1, 2]), 9102.0), (array([[14.,  8.],
       [ 4.,  7.],
       [ 3.,  2.],
       [ 1.,  9.]]), array([0, 1, 1, 2]), 9104.0), (array([[11.,  6.],
       [ 7., 10.],
       [ 4.,  2.],
       [ 3.,  7.]]), array([0, 1, 1, 3]), 9106.0), (array([[11.,  6.],
       [ 7., 10.],
       [ 4.,  2.],
       [ 3.,  7.]]), array([0, 1, 1, 3]), 9106.0), (array([[11.,  6.],
       [ 7., 10.],
       [ 4.,  2.],
       [ 3.,  7.]]), array([0, 1, 1, 0]), 9106.0), (array([[ 7,  6],
       [12,  5],
       [ 5,  1],
       [ 1, 10]]), array([2, 2, 2, 0]), 14068.0), (array([[ 1,  3],
       [ 3,  9],
       [10,  9],
       [12, 10]]), array([1, 0, 3, 1]), 17759.0), (array([[10,  5],
       [ 4,  5],
       [ 4,  3],
       [ 1,  8]]), array([2, 2, 1, 0]), 18505.0), (array([[7, 4],
       [6, 7],
       [3, 9],
       [0, 2]]), array([1, 2, 3, 1]), 21335.0), (array([[ 2, 10],
       [ 0,  5],
       [ 7,  2],
       [12,  5]]), array([1, 1, 1, 2]), 22883.0), (array([[ 9,  7],
       [ 5,  7],
       [10,  2],
       [ 3,  1]]), array([1, 3, 1, 1]), 22886.0)]
