Original population print time: 
[9106.0, 9107.0, 9113.0, 11515.0, 14070.0, 14370.0, 17759.0, 17759.0, 17766.0, 18039.0, 18451.0, 18508.0, 18513.0, 18515.0, 18756.0, 18757.0, 21326.0, 22881.0, 22883.0, 22889.0]
Generation 1 population print time: 
[9106.0, 9106.0, 9107.0, 9113.0, 9113.0, 9113.0, 9113.0, 9113.0, 9116.0, 10438.0, 11515.0, 11515.0, 11515.0, 14070.0, 14370.0, 15113.0, 17760.0, 18647.0, 21324.0, 22464.0]
Generation 2 population print time: 
[9106.0, 9106.0, 9107.0, 9107.0, 9113.0, 9113.0, 9113.0, 9113.0, 9113.0, 9113.0, 9113.0, 9116.0, 10368.0, 11514.0, 17758.0, 18378.0, 18426.0, 18774.0, 22884.0, 22885.0]
Generation 3 population print time: 
[9106.0, 9106.0, 9106.0, 9107.0, 9107.0, 9107.0, 9107.0, 9113.0, 9113.0, 9113.0, 9113.0, 9113.0, 9113.0, 10159.0, 10368.0, 17759.0, 18509.0, 18511.0, 21349.0, 22885.0]
Generation 4 population print time: 
[9106.0, 9106.0, 9106.0, 9106.0, 9106.0, 9106.0, 9107.0, 9107.0, 9107.0, 9107.0, 9107.0, 9107.0, 9113.0, 10159.0, 14074.0, 17763.0, 17766.0, 22380.0, 22401.0, 22471.0]
Generation 5 population print time: 
[9106.0, 9106.0, 9106.0, 9106.0, 9106.0, 9106.0, 9106.0, 9106.0, 9106.0, 9106.0, 9107.0, 9107.0, 9107.0, 9107.0, 17763.0, 17766.0, 18375.0, 18512.0, 21340.0, 21350.0]
Generation 6 population print time: 
[9106.0, 9106.0, 9106.0, 9106.0, 9106.0, 9106.0, 9106.0, 9106.0, 9106.0, 9106.0, 9106.0, 9106.0, 9107.0, 9107.0, 17761.0, 17761.0, 17763.0, 18031.0, 18035.0, 22886.0]
Generation 7 population print time: 
[9106.0, 9106.0, 9106.0, 9106.0, 9106.0, 9106.0, 9106.0, 9106.0, 9106.0, 9106.0, 9106.0, 9106.0, 9106.0, 9107.0, 17762.0, 17763.0, 18043.0, 18510.0, 22396.0, 22884.0]
Generation 8 population print time: 
[9102.0, 9104.0, 9106.0, 9106.0, 9106.0, 9106.0, 9106.0, 9106.0, 9106.0, 9106.0, 9106.0, 9106.0, 9106.0, 9106.0, 9106.0, 9106.0, 18508.0, 19116.0, 21329.0, 22888.0]
Generation 9 population print time: 
[9102.0, 9104.0, 9106.0, 9106.0, 9106.0, 9106.0, 9106.0, 9106.0, 9106.0, 9106.0, 9106.0, 9106.0, 9106.0, 9106.0, 17760.0, 18503.0, 18507.0, 18759.0, 19749.0, 19892.0]
Generation 10 population print time: 
[9102.0, 9104.0, 9106.0, 9106.0, 9106.0, 9106.0, 9106.0, 9106.0, 9106.0, 9106.0, 9106.0, 9106.0, 9106.0, 17764.0, 18025.0, 18504.0, 18504.0, 18509.0, 18774.0, 22882.0]
Generation 11 population print time: 
[9102.0, 9104.0, 9106.0, 9106.0, 9106.0, 9106.0, 9106.0, 9106.0, 9106.0, 9106.0, 9106.0, 9106.0, 9106.0, 9106.0, 10767.0, 17761.0, 18505.0, 18509.0, 18764.0, 22886.0]
Generation 12 population print time: 
[9102.0, 9104.0, 9106.0, 9106.0, 9106.0, 9106.0, 9106.0, 9106.0, 9106.0, 9106.0, 9106.0, 9106.0, 9106.0, 9111.0, 10767.0, 15121.0, 17762.0, 17763.0, 17763.0, 17766.0]
Generation 13 population print time: 
[9102.0, 9102.0, 9102.0, 9104.0, 9106.0, 9106.0, 9106.0, 9106.0, 9106.0, 9106.0, 9106.0, 9106.0, 9106.0, 9108.0, 17760.0, 17762.0, 17767.0, 18503.0, 18512.0, 18757.0]
Generation 14 population print time: 
[9102.0, 9102.0, 9102.0, 9102.0, 9102.0, 9104.0, 9104.0, 9106.0, 9106.0, 9106.0, 9106.0, 9106.0, 9107.0, 10772.0, 17757.0, 17759.0, 18504.0, 18754.0, 18760.0, 18774.0]
Generation 15 population print time: 
[9102.0, 9102.0, 9102.0, 9102.0, 9102.0, 9102.0, 9102.0, 9104.0, 9106.0, 9106.0, 9106.0, 9106.0, 9106.0, 9106.0, 15126.0, 18509.0, 18757.0, 21318.0, 21336.0, 22887.0]
Generation 16 population print time: 
[9102.0, 9102.0, 9102.0, 9102.0, 9102.0, 9102.0, 9102.0, 9102.0, 9102.0, 9102.0, 9104.0, 9106.0, 9106.0, 9106.0, 14068.0, 17759.0, 18505.0, 21335.0, 22883.0, 22886.0]
