Original population configuration: 
[(array([[12,  3],
       [ 8,  6],
       [ 3,  3],
       [ 5,  7]]), array([0, 1, 2, 2]), 12256.0), (array([[ 3,  4],
       [ 4,  9],
       [ 9,  6],
       [11,  2]]), array([0, 0, 2, 1]), 12257.0), (array([[12,  2],
       [ 8,  7],
       [ 2, 10],
       [ 7,  4]]), array([2, 2, 1, 0]), 12257.0), (array([[10,  6],
       [13,  2],
       [ 7,  2],
       [ 4,  9]]), array([2, 2, 2, 3]), 12258.0), (array([[ 3, 10],
       [ 6,  2],
       [13,  6],
       [ 2,  3]]), array([1, 1, 0, 1]), 12258.0), (array([[11,  7],
       [ 2,  5],
       [ 1,  1],
       [ 5,  5]]), array([1, 2, 2, 1]), 12259.0), (array([[10,  5],
       [ 4,  4],
       [ 4,  8],
       [12,  8]]), array([0, 1, 1, 3]), 12259.0), (array([[12,  1],
       [ 2,  6],
       [10,  8],
       [ 7,  4]]), array([2, 2, 1, 2]), 12260.0), (array([[13,  2],
       [ 8,  3],
       [12,  9],
       [ 4,  7]]), array([2, 1, 1, 2]), 12263.0), (array([[ 2,  9],
       [13,  8],
       [ 8,  2],
       [13,  0]]), array([1, 2, 3, 2]), 12263.0)]
Generation 1 population configuration: 
[(array([[12,  3],
       [ 8,  6],
       [ 3,  3],
       [ 5,  7]]), array([0, 1, 2, 2]), 12256.0), (array([[ 3,  4],
       [ 4,  9],
       [ 9,  6],
       [11,  2]]), array([0, 0, 2, 1]), 12257.0), (array([[10.,  6.],
       [ 2.,  5.],
       [ 1.,  1.],
       [ 5.,  5.]]), array([2, 2, 2, 1]), 12257.0), (array([[12.,  2.],
       [ 8.,  7.],
       [ 2., 10.],
       [ 2.,  3.]]), array([2, 2, 0, 1]), 12257.0), (array([[ 3.,  4.],
       [ 5.,  9.],
       [ 9.,  6.],
       [11.,  2.]]), array([0, 0, 2, 1]), 12257.0), (array([[7, 8],
       [7, 6],
       [9, 2],
       [2, 5]]), array([2, 0, 1, 2]), 12258.0), (array([[10.,  5.],
       [ 4.,  4.],
       [ 4.,  8.],
       [12.,  8.]]), array([0, 1, 1, 3]), 12259.0), (array([[12.,  1.],
       [ 2.,  6.],
       [10.,  8.],
       [ 7.,  4.]]), array([2, 1, 1, 2]), 12260.0), (array([[12.,  1.],
       [ 2.,  6.],
       [10.,  8.],
       [ 7.,  3.]]), array([2, 2, 1, 1]), 12260.0), (array([[ 4,  7],
       [ 9, 10],
       [ 1,  1],
       [ 9,  3]]), array([3, 1, 2, 3]), 12260.0)]
Generation 2 population configuration: 
[(array([[12.,  1.],
       [ 2.,  5.],
       [ 1.,  1.],
       [ 5.,  5.]]), array([2, 2, 2, 1]), 12254.0), (array([[12,  3],
       [ 8,  6],
       [ 3,  3],
       [ 5,  7]]), array([0, 1, 2, 2]), 12256.0), (array([[12.,  3.],
       [ 8.,  6.],
       [ 3.,  3.],
       [ 5.,  7.]]), array([0, 1, 3, 2]), 12256.0), (array([[ 3,  4],
       [ 4,  9],
       [ 9,  6],
       [11,  2]]), array([0, 0, 2, 1]), 12257.0), (array([[3, 9],
       [9, 7],
       [9, 1],
       [2, 3]]), array([1, 1, 2, 2]), 12257.0), (array([[10.,  6.],
       [13.,  2.],
       [ 7.,  2.],
       [ 4.,  9.]]), array([2, 2, 2, 3]), 12258.0), (array([[11.,  7.],
       [ 2.,  5.],
       [ 1.,  1.],
       [ 5.,  5.]]), array([1, 2, 2, 1]), 12259.0), (array([[11.,  7.],
       [ 2.,  5.],
       [ 1.,  1.],
       [ 5.,  5.]]), array([1, 2, 2, 1]), 12259.0), (array([[ 5,  7],
       [ 6,  2],
       [ 0,  8],
       [14,  6]]), array([1, 3, 1, 3]), 12259.0), (array([[12., 10.],
       [ 6.,  2.],
       [13.,  6.],
       [ 2.,  3.]]), array([1, 1, 0, 2]), 12264.0)]
