Original population configuration: 
[(array([[ 9,  8],
       [12,  4],
       [ 1,  6],
       [ 3,  2]]), array([1, 0, 2, 1]), 10842.0), (array([[ 1,  8],
       [ 5,  3],
       [11, 11],
       [11,  1]]), array([1, 1, 0, 2]), 12115.0), (array([[10,  9],
       [ 4,  7],
       [ 3, 10],
       [ 8,  2]]), array([1, 0, 1, 0]), 12122.0), (array([[ 5,  6],
       [ 3,  7],
       [10, 10],
       [13,  2]]), array([1, 0, 1, 1]), 12127.0), (array([[ 4,  6],
       [ 6,  8],
       [ 3,  9],
       [13,  5]]), array([0, 1, 3, 1]), 15241.0), (array([[12,  0],
       [10,  2],
       [ 3,  3],
       [ 8, 10]]), array([2, 3, 3, 3]), 15243.0), (array([[ 9,  3],
       [ 9, 10],
       [ 2,  4],
       [14,  8]]), array([1, 0, 1, 2]), 15243.0), (array([[ 6,  5],
       [ 1,  4],
       [11,  2],
       [13,  5]]), array([2, 2, 1, 2]), 15244.0), (array([[ 6, 10],
       [ 5,  4],
       [10,  4],
       [ 1,  3]]), array([1, 1, 1, 1]), 15248.0), (array([[10, 10],
       [ 4,  5],
       [ 8,  2],
       [ 2,  1]]), array([0, 3, 3, 1]), 15248.0), (array([[ 6,  1],
       [ 2,  5],
       [ 9,  6],
       [10,  9]]), array([3, 2, 1, 1]), 15248.0), (array([[ 8,  1],
       [ 7,  6],
       [14,  7],
       [ 2,  7]]), array([3, 3, 0, 3]), 15248.0), (array([[ 2,  1],
       [ 1, 10],
       [10,  7],
       [14,  1]]), array([2, 1, 1, 2]), 15248.0), (array([[ 9, 10],
       [12,  7],
       [ 9,  2],
       [ 1,  5]]), array([0, 2, 3, 2]), 15249.0), (array([[13,  9],
       [ 2,  9],
       [ 5,  1],
       [ 1,  2]]), array([0, 1, 2, 2]), 15250.0), (array([[14,  8],
       [ 7,  6],
       [12,  1],
       [ 1,  1]]), array([3, 3, 2, 1]), 15250.0), (array([[ 5,  2],
       [10,  3],
       [ 2,  8],
       [14,  6]]), array([2, 1, 2, 3]), 15253.0), (array([[5, 2],
       [8, 3],
       [4, 8],
       [7, 9]]), array([3, 1, 3, 2]), 15254.0), (array([[ 9,  9],
       [ 5,  8],
       [ 5,  4],
       [14,  3]]), array([1, 3, 1, 0]), 15260.0), (array([[ 9,  9],
       [ 3, 10],
       [ 5,  3],
       [12,  2]]), array([1, 1, 3, 1]), 15263.0)]
Generation 1 population configuration: 
[(array([[ 9,  8],
       [12,  4],
       [ 1,  6],
       [ 3,  2]]), array([1, 0, 2, 1]), 10842.0), (array([[ 9.,  8.],
       [12.,  4.],
       [ 1.,  6.],
       [ 3.,  2.]]), array([1, 0, 2, 1]), 10842.0), (array([[ 1,  8],
       [ 5,  3],
       [11, 11],
       [11,  1]]), array([1, 1, 0, 2]), 12115.0), (array([[ 1.,  8.],
       [ 5.,  3.],
       [11., 11.],
       [11.,  1.]]), array([1, 1, 0, 2]), 12115.0), (array([[10,  6],
       [ 6,  5],
       [ 5,  7],
       [ 1,  7]]), array([1, 0, 2, 1]), 12115.0), (array([[13, 10],
       [ 4,  5],
       [ 3,  3],
       [ 0,  6]]), array([0, 2, 0, 1]), 12116.0), (array([[9, 8],
       [9, 3],
       [4, 3],
       [2, 6]]), array([1, 1, 0, 1]), 12117.0), (array([[ 1,  0],
       [ 5,  4],
       [ 5, 10],
       [11,  8]]), array([2, 1, 1, 1]), 12120.0), (array([[10,  9],
       [ 4,  7],
       [ 3, 10],
       [ 8,  2]]), array([1, 0, 1, 0]), 12122.0), (array([[10.,  9.],
       [ 4.,  7.],
       [ 3., 10.],
       [ 8.,  2.]]), array([1, 0, 1, 0]), 12122.0), (array([[ 9.,  9.],
       [ 4.,  7.],
       [ 3., 10.],
       [ 8.,  2.]]), array([1, 0, 1, 0]), 12122.0), (array([[10.,  9.],
       [ 4.,  7.],
       [ 3., 10.],
       [ 8.,  2.]]), array([1, 0, 1, 1]), 12122.0), (array([[ 5,  6],
       [ 3,  7],
       [10, 10],
       [13,  2]]), array([1, 0, 1, 1]), 12127.0), (array([[ 5.,  6.],
       [ 3.,  7.],
       [10., 10.],
       [13.,  2.]]), array([1, 0, 1, 1]), 12127.0), (array([[ 4,  6],
       [ 6,  8],
       [ 3,  9],
       [13,  5]]), array([0, 1, 3, 1]), 15241.0), (array([[ 5,  4],
       [ 5,  6],
       [12,  5],
       [14,  0]]), array([1, 2, 1, 2]), 15242.0), (array([[12,  0],
       [10,  2],
       [ 3,  3],
       [ 8, 10]]), array([2, 3, 3, 3]), 15243.0), (array([[10.,  9.],
       [ 4.,  7.],
       [ 3., 10.],
       [ 8.,  2.]]), array([1, 0, 1, 2]), 15250.0), (array([[ 5,  1],
       [10,  5],
       [ 1,  8],
       [12,  7]]), array([3, 3, 1, 1]), 15254.0), (array([[ 9.,  9.],
       [ 5.,  8.],
       [ 5.,  4.],
       [14.,  3.]]), array([1, 3, 1, 0]), 15260.0)]
Generation 2 population configuration: 
[(array([[ 9,  8],
       [12,  4],
       [ 1,  6],
       [ 3,  2]]), array([1, 0, 2, 1]), 10842.0), (array([[ 9.,  8.],
       [12.,  4.],
       [ 1.,  6.],
       [ 3.,  2.]]), array([1, 0, 2, 1]), 10842.0), (array([[ 9.,  8.],
       [12.,  4.],
       [ 1.,  6.],
       [ 3.,  2.]]), array([1, 0, 2, 1]), 10842.0), (array([[ 9.,  8.],
       [12.,  4.],
       [ 1.,  6.],
       [ 3.,  2.]]), array([1, 0, 2, 1]), 10842.0), (array([[ 9.,  8.],
       [12.,  4.],
       [ 1.,  6.],
       [ 3.,  2.]]), array([1, 0, 2, 1]), 10842.0), (array([[ 9.,  8.],
       [12.,  4.],
       [ 1.,  6.],
       [ 3.,  2.]]), array([1, 0, 2, 1]), 10842.0), (array([[ 9.,  8.],
       [12.,  4.],
       [ 1.,  6.],
       [ 3.,  2.]]), array([1, 0, 2, 1]), 10842.0), (array([[ 9.,  8.],
       [12.,  4.],
       [ 1.,  6.],
       [ 3.,  2.]]), array([1, 0, 2, 1]), 10842.0), (array([[ 1,  8],
       [ 5,  3],
       [11, 11],
       [11,  1]]), array([1, 1, 0, 2]), 12115.0), (array([[ 1.,  8.],
       [ 5.,  3.],
       [11., 11.],
       [11.,  1.]]), array([1, 1, 0, 2]), 12115.0), (array([[10,  6],
       [ 6,  5],
       [ 5,  7],
       [ 1,  7]]), array([1, 0, 2, 1]), 12115.0), (array([[13, 10],
       [ 4,  5],
       [ 3,  3],
       [ 0,  6]]), array([0, 2, 0, 1]), 12116.0), (array([[13., 10.],
       [ 4.,  5.],
       [ 3.,  3.],
       [ 0.,  6.]]), array([0, 2, 0, 1]), 12116.0), (array([[ 9, 10],
       [ 9,  5],
       [ 5,  4],
       [ 5,  2]]), array([1, 1, 2, 3]), 12119.0), (array([[ 5.,  6.],
       [ 3.,  7.],
       [10., 10.],
       [13.,  2.]]), array([1, 0, 1, 1]), 12127.0), (array([[11,  7],
       [ 9,  4],
       [ 0,  6],
       [ 1,  0]]), array([3, 1, 1, 2]), 15248.0), (array([[8, 8],
       [2, 9],
       [7, 2],
       [0, 1]]), array([1, 1, 3, 1]), 15249.0), (array([[14,  8],
       [ 7,  5],
       [ 4,  9],
       [ 2,  2]]), array([3, 1, 0, 2]), 15250.0), (array([[14,  8],
       [ 7,  5],
       [ 5,  9],
       [ 5,  6]]), array([3, 1, 1, 0]), 15250.0), (array([[ 1,  4],
       [ 5,  6],
       [11,  1],
       [14,  7]]), array([2, 1, 2, 2]), 15254.0)]
Generation 3 population configuration: 
[(array([[ 9,  8],
       [12,  4],
       [ 1,  6],
       [ 3,  2]]), array([1, 0, 2, 1]), 10842.0), (array([[ 9.,  8.],
       [12.,  4.],
       [ 1.,  6.],
       [ 3.,  2.]]), array([1, 0, 2, 1]), 10842.0), (array([[ 9.,  8.],
       [12.,  4.],
       [ 1.,  6.],
       [ 3.,  2.]]), array([1, 0, 2, 1]), 10842.0), (array([[ 9.,  8.],
       [12.,  4.],
       [ 1.,  6.],
       [ 3.,  2.]]), array([1, 0, 2, 1]), 10842.0), (array([[ 9.,  8.],
       [12.,  4.],
       [ 1.,  6.],
       [ 3.,  2.]]), array([1, 0, 2, 1]), 10842.0), (array([[ 9.,  8.],
       [12.,  4.],
       [ 1.,  6.],
       [ 3.,  2.]]), array([1, 0, 2, 1]), 10842.0), (array([[ 9.,  8.],
       [12.,  4.],
       [ 1.,  6.],
       [ 3.,  2.]]), array([1, 0, 2, 1]), 10842.0), (array([[ 9.,  8.],
       [12.,  4.],
       [ 1.,  6.],
       [ 3.,  2.]]), array([1, 0, 2, 1]), 10842.0), (array([[ 9.,  8.],
       [12.,  4.],
       [ 1.,  6.],
       [ 3.,  2.]]), array([1, 0, 2, 1]), 10842.0), (array([[ 9.,  8.],
       [12.,  4.],
       [ 1.,  6.],
       [ 3.,  2.]]), array([1, 0, 2, 1]), 10842.0), (array([[ 9.,  8.],
       [12.,  4.],
       [ 1.,  6.],
       [ 3.,  2.]]), array([1, 0, 2, 1]), 10842.0), (array([[ 1.,  8.],
       [ 5.,  3.],
       [11., 11.],
       [11.,  1.]]), array([1, 1, 0, 2]), 12115.0), (array([[ 1.,  8.],
       [ 5.,  3.],
       [11., 11.],
       [11.,  1.]]), array([1, 1, 0, 2]), 12115.0), (array([[11,  6],
       [13,  1],
       [ 3,  9],
       [ 1,  2]]), array([2, 3, 0, 1]), 12118.0), (array([[ 5.,  6.],
       [ 3.,  7.],
       [10., 10.],
       [13.,  2.]]), array([1, 0, 1, 1]), 12127.0), (array([[12,  3],
       [ 9,  5],
       [ 3,  2],
       [ 3,  5]]), array([2, 3, 1, 2]), 15246.0), (array([[ 7,  4],
       [11,  6],
       [ 2,  5],
       [ 0, 10]]), array([2, 1, 2, 1]), 15255.0), (array([[ 6,  1],
       [12,  0],
       [ 9,  7],
       [12,  7]]), array([2, 2, 2, 1]), 15257.0), (array([[ 1,  2],
       [ 6,  4],
       [13,  3],
       [10, 10]]), array([2, 1, 2, 0]), 15258.0), (array([[ 6,  8],
       [11,  8],
       [ 4,  2],
       [ 8,  2]]), array([3, 1, 3, 3]), 15258.0)]
Generation 4 population configuration: 
[(array([[ 9,  8],
       [12,  4],
       [ 1,  6],
       [ 3,  2]]), array([1, 0, 2, 1]), 10842.0), (array([[ 9.,  8.],
       [12.,  4.],
       [ 1.,  6.],
       [ 3.,  2.]]), array([1, 0, 2, 1]), 10842.0), (array([[ 9.,  8.],
       [12.,  4.],
       [ 1.,  6.],
       [ 3.,  2.]]), array([1, 0, 2, 1]), 10842.0), (array([[ 9.,  8.],
       [12.,  4.],
       [ 1.,  6.],
       [ 3.,  2.]]), array([1, 0, 2, 1]), 10842.0), (array([[ 9.,  8.],
       [12.,  4.],
       [ 1.,  6.],
       [ 3.,  2.]]), array([1, 0, 2, 1]), 10842.0), (array([[ 9.,  8.],
       [12.,  4.],
       [ 1.,  6.],
       [ 3.,  2.]]), array([1, 0, 2, 1]), 10842.0), (array([[ 9.,  8.],
       [12.,  4.],
       [ 1.,  6.],
       [ 3.,  2.]]), array([1, 0, 2, 1]), 10842.0), (array([[ 9.,  8.],
       [12.,  4.],
       [ 1.,  6.],
       [ 3.,  2.]]), array([1, 0, 2, 1]), 10842.0), (array([[ 9.,  8.],
       [12.,  4.],
       [ 1.,  6.],
       [ 3.,  2.]]), array([1, 0, 2, 1]), 10842.0), (array([[ 9.,  8.],
       [12.,  4.],
       [ 1.,  6.],
       [ 3.,  2.]]), array([1, 0, 2, 1]), 10842.0), (array([[ 9.,  8.],
       [12.,  4.],
       [ 1.,  6.],
       [ 3.,  2.]]), array([1, 0, 2, 1]), 10842.0), (array([[ 9.,  8.],
       [12.,  4.],
       [ 1.,  6.],
       [ 3.,  2.]]), array([1, 0, 2, 1]), 10842.0), (array([[ 9.,  8.],
       [12.,  4.],
       [ 1.,  6.],
       [ 3.,  2.]]), array([1, 0, 2, 1]), 10842.0), (array([[ 9.,  8.],
       [12.,  4.],
       [ 1.,  6.],
       [ 3.,  2.]]), array([1, 0, 2, 1]), 10842.0), (array([[ 0,  5],
       [10,  7],
       [10,  3],
       [14, 10]]), array([1, 3, 3, 0]), 15240.0), (array([[ 2, 10],
       [10,  4],
       [ 2,  0],
       [13,  9]]), array([1, 2, 2, 2]), 15245.0), (array([[ 6,  5],
       [ 5,  3],
       [ 2,  7],
       [14,  3]]), array([2, 1, 2, 2]), 15249.0), (array([[ 8,  5],
       [ 6,  8],
       [ 3,  3],
       [13,  3]]), array([2, 3, 3, 1]), 15253.0), (array([[ 7,  1],
       [11,  3],
       [ 2,  8],
       [14,  9]]), array([3, 1, 2, 3]), 15254.0), (array([[ 2,  1],
       [ 7,  6],
       [ 7,  8],
       [13,  6]]), array([2, 1, 2, 2]), 15259.0)]
Converged in 5 generations!