Original population print time: 
[10842.0, 12115.0, 12122.0, 12127.0, 15241.0, 15243.0, 15243.0, 15244.0, 15248.0, 15248.0, 15248.0, 15248.0, 15248.0, 15249.0, 15250.0, 15250.0, 15253.0, 15254.0, 15260.0, 15263.0]
Generation 1 population print time: 
[10842.0, 10842.0, 12115.0, 12115.0, 12115.0, 12116.0, 12117.0, 12120.0, 12122.0, 12122.0, 12122.0, 12122.0, 12127.0, 12127.0, 15241.0, 15242.0, 15243.0, 15250.0, 15254.0, 15260.0]
Generation 2 population print time: 
[10842.0, 10842.0, 10842.0, 10842.0, 10842.0, 10842.0, 10842.0, 10842.0, 12115.0, 12115.0, 12115.0, 12116.0, 12116.0, 12119.0, 12127.0, 15248.0, 15249.0, 15250.0, 15250.0, 15254.0]
Generation 3 population print time: 
[10842.0, 10842.0, 10842.0, 10842.0, 10842.0, 10842.0, 10842.0, 10842.0, 10842.0, 10842.0, 10842.0, 12115.0, 12115.0, 12118.0, 12127.0, 15246.0, 15255.0, 15257.0, 15258.0, 15258.0]
Generation 4 population print time: 
[10842.0, 10842.0, 10842.0, 10842.0, 10842.0, 10842.0, 10842.0, 10842.0, 10842.0, 10842.0, 10842.0, 10842.0, 10842.0, 10842.0, 15240.0, 15245.0, 15249.0, 15253.0, 15254.0, 15259.0]
