Original population configuration: 
[(array([[ 1,  6],
       [ 9,  0],
       [12,  7],
       [15,  3]]), array([1, 2, 2, 3]), 14742.0), (array([[ 8,  1],
       [ 4,  2],
       [12,  3],
       [10,  5]]), array([2, 3, 1, 2]), 14743.0), (array([[12,  2],
       [ 7,  3],
       [ 9,  8],
       [ 1,  8]]), array([3, 3, 2, 1]), 14744.0), (array([[12,  7],
       [ 6,  4],
       [ 2,  8],
       [ 1,  3]]), array([2, 1, 3, 2]), 14744.0), (array([[10,  9],
       [ 5, 10],
       [13,  3],
       [ 6,  3]]), array([2, 0, 1, 1]), 14747.0), (array([[ 9,  7],
       [ 6,  8],
       [ 9,  2],
       [12,  0]]), array([1, 1, 0, 2]), 14751.0), (array([[ 8,  5],
       [12,  5],
       [ 4,  4],
       [ 3,  8]]), array([1, 2, 2, 3]), 14891.0), (array([[ 7,  9],
       [11, 10],
       [ 2,  8],
       [10,  4]]), array([1, 1, 2, 1]), 14892.0), (array([[ 4,  8],
       [ 1, 10],
       [ 6,  0],
       [14,  6]]), array([1, 1, 2, 3]), 14894.0), (array([[ 1, 10],
       [ 4,  8],
       [ 2,  2],
       [14,  2]]), array([1, 1, 2, 3]), 15121.0), (array([[ 3,  3],
       [ 8,  4],
       [ 6, 11],
       [10,  8]]), array([3, 1, 0, 0]), 15122.0), (array([[11,  8],
       [11,  3],
       [ 3,  9],
       [ 1,  6]]), array([1, 1, 2, 1]), 15128.0), (array([[13,  4],
       [10,  1],
       [ 6,  9],
       [ 3,  6]]), array([1, 3, 1, 1]), 15132.0), (array([[ 0,  5],
       [ 6,  1],
       [10, 10],
       [13,  3]]), array([1, 3, 1, 3]), 15135.0), (array([[12,  1],
       [ 4,  4],
       [ 3,  0],
       [ 6,  9]]), array([2, 3, 2, 1]), 15434.0), (array([[12,  8],
       [12,  4],
       [10,  2],
       [ 3,  0]]), array([2, 2, 0, 2]), 15446.0), (array([[11,  0],
       [ 6,  6],
       [11, 10],
       [ 1,  8]]), array([2, 1, 0, 2]), 15452.0), (array([[ 9, 10],
       [13,  8],
       [ 9,  2],
       [ 1,  9]]), array([0, 1, 2, 1]), 15591.0), (array([[10,  5],
       [10,  3],
       [ 8,  6],
       [ 0,  3]]), array([2, 0, 3, 1]), 15598.0), (array([[1, 7],
       [2, 4],
       [9, 9],
       [9, 3]]), array([2, 2, 2, 0]), 15599.0)]
Generation 1 population configuration: 
[(array([[ 1,  6],
       [ 9,  0],
       [12,  7],
       [15,  3]]), array([1, 2, 2, 3]), 14742.0), (array([[ 8,  1],
       [ 4,  2],
       [12,  3],
       [10,  5]]), array([2, 3, 1, 2]), 14743.0), (array([[12,  2],
       [ 7,  3],
       [ 9,  8],
       [ 1,  8]]), array([3, 3, 2, 1]), 14744.0), (array([[12,  7],
       [ 6,  4],
       [ 2,  8],
       [ 1,  3]]), array([2, 1, 3, 2]), 14744.0), (array([[ 5,  4],
       [ 7,  4],
       [ 8,  9],
       [12,  1]]), array([3, 1, 2, 2]), 14744.0), (array([[ 3,  7],
       [ 4,  9],
       [ 7,  4],
       [14,  6]]), array([3, 1, 1, 3]), 14745.0), (array([[10,  9],
       [ 5, 10],
       [13,  3],
       [ 6,  3]]), array([2, 0, 1, 1]), 14747.0), (array([[12.,  8.],
       [12.,  3.],
       [10.,  2.],
       [ 3.,  9.]]), array([2, 2, 0, 1]), 14749.0), (array([[ 9,  7],
       [ 6,  8],
       [ 9,  2],
       [12,  0]]), array([1, 1, 0, 2]), 14751.0), (array([[ 9.,  7.],
       [ 6.,  8.],
       [ 9.,  2.],
       [12.,  0.]]), array([1, 1, 0, 2]), 14751.0), (array([[ 9.,  7.],
       [ 6.,  8.],
       [ 9.,  2.],
       [12.,  0.]]), array([1, 1, 0, 2]), 14751.0), (array([[ 8.,  5.],
       [12.,  5.],
       [ 4.,  4.],
       [ 3.,  8.]]), array([1, 2, 2, 3]), 14891.0), (array([[ 3, 11],
       [ 5,  6],
       [10,  7],
       [ 9,  1]]), array([0, 0, 2, 2]), 14902.0), (array([[ 3.,  3.],
       [ 8.,  4.],
       [ 6., 11.],
       [10.,  8.]]), array([3, 1, 0, 0]), 15122.0), (array([[ 0,  6],
       [ 7,  1],
       [10, 10],
       [12,  6]]), array([1, 2, 0, 0]), 15128.0), (array([[13.,  4.],
       [10.,  1.],
       [ 6.,  9.],
       [ 3.,  6.]]), array([1, 3, 1, 1]), 15132.0), (array([[12.,  8.],
       [12.,  4.],
       [10.,  2.],
       [ 3.,  0.]]), array([2, 2, 0, 2]), 15446.0), (array([[ 9,  8],
       [13,  5],
       [ 2,  8],
       [ 3,  2]]), array([2, 1, 2, 3]), 15451.0), (array([[ 4,  4],
       [ 1,  3],
       [ 3,  9],
       [14,  2]]), array([1, 1, 0, 0]), 15456.0), (array([[10.,  5.],
       [10.,  3.],
       [ 8.,  6.],
       [ 0.,  3.]]), array([2, 0, 3, 1]), 15598.0)]
Generation 2 population configuration: 
[(array([[9., 7.],
       [6., 8.],
       [2., 8.],
       [3., 2.]]), array([1, 1, 2, 3]), 13922.0), (array([[ 1,  6],
       [ 9,  0],
       [12,  7],
       [15,  3]]), array([1, 2, 2, 3]), 14742.0), (array([[ 8,  1],
       [ 4,  2],
       [12,  3],
       [10,  5]]), array([2, 3, 1, 2]), 14743.0), (array([[12,  2],
       [ 7,  3],
       [ 9,  8],
       [ 1,  8]]), array([3, 3, 2, 1]), 14744.0), (array([[12,  7],
       [ 6,  4],
       [ 2,  8],
       [ 1,  3]]), array([2, 1, 3, 2]), 14744.0), (array([[ 5,  4],
       [ 7,  4],
       [ 8,  9],
       [12,  1]]), array([3, 1, 2, 2]), 14744.0), (array([[ 3,  7],
       [ 4,  9],
       [ 7,  4],
       [14,  6]]), array([3, 1, 1, 3]), 14745.0), (array([[12.,  8.],
       [12.,  3.],
       [10.,  2.],
       [ 3.,  9.]]), array([2, 2, 0, 1]), 14749.0), (array([[ 9.,  7.],
       [ 6.,  8.],
       [ 9.,  2.],
       [12.,  0.]]), array([1, 1, 0, 2]), 14751.0), (array([[ 9.,  7.],
       [ 6.,  8.],
       [ 9.,  2.],
       [12.,  0.]]), array([1, 1, 0, 2]), 14751.0), (array([[ 9.,  7.],
       [ 6.,  8.],
       [ 9.,  2.],
       [12.,  0.]]), array([1, 1, 0, 2]), 14751.0), (array([[ 3., 11.],
       [ 5.,  6.],
       [10.,  7.],
       [ 9.,  1.]]), array([0, 0, 2, 2]), 14902.0), (array([[ 8,  3],
       [13,  5],
       [ 2,  0],
       [ 6, 10]]), array([1, 3, 2, 0]), 15119.0), (array([[ 3.,  6.],
       [ 7.,  1.],
       [10., 10.],
       [12.,  6.]]), array([1, 2, 0, 0]), 15126.0), (array([[ 2,  4],
       [ 8,  4],
       [ 4, 10],
       [14,  1]]), array([3, 2, 0, 3]), 15126.0), (array([[ 4,  3],
       [ 6,  5],
       [ 8,  1],
       [11,  9]]), array([1, 2, 2, 1]), 15130.0), (array([[ 2,  6],
       [ 7,  5],
       [ 6,  1],
       [ 8, 11]]), array([1, 2, 2, 0]), 15440.0), (array([[ 6,  4],
       [ 2,  5],
       [ 8,  9],
       [13,  6]]), array([1, 1, 1, 1]), 15449.0), (array([[ 9.,  8.],
       [13.,  5.],
       [ 2.,  8.],
       [ 3.,  2.]]), array([2, 1, 2, 3]), 15451.0), (array([[ 0,  3],
       [ 4,  3],
       [ 1,  9],
       [13,  3]]), array([1, 2, 2, 1]), 15464.0)]
Generation 3 population configuration: 
[(array([[9., 7.],
       [6., 8.],
       [2., 8.],
       [3., 2.]]), array([1, 1, 2, 3]), 13922.0), (array([[9., 7.],
       [6., 8.],
       [2., 8.],
       [3., 2.]]), array([1, 1, 2, 3]), 13922.0), (array([[ 1,  6],
       [ 9,  0],
       [12,  7],
       [15,  3]]), array([1, 2, 2, 3]), 14742.0), (array([[ 8,  1],
       [ 4,  2],
       [12,  3],
       [10,  5]]), array([2, 3, 1, 2]), 14743.0), (array([[12,  2],
       [ 7,  3],
       [ 9,  8],
       [ 1,  8]]), array([3, 3, 2, 1]), 14744.0), (array([[12,  7],
       [ 6,  4],
       [ 2,  8],
       [ 1,  3]]), array([2, 1, 3, 2]), 14744.0), (array([[ 5,  4],
       [ 7,  4],
       [ 8,  9],
       [12,  1]]), array([3, 1, 2, 2]), 14744.0), (array([[ 3.,  7.],
       [ 4.,  9.],
       [ 7.,  4.],
       [14.,  6.]]), array([3, 1, 1, 3]), 14745.0), (array([[12.,  8.],
       [12.,  3.],
       [10.,  2.],
       [ 3.,  9.]]), array([2, 2, 0, 1]), 14749.0), (array([[ 9.,  7.],
       [ 6.,  8.],
       [ 9.,  2.],
       [12.,  0.]]), array([1, 1, 0, 2]), 14751.0), (array([[ 3., 11.],
       [ 5.,  6.],
       [10.,  7.],
       [12.,  0.]]), array([0, 0, 0, 2]), 14896.0), (array([[ 3., 11.],
       [ 4.,  6.],
       [10.,  7.],
       [ 9.,  1.]]), array([0, 0, 2, 2]), 14902.0), (array([[11,  5],
       [ 9,  6],
       [ 9,  3],
       [ 0, 10]]), array([1, 0, 0, 1]), 15123.0), (array([[ 2.,  4.],
       [ 8.,  4.],
       [ 4., 10.],
       [14.,  1.]]), array([3, 2, 0, 3]), 15126.0), (array([[ 3,  8],
       [ 1,  6],
       [ 7,  8],
       [14,  8]]), array([2, 1, 1, 0]), 15133.0), (array([[10,  8],
       [12,  4],
       [ 3,  8],
       [ 8,  1]]), array([1, 0, 3, 3]), 15136.0), (array([[ 2.,  6.],
       [ 7.,  5.],
       [ 6.,  1.],
       [ 8., 11.]]), array([1, 2, 2, 0]), 15440.0), (array([[12,  4],
       [ 8,  4],
       [12, 10],
       [ 2,  3]]), array([2, 1, 1, 3]), 15450.0), (array([[13,  6],
       [ 6,  1],
       [ 5, 10],
       [ 1,  8]]), array([1, 2, 1, 2]), 15461.0), (array([[14,  2],
       [ 9, 11],
       [ 3,  4],
       [ 1, 10]]), array([0, 0, 2, 1]), 15466.0)]
Generation 4 population configuration: 
[(array([[9., 7.],
       [6., 8.],
       [2., 8.],
       [3., 2.]]), array([1, 1, 2, 3]), 13922.0), (array([[9., 7.],
       [6., 8.],
       [2., 8.],
       [3., 2.]]), array([1, 1, 2, 3]), 13922.0), (array([[ 1,  6],
       [ 9,  0],
       [12,  7],
       [15,  3]]), array([1, 2, 2, 3]), 14742.0), (array([[ 1.,  6.],
       [ 9.,  0.],
       [12.,  7.],
       [15.,  3.]]), array([1, 2, 2, 3]), 14742.0), (array([[ 8,  1],
       [ 4,  2],
       [12,  3],
       [10,  5]]), array([2, 3, 1, 2]), 14743.0), (array([[12,  2],
       [ 7,  3],
       [ 9,  8],
       [ 1,  8]]), array([3, 3, 2, 1]), 14744.0), (array([[12,  7],
       [ 6,  4],
       [ 2,  8],
       [ 1,  3]]), array([2, 1, 3, 2]), 14744.0), (array([[12.,  8.],
       [12.,  3.],
       [10.,  2.],
       [ 3.,  9.]]), array([2, 2, 0, 1]), 14749.0), (array([[ 3., 11.],
       [ 5.,  6.],
       [10.,  7.],
       [12.,  0.]]), array([0, 0, 0, 2]), 14896.0), (array([[ 3., 11.],
       [ 5.,  6.],
       [10.,  7.],
       [12.,  0.]]), array([0, 0, 0, 2]), 14896.0), (array([[5, 7],
       [8, 5],
       [9, 9],
       [1, 1]]), array([2, 0, 1, 2]), 15128.0), (array([[ 5,  2],
       [ 7,  4],
       [ 3,  8],
       [ 9, 10]]), array([3, 2, 2, 1]), 15131.0), (array([[10,  7],
       [ 8,  8],
       [ 8,  3],
       [12,  3]]), array([2, 3, 0, 1]), 15131.0), (array([[ 7,  5],
       [11,  3],
       [ 2,  9],
       [13,  8]]), array([1, 2, 1, 0]), 15133.0), (array([[ 5,  0],
       [ 6,  6],
       [ 0,  8],
       [12,  7]]), array([2, 3, 1, 1]), 15135.0), (array([[ 2.,  7.],
       [ 7.,  5.],
       [ 6.,  1.],
       [ 8., 11.]]), array([1, 2, 2, 0]), 15440.0), (array([[ 1,  6],
       [ 7,  0],
       [12,  5],
       [14,  7]]), array([2, 2, 0, 3]), 15440.0), (array([[12.,  4.],
       [ 8.,  4.],
       [12., 10.],
       [ 2.,  3.]]), array([2, 1, 1, 3]), 15450.0), (array([[12.,  4.],
       [ 8.,  4.],
       [12., 10.],
       [ 2.,  3.]]), array([2, 1, 1, 3]), 15450.0), (array([[14.,  2.],
       [ 9., 11.],
       [ 3.,  4.],
       [ 1., 10.]]), array([0, 0, 2, 1]), 15466.0)]
Generation 5 population configuration: 
[(array([[9., 7.],
       [6., 8.],
       [2., 8.],
       [3., 2.]]), array([1, 1, 2, 3]), 13922.0), (array([[9., 7.],
       [6., 8.],
       [2., 8.],
       [3., 2.]]), array([1, 1, 2, 3]), 13922.0), (array([[9., 7.],
       [6., 8.],
       [2., 8.],
       [3., 2.]]), array([1, 1, 2, 3]), 13922.0), (array([[9., 7.],
       [6., 8.],
       [2., 8.],
       [3., 2.]]), array([1, 1, 2, 3]), 13922.0), (array([[9., 7.],
       [6., 8.],
       [2., 8.],
       [3., 2.]]), array([1, 1, 2, 3]), 13922.0), (array([[ 1,  6],
       [ 9,  0],
       [12,  7],
       [15,  3]]), array([1, 2, 2, 3]), 14742.0), (array([[ 1.,  6.],
       [ 9.,  0.],
       [12.,  7.],
       [15.,  3.]]), array([1, 2, 2, 3]), 14742.0), (array([[ 1.,  6.],
       [ 9.,  0.],
       [12.,  7.],
       [15.,  3.]]), array([1, 2, 2, 3]), 14742.0), (array([[ 1.,  6.],
       [ 9.,  0.],
       [12.,  7.],
       [15.,  3.]]), array([1, 2, 2, 3]), 14742.0), (array([[ 8,  1],
       [ 4,  2],
       [12,  3],
       [10,  5]]), array([2, 3, 1, 2]), 14743.0), (array([[12,  2],
       [ 7,  3],
       [ 9,  8],
       [ 1,  8]]), array([3, 3, 2, 1]), 14744.0), (array([[ 5, 10],
       [10, 10],
       [11,  6],
       [ 8,  3]]), array([0, 0, 1, 0]), 15131.0), (array([[ 5.,  0.],
       [ 6.,  6.],
       [ 0.,  8.],
       [12.,  7.]]), array([2, 3, 1, 1]), 15135.0), (array([[ 1.,  6.],
       [ 7.,  0.],
       [12.,  5.],
       [14.,  7.]]), array([2, 2, 0, 3]), 15440.0), (array([[12,  4],
       [12,  9],
       [ 6,  7],
       [ 1,  5]]), array([1, 2, 2, 2]), 15445.0), (array([[12.,  4.],
       [ 8.,  4.],
       [12., 10.],
       [ 2.,  3.]]), array([2, 1, 1, 3]), 15450.0), (array([[ 5,  4],
       [ 5,  8],
       [ 1,  3],
       [14,  5]]), array([2, 3, 1, 0]), 15455.0), (array([[ 4,  3],
       [ 0,  4],
       [10,  3],
       [11, 10]]), array([1, 1, 1, 1]), 15455.0), (array([[0, 9],
       [5, 8],
       [9, 8],
       [2, 0]]), array([1, 3, 2, 2]), 15598.0), (array([[ 7,  0],
       [ 7,  5],
       [11,  5],
       [ 2,  5]]), array([2, 3, 0, 1]), 16297.0)]
Generation 6 population configuration: 
[(array([[9., 7.],
       [6., 8.],
       [2., 8.],
       [3., 2.]]), array([1, 1, 2, 3]), 13922.0), (array([[9., 7.],
       [6., 8.],
       [2., 8.],
       [3., 2.]]), array([1, 1, 2, 3]), 13922.0), (array([[9., 7.],
       [6., 8.],
       [2., 8.],
       [3., 2.]]), array([1, 1, 2, 3]), 13922.0), (array([[9., 7.],
       [6., 8.],
       [2., 8.],
       [3., 2.]]), array([1, 1, 2, 3]), 13922.0), (array([[9., 7.],
       [6., 8.],
       [2., 8.],
       [3., 2.]]), array([1, 1, 2, 3]), 13922.0), (array([[9., 7.],
       [6., 8.],
       [2., 8.],
       [3., 2.]]), array([1, 1, 2, 3]), 13922.0), (array([[9., 7.],
       [6., 8.],
       [2., 8.],
       [3., 2.]]), array([1, 1, 2, 3]), 13922.0), (array([[9., 7.],
       [6., 8.],
       [2., 8.],
       [3., 2.]]), array([1, 1, 2, 3]), 13922.0), (array([[9., 7.],
       [6., 8.],
       [2., 8.],
       [3., 2.]]), array([1, 1, 2, 3]), 13922.0), (array([[ 1,  6],
       [ 9,  0],
       [12,  7],
       [15,  3]]), array([1, 2, 2, 3]), 14742.0), (array([[ 1.,  6.],
       [ 9.,  0.],
       [12.,  7.],
       [15.,  3.]]), array([1, 2, 2, 3]), 14742.0), (array([[ 7,  2],
       [ 4,  4],
       [12,  5],
       [ 8,  9]]), array([0, 2, 2, 2]), 14743.0), (array([[12.,  2.],
       [ 7.,  3.],
       [ 9.,  8.],
       [ 1.,  8.]]), array([3, 3, 2, 1]), 14744.0), (array([[12.,  2.],
       [ 7.,  3.],
       [ 9.,  8.],
       [ 1.,  8.]]), array([3, 3, 2, 1]), 14744.0), (array([[10,  4],
       [15,  2],
       [ 3,  5],
       [14, 10]]), array([0, 3, 0, 0]), 15126.0), (array([[ 5.,  0.],
       [ 6.,  6.],
       [ 0.,  8.],
       [12.,  7.]]), array([2, 3, 1, 1]), 15135.0), (array([[ 3,  1],
       [ 3,  7],
       [11,  5],
       [ 7,  9]]), array([2, 1, 2, 1]), 15439.0), (array([[ 0,  5],
       [ 7,  6],
       [ 6,  9],
       [13,  5]]), array([1, 2, 2, 3]), 15441.0), (array([[ 9,  4],
       [ 3,  4],
       [13,  9],
       [ 3,  9]]), array([1, 0, 1, 0]), 15455.0), (array([[1, 2],
       [1, 8],
       [7, 1],
       [9, 3]]), array([2, 1, 3, 2]), 15594.0)]
Generation 7 population configuration: 
[(array([[11,  5],
       [12, 10],
       [ 5,  7],
       [ 9, 11]]), array([1, 1, 1, 0]), 7878.0), (array([[9., 7.],
       [6., 8.],
       [2., 8.],
       [3., 2.]]), array([1, 1, 2, 3]), 13922.0), (array([[9., 7.],
       [6., 8.],
       [2., 8.],
       [3., 2.]]), array([1, 1, 2, 3]), 13922.0), (array([[9., 7.],
       [6., 8.],
       [2., 8.],
       [3., 2.]]), array([1, 1, 2, 3]), 13922.0), (array([[9., 7.],
       [6., 8.],
       [2., 8.],
       [3., 2.]]), array([1, 1, 2, 3]), 13922.0), (array([[9., 7.],
       [6., 8.],
       [2., 8.],
       [3., 2.]]), array([1, 1, 2, 3]), 13922.0), (array([[9., 7.],
       [6., 8.],
       [2., 8.],
       [3., 2.]]), array([1, 1, 2, 3]), 13922.0), (array([[9., 7.],
       [6., 8.],
       [2., 8.],
       [3., 2.]]), array([1, 1, 2, 3]), 13922.0), (array([[9., 7.],
       [6., 8.],
       [2., 8.],
       [3., 2.]]), array([1, 1, 2, 3]), 13922.0), (array([[9., 7.],
       [6., 8.],
       [2., 8.],
       [3., 2.]]), array([1, 1, 2, 3]), 13922.0), (array([[9., 7.],
       [6., 8.],
       [2., 8.],
       [3., 2.]]), array([1, 1, 2, 3]), 13922.0), (array([[9., 7.],
       [6., 8.],
       [2., 8.],
       [3., 2.]]), array([1, 1, 2, 3]), 13922.0), (array([[9., 7.],
       [6., 8.],
       [2., 8.],
       [3., 2.]]), array([1, 1, 2, 3]), 13922.0), (array([[9., 7.],
       [6., 8.],
       [2., 8.],
       [3., 2.]]), array([1, 1, 2, 3]), 13922.0), (array([[ 7.,  2.],
       [ 4.,  4.],
       [12.,  5.],
       [ 8.,  9.]]), array([0, 2, 2, 2]), 14743.0), (array([[ 3, 10],
       [ 6,  9],
       [ 7,  6],
       [11,  5]]), array([0, 2, 1, 2]), 14743.0), (array([[ 0,  3],
       [ 1, 10],
       [ 9,  9],
       [11,  2]]), array([1, 1, 0, 3]), 15116.0), (array([[ 1,  4],
       [ 4, 10],
       [ 7,  9],
       [12, 10]]), array([1, 1, 1, 1]), 15127.0), (array([[ 7,  2],
       [ 9,  9],
       [13,  7],
       [ 1,  7]]), array([0, 2, 1, 1]), 15131.0), (array([[ 6,  8],
       [ 3,  8],
       [12, 10],
       [12,  6]]), array([1, 3, 0, 0]), 15144.0)]
Generation 8 population configuration: 
[(array([[11,  5],
       [12, 10],
       [ 5,  7],
       [ 9, 11]]), array([1, 1, 1, 0]), 7878.0), (array([[11.,  5.],
       [12., 10.],
       [ 5.,  7.],
       [ 9., 11.]]), array([1, 1, 1, 0]), 7878.0), (array([[11.,  5.],
       [12., 10.],
       [ 5.,  7.],
       [ 9., 11.]]), array([1, 1, 1, 0]), 7878.0), (array([[11.,  5.],
       [12., 10.],
       [ 5.,  7.],
       [ 9., 11.]]), array([1, 1, 1, 0]), 7878.0), (array([[11.,  5.],
       [12., 10.],
       [ 5.,  7.],
       [ 9., 11.]]), array([1, 1, 1, 0]), 7878.0), (array([[11.,  5.],
       [12., 10.],
       [ 5.,  7.],
       [ 9., 11.]]), array([1, 1, 1, 0]), 7878.0), (array([[11.,  5.],
       [12., 10.],
       [ 5.,  7.],
       [ 9., 11.]]), array([1, 1, 1, 0]), 7878.0), (array([[9., 7.],
       [6., 8.],
       [2., 8.],
       [3., 2.]]), array([1, 1, 2, 3]), 13922.0), (array([[9., 7.],
       [6., 8.],
       [2., 8.],
       [3., 2.]]), array([1, 1, 2, 3]), 13922.0), (array([[9., 7.],
       [6., 8.],
       [2., 8.],
       [3., 2.]]), array([1, 1, 2, 3]), 13922.0), (array([[9., 7.],
       [6., 8.],
       [2., 8.],
       [3., 2.]]), array([1, 1, 2, 3]), 13922.0), (array([[9., 7.],
       [6., 8.],
       [2., 8.],
       [3., 2.]]), array([1, 1, 2, 3]), 13922.0), (array([[9., 7.],
       [6., 8.],
       [2., 8.],
       [3., 2.]]), array([1, 1, 2, 3]), 13922.0), (array([[9., 7.],
       [6., 8.],
       [2., 8.],
       [3., 2.]]), array([1, 1, 2, 3]), 13922.0), (array([[ 3,  3],
       [ 9,  1],
       [ 4, 10],
       [10,  8]]), array([3, 2, 1, 2]), 14897.0), (array([[13,  3],
       [ 8,  3],
       [ 8,  8],
       [ 2,  7]]), array([1, 0, 3, 3]), 15124.0), (array([[14,  3],
       [11,  7],
       [ 8,  3],
       [ 7,  7]]), array([0, 1, 0, 2]), 15131.0), (array([[ 7,  3],
       [10,  7],
       [ 4,  7],
       [12,  7]]), array([0, 3, 2, 1]), 15453.0), (array([[12,  4],
       [13,  9],
       [ 3,  2],
       [ 3,  7]]), array([0, 1, 2, 2]), 15455.0), (array([[ 8,  6],
       [13,  8],
       [10,  0],
       [ 1,  5]]), array([2, 1, 2, 2]), 15598.0)]
Generation 9 population configuration: 
[(array([[11,  5],
       [12, 10],
       [ 5,  7],
       [ 9, 11]]), array([1, 1, 1, 0]), 7878.0), (array([[11.,  5.],
       [12., 10.],
       [ 5.,  7.],
       [ 9., 11.]]), array([1, 1, 1, 0]), 7878.0), (array([[11.,  5.],
       [12., 10.],
       [ 5.,  7.],
       [ 9., 11.]]), array([1, 1, 1, 0]), 7878.0), (array([[11.,  5.],
       [12., 10.],
       [ 5.,  7.],
       [ 9., 11.]]), array([1, 1, 1, 0]), 7878.0), (array([[11.,  5.],
       [12., 10.],
       [ 5.,  7.],
       [ 9., 11.]]), array([1, 1, 1, 0]), 7878.0), (array([[11.,  5.],
       [12., 10.],
       [ 5.,  7.],
       [ 9., 11.]]), array([1, 1, 1, 0]), 7878.0), (array([[11.,  5.],
       [12., 10.],
       [ 5.,  7.],
       [ 9., 11.]]), array([1, 1, 1, 0]), 7878.0), (array([[11.,  5.],
       [12., 10.],
       [ 5.,  7.],
       [ 9., 11.]]), array([1, 1, 1, 0]), 7878.0), (array([[11.,  5.],
       [12., 10.],
       [ 5.,  7.],
       [ 9., 11.]]), array([1, 1, 1, 0]), 7878.0), (array([[11.,  5.],
       [12., 10.],
       [ 5.,  7.],
       [ 9., 11.]]), array([1, 1, 1, 0]), 7878.0), (array([[11.,  5.],
       [12., 10.],
       [ 5.,  7.],
       [ 9., 11.]]), array([1, 1, 1, 0]), 7878.0), (array([[11.,  5.],
       [12., 10.],
       [ 5.,  7.],
       [ 9., 11.]]), array([1, 1, 1, 0]), 7878.0), (array([[11.,  5.],
       [12., 10.],
       [ 5.,  7.],
       [ 9., 11.]]), array([1, 1, 1, 0]), 7878.0), (array([[11.,  5.],
       [12., 10.],
       [ 5.,  7.],
       [ 9., 11.]]), array([1, 1, 1, 0]), 7878.0), (array([[12,  3],
       [ 6,  2],
       [ 6,  4],
       [ 3, 11]]), array([3, 0, 3, 0]), 14741.0), (array([[ 5,  5],
       [ 5,  9],
       [10,  3],
       [ 2,  0]]), array([2, 2, 2, 2]), 14742.0), (array([[ 5,  8],
       [ 0,  7],
       [10, 10],
       [ 6,  1]]), array([3, 1, 0, 2]), 15129.0), (array([[ 9,  8],
       [ 4,  6],
       [ 4,  3],
       [14,  2]]), array([2, 3, 0, 0]), 15133.0), (array([[ 5,  3],
       [ 3,  6],
       [10,  3],
       [11,  8]]), array([0, 0, 1, 1]), 15454.0), (array([[12,  6],
       [ 8,  4],
       [ 4,  9],
       [ 3,  5]]), array([1, 2, 2, 1]), 15594.0)]
Converged in 10 generations!