Original population configuration: 
[(array([[ 6,  1],
       [ 1,  1],
       [ 9,  7],
       [13,  2]]), array([2, 2, 2, 1]), 9357.0), (array([[8, 0],
       [3, 4],
       [4, 5],
       [8, 8]]), array([2, 0, 2, 2]), 9359.0), (array([[ 3,  6],
       [ 3,  5],
       [10,  7],
       [14,  4]]), array([2, 0, 2, 3]), 9360.0), (array([[ 4,  6],
       [ 5,  1],
       [11,  4],
       [11,  0]]), array([2, 2, 2, 2]), 9360.0), (array([[ 7,  5],
       [ 2,  4],
       [12,  7],
       [13,  6]]), array([2, 2, 2, 0]), 9361.0), (array([[ 4,  6],
       [ 4,  5],
       [ 9,  3],
       [14,  3]]), array([2, 0, 2, 2]), 9361.0), (array([[ 1,  6],
       [10,  1],
       [12,  9],
       [14,  8]]), array([1, 2, 3, 0]), 9364.0), (array([[ 2,  1],
       [ 8,  4],
       [13,  2],
       [14,  7]]), array([2, 2, 2, 2]), 9365.0), (array([[13, 11],
       [ 9,  4],
       [ 4,  6],
       [ 3,  3]]), array([0, 1, 1, 0]), 10442.0), (array([[11,  1],
       [ 5,  9],
       [ 1,  6],
       [ 1, 10]]), array([2, 1, 1, 1]), 10450.0), (array([[ 6, 10],
       [12,  6],
       [ 2,  4],
       [13,  2]]), array([0, 3, 0, 0]), 14067.0), (array([[ 7,  5],
       [10,  7],
       [ 4,  8],
       [ 2,  5]]), array([0, 1, 1, 2]), 14068.0), (array([[ 4,  3],
       [11,  1],
       [11,  7],
       [ 6, 11]]), array([1, 2, 3, 0]), 15135.0), (array([[ 9,  7],
       [11,  7],
       [ 8,  2],
       [ 1, 10]]), array([3, 2, 3, 1]), 17747.0), (array([[ 5,  3],
       [ 0,  3],
       [11,  6],
       [ 3, 10]]), array([1, 1, 2, 1]), 17762.0), (array([[ 4,  9],
       [ 2,  4],
       [13,  7],
       [14,  1]]), array([1, 1, 0, 2]), 17767.0), (array([[ 7, 10],
       [ 0,  6],
       [14,  5],
       [ 4,  1]]), array([1, 1, 0, 3]), 19568.0), (array([[ 7,  0],
       [ 1,  4],
       [ 6,  8],
       [11, 10]]), array([2, 1, 2, 0]), 20089.0), (array([[ 1,  2],
       [10,  2],
       [ 7,  9],
       [12,  1]]), array([2, 3, 1, 2]), 20106.0), (array([[13,  5],
       [ 7,  9],
       [ 6,  3],
       [ 1,  4]]), array([0, 1, 0, 0]), 20871.0)]
Generation 1 population configuration: 
[(array([[ 6,  1],
       [ 1,  1],
       [ 9,  7],
       [13,  2]]), array([2, 2, 2, 1]), 9357.0), (array([[ 6.,  1.],
       [ 1.,  1.],
       [ 9.,  7.],
       [14.,  7.]]), array([2, 2, 2, 2]), 9357.0), (array([[8, 0],
       [3, 4],
       [4, 5],
       [8, 8]]), array([2, 0, 2, 2]), 9359.0), (array([[ 6, 10],
       [ 4,  4],
       [11,  6],
       [ 6,  1]]), array([0, 0, 0, 1]), 9359.0), (array([[ 3,  6],
       [ 3,  5],
       [10,  7],
       [14,  4]]), array([2, 0, 2, 3]), 9360.0), (array([[ 4,  6],
       [ 5,  1],
       [11,  4],
       [11,  0]]), array([2, 2, 2, 2]), 9360.0), (array([[ 3.,  6.],
       [ 3.,  5.],
       [10.,  7.],
       [14.,  4.]]), array([2, 0, 2, 3]), 9360.0), (array([[ 3.,  6.],
       [ 3.,  5.],
       [10.,  7.],
       [14.,  4.]]), array([2, 0, 2, 3]), 9360.0), (array([[ 7,  5],
       [ 2,  4],
       [12,  7],
       [13,  6]]), array([2, 2, 2, 0]), 9361.0), (array([[ 4,  6],
       [ 4,  5],
       [ 9,  3],
       [14,  3]]), array([2, 0, 2, 2]), 9361.0), (array([[ 4.,  6.],
       [ 4.,  5.],
       [10.,  7.],
       [14.,  4.]]), array([2, 0, 2, 3]), 9361.0), (array([[ 7.,  5.],
       [ 2.,  4.],
       [12.,  7.],
       [13.,  6.]]), array([2, 2, 2, 0]), 9361.0), (array([[ 1.,  6.],
       [10.,  1.],
       [12.,  9.],
       [14.,  8.]]), array([1, 2, 3, 0]), 9364.0), (array([[ 2.,  1.],
       [ 8.,  4.],
       [13.,  2.],
       [14.,  7.]]), array([2, 2, 2, 2]), 9365.0), (array([[ 6., 10.],
       [12.,  6.],
       [ 2.,  4.],
       [13.,  2.]]), array([0, 3, 0, 0]), 14067.0), (array([[10,  8],
       [ 6,  7],
       [ 7,  2],
       [ 4,  2]]), array([1, 3, 2, 2]), 18197.0), (array([[ 6,  9],
       [ 5,  2],
       [14,  9],
       [ 8,  1]]), array([1, 3, 0, 3]), 19573.0), (array([[ 3,  0],
       [ 3, 10],
       [12,  9],
       [14,  7]]), array([2, 1, 3, 2]), 19734.0), (array([[ 5,  6],
       [ 7,  3],
       [12,  6],
       [13,  9]]), array([2, 1, 1, 3]), 20112.0), (array([[ 3,  6],
       [ 1, 10],
       [ 8,  5],
       [ 5,  1]]), array([0, 1, 1, 1]), 20376.0)]
Generation 2 population configuration: 
[(array([[ 6,  1],
       [ 1,  1],
       [ 9,  7],
       [13,  2]]), array([2, 2, 2, 1]), 9357.0), (array([[ 6.,  1.],
       [ 1.,  1.],
       [ 9.,  7.],
       [14.,  7.]]), array([2, 2, 2, 2]), 9357.0), (array([[8, 0],
       [3, 4],
       [4, 5],
       [8, 8]]), array([2, 0, 2, 2]), 9359.0), (array([[ 6, 10],
       [ 4,  4],
       [11,  6],
       [ 6,  1]]), array([0, 0, 0, 1]), 9359.0), (array([[ 6., 10.],
       [ 4.,  4.],
       [11.,  6.],
       [ 6.,  1.]]), array([0, 0, 0, 1]), 9359.0), (array([[ 6., 10.],
       [ 4.,  4.],
       [11.,  6.],
       [ 6.,  1.]]), array([0, 0, 0, 1]), 9359.0), (array([[ 3,  6],
       [ 3,  5],
       [10,  7],
       [14,  4]]), array([2, 0, 2, 3]), 9360.0), (array([[ 4,  6],
       [ 5,  1],
       [11,  4],
       [11,  0]]), array([2, 2, 2, 2]), 9360.0), (array([[ 3.,  6.],
       [ 3.,  5.],
       [10.,  7.],
       [14.,  4.]]), array([2, 0, 2, 3]), 9360.0), (array([[ 3.,  6.],
       [ 3.,  5.],
       [10.,  7.],
       [14.,  4.]]), array([2, 0, 2, 3]), 9360.0), (array([[ 3.,  6.],
       [ 3.,  5.],
       [10.,  7.],
       [14.,  4.]]), array([2, 0, 2, 3]), 9360.0), (array([[ 8,  5],
       [ 4,  2],
       [11, 10],
       [ 2,  5]]), array([1, 2, 1, 3]), 9360.0), (array([[ 4.,  6.],
       [ 4.,  5.],
       [10.,  7.],
       [14.,  8.]]), array([2, 0, 2, 2]), 9361.0), (array([[ 4.,  6.],
       [ 4.,  5.],
       [ 9.,  3.],
       [14.,  3.]]), array([2, 0, 2, 2]), 9361.0), (array([[ 4,  3],
       [ 1,  6],
       [ 7,  7],
       [ 7, 10]]), array([1, 2, 1, 1]), 9362.0), (array([[ 2.,  1.],
       [ 8.,  4.],
       [13.,  2.],
       [14.,  7.]]), array([2, 2, 2, 2]), 9365.0), (array([[12,  3],
       [ 6,  6],
       [ 4, 10],
       [ 1,  6]]), array([2, 0, 1, 0]), 10443.0), (array([[ 5,  3],
       [12,  1],
       [ 2, 10],
       [ 5, 11]]), array([2, 2, 0, 0]), 17469.0), (array([[ 3,  7],
       [ 7,  6],
       [11, 10],
       [14,  4]]), array([0, 1, 1, 2]), 17763.0), (array([[ 6,  5],
       [ 9,  3],
       [ 9,  9],
       [12,  8]]), array([0, 1, 0, 2]), 19813.0)]
Generation 3 population configuration: 
[(array([[ 6,  1],
       [ 1,  1],
       [ 9,  7],
       [13,  2]]), array([2, 2, 2, 1]), 9357.0), (array([[ 6.,  1.],
       [ 1.,  1.],
       [ 9.,  7.],
       [14.,  7.]]), array([2, 2, 2, 2]), 9357.0), (array([[ 6.,  1.],
       [ 1.,  1.],
       [ 9.,  7.],
       [13.,  2.]]), array([2, 2, 2, 1]), 9357.0), (array([[ 6.,  1.],
       [ 1.,  1.],
       [ 9.,  7.],
       [14.,  4.]]), array([2, 2, 2, 3]), 9357.0), (array([[8, 0],
       [3, 4],
       [4, 5],
       [8, 8]]), array([2, 0, 2, 2]), 9359.0), (array([[ 6, 10],
       [ 4,  4],
       [11,  6],
       [ 6,  1]]), array([0, 0, 0, 1]), 9359.0), (array([[ 6., 10.],
       [ 4.,  4.],
       [11.,  6.],
       [ 6.,  1.]]), array([0, 0, 0, 1]), 9359.0), (array([[ 6., 10.],
       [ 4.,  4.],
       [11.,  6.],
       [ 6.,  1.]]), array([0, 0, 0, 1]), 9359.0), (array([[8., 0.],
       [3., 4.],
       [4., 5.],
       [8., 8.]]), array([2, 0, 2, 2]), 9359.0), (array([[ 5,  8],
       [ 5,  1],
       [11,  4],
       [13,  7]]), array([3, 2, 1, 3]), 9359.0), (array([[ 3.,  6.],
       [ 3.,  5.],
       [10.,  7.],
       [14.,  4.]]), array([2, 0, 2, 3]), 9360.0), (array([[ 3.,  6.],
       [ 3.,  5.],
       [10.,  7.],
       [14.,  4.]]), array([2, 0, 2, 3]), 9360.0), (array([[ 3.,  6.],
       [ 3.,  5.],
       [10.,  7.],
       [14.,  4.]]), array([2, 0, 2, 3]), 9360.0), (array([[ 3.,  6.],
       [ 3.,  5.],
       [10.,  7.],
       [14.,  4.]]), array([2, 0, 2, 3]), 9360.0), (array([[ 2.,  1.],
       [ 8.,  4.],
       [13.,  2.],
       [14.,  7.]]), array([2, 2, 2, 2]), 9365.0), (array([[12,  5],
       [ 6,  4],
       [ 2,  4],
       [ 2,  9]]), array([2, 1, 1, 2]), 10449.0), (array([[ 5,  8],
       [ 1,  4],
       [11, 11],
       [13,  5]]), array([3, 1, 0, 1]), 17764.0), (array([[10,  0],
       [ 5,  3],
       [ 3,  1],
       [11,  8]]), array([2, 2, 3, 1]), 18676.0), (array([[ 7,  6],
       [ 9,  1],
       [11,  2],
       [14,  5]]), array([3, 3, 1, 2]), 19558.0), (array([[ 4,  5],
       [ 5,  3],
       [12,  5],
       [12,  7]]), array([2, 1, 1, 2]), 20112.0)]
Generation 4 population configuration: 
[(array([[ 6,  1],
       [ 1,  1],
       [ 9,  7],
       [13,  2]]), array([2, 2, 2, 1]), 9357.0), (array([[ 6.,  1.],
       [ 1.,  1.],
       [ 9.,  7.],
       [14.,  7.]]), array([2, 2, 2, 2]), 9357.0), (array([[ 6.,  1.],
       [ 1.,  1.],
       [ 9.,  7.],
       [13.,  2.]]), array([2, 2, 2, 1]), 9357.0), (array([[ 6.,  1.],
       [ 1.,  1.],
       [ 9.,  7.],
       [14.,  4.]]), array([2, 2, 2, 3]), 9357.0), (array([[ 6.,  1.],
       [ 1.,  1.],
       [ 9.,  7.],
       [14.,  4.]]), array([2, 2, 2, 3]), 9357.0), (array([[ 6.,  1.],
       [ 1.,  1.],
       [ 9.,  7.],
       [14.,  4.]]), array([2, 2, 2, 3]), 9357.0), (array([[ 6.,  1.],
       [ 1.,  1.],
       [ 9.,  7.],
       [14.,  7.]]), array([2, 2, 2, 2]), 9357.0), (array([[ 6.,  1.],
       [ 1.,  1.],
       [ 9.,  7.],
       [15.,  4.]]), array([2, 2, 2, 3]), 9357.0), (array([[1, 9],
       [3, 4],
       [9, 6],
       [8, 2]]), array([1, 0, 1, 0]), 9358.0), (array([[8, 0],
       [3, 4],
       [4, 5],
       [8, 8]]), array([2, 0, 2, 2]), 9359.0), (array([[ 6, 10],
       [ 4,  4],
       [11,  6],
       [ 6,  1]]), array([0, 0, 0, 1]), 9359.0), (array([[ 6., 10.],
       [ 4.,  4.],
       [11.,  6.],
       [ 6.,  1.]]), array([0, 0, 0, 1]), 9359.0), (array([[ 6., 10.],
       [ 4.,  4.],
       [11.,  6.],
       [ 6.,  1.]]), array([0, 0, 0, 1]), 9359.0), (array([[ 3.,  6.],
       [ 3.,  5.],
       [10.,  7.],
       [14.,  4.]]), array([2, 0, 2, 3]), 9360.0), (array([[ 9,  5],
       [ 2,  6],
       [ 4, 10],
       [ 1,  9]]), array([2, 1, 1, 1]), 9944.0), (array([[12.,  5.],
       [ 6.,  4.],
       [ 2.,  4.],
       [ 2.,  9.]]), array([2, 1, 2, 2]), 10449.0), (array([[ 7,  4],
       [12,  4],
       [ 3,  1],
       [ 2,  9]]), array([2, 2, 3, 2]), 14069.0), (array([[ 7,  4],
       [ 9,  7],
       [ 1,  1],
       [14,  0]]), array([1, 3, 2, 2]), 16417.0), (array([[ 1,  3],
       [ 7,  5],
       [ 9,  3],
       [12,  4]]), array([1, 2, 0, 1]), 19739.0), (array([[ 2,  6],
       [ 7,  4],
       [ 4,  1],
       [13,  4]]), array([2, 2, 3, 1]), 19747.0)]
Generation 5 population configuration: 
[(array([[ 6,  1],
       [ 1,  1],
       [ 9,  7],
       [13,  2]]), array([2, 2, 2, 1]), 9357.0), (array([[ 6.,  1.],
       [ 1.,  1.],
       [ 9.,  7.],
       [14.,  7.]]), array([2, 2, 2, 2]), 9357.0), (array([[ 6.,  1.],
       [ 1.,  1.],
       [ 9.,  7.],
       [13.,  2.]]), array([2, 2, 2, 1]), 9357.0), (array([[ 6.,  1.],
       [ 1.,  1.],
       [ 9.,  7.],
       [14.,  4.]]), array([2, 2, 2, 3]), 9357.0), (array([[ 6.,  1.],
       [ 1.,  1.],
       [ 9.,  7.],
       [14.,  4.]]), array([2, 2, 2, 3]), 9357.0), (array([[ 6.,  1.],
       [ 1.,  1.],
       [ 9.,  7.],
       [14.,  4.]]), array([2, 2, 2, 3]), 9357.0), (array([[ 6.,  1.],
       [ 1.,  1.],
       [ 9.,  7.],
       [13.,  2.]]), array([2, 2, 2, 1]), 9357.0), (array([[ 6.,  1.],
       [ 1.,  1.],
       [ 9.,  7.],
       [13.,  2.]]), array([2, 2, 2, 1]), 9357.0), (array([[ 6.,  1.],
       [ 1.,  1.],
       [ 9.,  7.],
       [14.,  4.]]), array([2, 2, 2, 3]), 9357.0), (array([[ 6.,  1.],
       [ 1.,  1.],
       [ 9.,  7.],
       [14.,  4.]]), array([2, 2, 2, 3]), 9357.0), (array([[ 9,  1],
       [ 2,  1],
       [10,  9],
       [ 4,  8]]), array([2, 2, 1, 1]), 9358.0), (array([[ 6., 10.],
       [ 4.,  4.],
       [11.,  6.],
       [ 6.,  1.]]), array([0, 0, 0, 1]), 9359.0), (array([[ 6., 10.],
       [ 4.,  4.],
       [11.,  6.],
       [ 6.,  1.]]), array([0, 0, 0, 1]), 9359.0), (array([[ 8,  4],
       [ 5,  4],
       [12,  7],
       [ 1,  8]]), array([2, 0, 1, 0]), 9360.0), (array([[ 8.,  0.],
       [ 3.,  4.],
       [ 9.,  7.],
       [14.,  4.]]), array([2, 2, 2, 3]), 9362.0), (array([[ 9.,  5.],
       [ 2.,  6.],
       [ 4., 10.],
       [ 1.,  9.]]), array([2, 1, 1, 1]), 9944.0), (array([[12,  5],
       [11,  9],
       [ 3,  9],
       [ 2,  2]]), array([0, 1, 1, 1]), 14075.0), (array([[ 7,  1],
       [12,  1],
       [ 9,  9],
       [ 4,  9]]), array([3, 2, 1, 2]), 15136.0), (array([[ 9,  6],
       [11,  1],
       [ 3,  5],
       [ 3, 10]]), array([2, 2, 2, 3]), 18048.0), (array([[ 8,  9],
       [ 0,  8],
       [ 4,  2],
       [13,  2]]), array([0, 1, 1, 2]), 18501.0)]
Generation 6 population configuration: 
[(array([[ 6,  1],
       [ 1,  1],
       [ 9,  7],
       [13,  2]]), array([2, 2, 2, 1]), 9357.0), (array([[ 6.,  1.],
       [ 1.,  1.],
       [ 9.,  7.],
       [14.,  7.]]), array([2, 2, 2, 2]), 9357.0), (array([[ 6.,  1.],
       [ 1.,  1.],
       [ 9.,  7.],
       [13.,  2.]]), array([2, 2, 2, 1]), 9357.0), (array([[ 6.,  1.],
       [ 1.,  1.],
       [ 9.,  7.],
       [14.,  4.]]), array([2, 2, 2, 3]), 9357.0), (array([[ 6.,  1.],
       [ 1.,  1.],
       [ 9.,  7.],
       [14.,  4.]]), array([2, 2, 2, 3]), 9357.0), (array([[ 6.,  1.],
       [ 1.,  1.],
       [ 9.,  7.],
       [14.,  4.]]), array([2, 2, 2, 3]), 9357.0), (array([[ 6.,  1.],
       [ 1.,  1.],
       [ 9.,  7.],
       [13.,  2.]]), array([2, 2, 2, 1]), 9357.0), (array([[ 6.,  1.],
       [ 1.,  1.],
       [ 9.,  7.],
       [14.,  4.]]), array([2, 2, 2, 3]), 9357.0), (array([[ 6.,  1.],
       [ 1.,  1.],
       [ 9.,  7.],
       [14.,  4.]]), array([2, 2, 2, 3]), 9357.0), (array([[ 9.,  1.],
       [ 2.,  1.],
       [10.,  9.],
       [ 4.,  8.]]), array([2, 2, 1, 2]), 9358.0), (array([[ 8.,  0.],
       [ 3.,  4.],
       [ 9.,  7.],
       [14.,  4.]]), array([2, 2, 2, 3]), 9362.0), (array([[ 8.,  0.],
       [ 3.,  4.],
       [ 9.,  7.],
       [14.,  4.]]), array([2, 2, 2, 3]), 9362.0), (array([[ 8.,  0.],
       [ 3.,  4.],
       [ 9.,  7.],
       [14.,  4.]]), array([2, 2, 2, 3]), 9362.0), (array([[ 8.,  0.],
       [ 3.,  5.],
       [ 9.,  7.],
       [14.,  7.]]), array([2, 2, 2, 2]), 9363.0), (array([[10,  3],
       [12,  6],
       [ 4,  6],
       [ 3,  2]]), array([1, 2, 3, 2]), 17734.0), (array([[10,  3],
       [ 7,  7],
       [12,  8],
       [ 0,  7]]), array([3, 2, 2, 1]), 17764.0), (array([[ 2,  6],
       [ 1,  3],
       [11, 10],
       [12,  6]]), array([2, 1, 0, 0]), 17764.0), (array([[10,  3],
       [10,  9],
       [ 3,  1],
       [ 7, 10]]), array([1, 1, 3, 1]), 19279.0), (array([[10, 10],
       [ 7,  5],
       [ 4,  9],
       [ 2,  3]]), array([1, 1, 1, 3]), 20382.0), (array([[10, 10],
       [ 8, 10],
       [ 9,  3],
       [ 3,  4]]), array([1, 0, 1, 1]), 20386.0)]
Generation 7 population configuration: 
[(array([[ 6,  1],
       [ 1,  1],
       [ 9,  7],
       [13,  2]]), array([2, 2, 2, 1]), 9357.0), (array([[ 6.,  1.],
       [ 1.,  1.],
       [ 9.,  7.],
       [14.,  7.]]), array([2, 2, 2, 2]), 9357.0), (array([[ 6.,  1.],
       [ 1.,  1.],
       [ 9.,  7.],
       [13.,  2.]]), array([2, 2, 2, 1]), 9357.0), (array([[ 6.,  1.],
       [ 1.,  1.],
       [ 9.,  7.],
       [14.,  4.]]), array([2, 2, 2, 3]), 9357.0), (array([[ 6.,  1.],
       [ 1.,  1.],
       [ 9.,  7.],
       [14.,  4.]]), array([2, 2, 2, 3]), 9357.0), (array([[ 6.,  1.],
       [ 1.,  1.],
       [ 9.,  7.],
       [14.,  4.]]), array([2, 2, 2, 3]), 9357.0), (array([[ 6.,  1.],
       [ 1.,  1.],
       [ 9.,  7.],
       [14.,  7.]]), array([2, 2, 2, 2]), 9357.0), (array([[ 6.,  1.],
       [ 1.,  1.],
       [ 9.,  7.],
       [14.,  4.]]), array([2, 2, 2, 2]), 9357.0), (array([[ 6.,  1.],
       [ 1.,  1.],
       [ 9.,  7.],
       [14.,  4.]]), array([2, 2, 2, 3]), 9357.0), (array([[ 6.,  1.],
       [ 1.,  1.],
       [ 9.,  7.],
       [14.,  4.]]), array([2, 2, 2, 3]), 9357.0), (array([[ 6.,  1.],
       [ 1.,  1.],
       [ 9.,  7.],
       [14.,  4.]]), array([2, 2, 2, 3]), 9357.0), (array([[ 8.,  0.],
       [ 3.,  4.],
       [ 9.,  7.],
       [14.,  4.]]), array([2, 2, 2, 3]), 9362.0), (array([[ 8.,  0.],
       [ 3.,  4.],
       [ 9.,  7.],
       [14.,  4.]]), array([2, 2, 2, 3]), 9362.0), (array([[ 8.,  0.],
       [ 3.,  5.],
       [ 9.,  7.],
       [14.,  7.]]), array([2, 2, 2, 2]), 9363.0), (array([[ 4,  3],
       [ 4,  9],
       [10,  7],
       [14,  7]]), array([1, 0, 2, 2]), 9365.0), (array([[ 0,  4],
       [10,  5],
       [11,  8],
       [13,  9]]), array([1, 1, 3, 1]), 17760.0), (array([[ 9,  1],
       [10,  5],
       [14,  3],
       [ 7,  6]]), array([3, 2, 0, 2]), 17763.0), (array([[ 3,  3],
       [10,  4],
       [ 1, 10],
       [14,  6]]), array([1, 1, 1, 2]), 19280.0), (array([[12,  6],
       [ 4,  8],
       [ 4,  2],
       [ 2,  3]]), array([0, 0, 1, 0]), 20200.0), (array([[ 3,  7],
       [ 7,  8],
       [11,  2],
       [13,  4]]), array([0, 1, 3, 0]), 20379.0)]
Generation 8 population configuration: 
[(array([[ 6,  1],
       [ 1,  1],
       [ 9,  7],
       [13,  2]]), array([2, 2, 2, 1]), 9357.0), (array([[ 6.,  1.],
       [ 1.,  1.],
       [ 9.,  7.],
       [14.,  7.]]), array([2, 2, 2, 2]), 9357.0), (array([[ 6.,  1.],
       [ 1.,  1.],
       [ 9.,  7.],
       [13.,  2.]]), array([2, 2, 2, 1]), 9357.0), (array([[ 6.,  1.],
       [ 1.,  1.],
       [ 9.,  7.],
       [14.,  4.]]), array([2, 2, 2, 3]), 9357.0), (array([[ 6.,  1.],
       [ 1.,  1.],
       [ 9.,  7.],
       [14.,  4.]]), array([2, 2, 2, 3]), 9357.0), (array([[ 6.,  1.],
       [ 1.,  1.],
       [ 9.,  7.],
       [14.,  4.]]), array([2, 2, 2, 3]), 9357.0), (array([[ 6.,  1.],
       [ 1.,  1.],
       [ 9.,  7.],
       [14.,  4.]]), array([2, 2, 2, 3]), 9357.0), (array([[ 6.,  1.],
       [ 1.,  1.],
       [ 9.,  7.],
       [13.,  4.]]), array([2, 2, 2, 3]), 9357.0), (array([[ 6.,  1.],
       [ 1.,  1.],
       [ 9.,  7.],
       [14.,  4.]]), array([2, 2, 2, 2]), 9357.0), (array([[ 6.,  1.],
       [ 1.,  1.],
       [ 9.,  7.],
       [14.,  4.]]), array([2, 2, 2, 2]), 9357.0), (array([[ 6.,  1.],
       [ 1.,  1.],
       [ 9.,  7.],
       [14.,  7.]]), array([2, 2, 2, 2]), 9357.0), (array([[ 6.,  1.],
       [ 1.,  1.],
       [ 9.,  7.],
       [14.,  4.]]), array([2, 2, 2, 3]), 9357.0), (array([[ 6.,  1.],
       [ 1.,  1.],
       [ 9.,  7.],
       [14.,  4.]]), array([2, 2, 2, 3]), 9357.0), (array([[ 8.,  0.],
       [ 3.,  5.],
       [ 9.,  7.],
       [14.,  4.]]), array([2, 2, 2, 3]), 9363.0), (array([[10,  9],
       [ 6,  4],
       [13,  3],
       [ 3,  5]]), array([1, 2, 0, 2]), 9364.0), (array([[14, 11],
       [11,  3],
       [ 7,  3],
       [ 1,  4]]), array([0, 1, 2, 0]), 10443.0), (array([[ 9,  6],
       [12,  7],
       [12,  3],
       [ 4,  5]]), array([0, 2, 2, 2]), 15133.0), (array([[ 8,  3],
       [ 5,  2],
       [10,  8],
       [ 6,  8]]), array([1, 3, 1, 2]), 17765.0), (array([[ 3,  9],
       [ 2,  4],
       [11,  6],
       [10,  3]]), array([1, 1, 2, 2]), 17766.0), (array([[ 1,  0],
       [ 9,  3],
       [10,  8],
       [14,  4]]), array([2, 3, 1, 3]), 20094.0)]
Generation 9 population configuration: 
[(array([[ 6,  1],
       [ 1,  1],
       [ 9,  7],
       [13,  2]]), array([2, 2, 2, 1]), 9357.0), (array([[ 6.,  1.],
       [ 1.,  1.],
       [ 9.,  7.],
       [14.,  7.]]), array([2, 2, 2, 2]), 9357.0), (array([[ 6.,  1.],
       [ 1.,  1.],
       [ 9.,  7.],
       [13.,  2.]]), array([2, 2, 2, 1]), 9357.0), (array([[ 6.,  1.],
       [ 1.,  1.],
       [ 9.,  7.],
       [14.,  4.]]), array([2, 2, 2, 3]), 9357.0), (array([[ 6.,  1.],
       [ 1.,  1.],
       [ 9.,  7.],
       [14.,  4.]]), array([2, 2, 2, 3]), 9357.0), (array([[ 6.,  1.],
       [ 1.,  1.],
       [ 9.,  7.],
       [14.,  4.]]), array([2, 2, 2, 3]), 9357.0), (array([[ 6.,  1.],
       [ 1.,  1.],
       [ 9.,  7.],
       [14.,  4.]]), array([2, 2, 2, 3]), 9357.0), (array([[ 6.,  1.],
       [ 1.,  1.],
       [ 9.,  7.],
       [13.,  4.]]), array([2, 2, 2, 3]), 9357.0), (array([[ 6.,  1.],
       [ 1.,  1.],
       [ 9.,  7.],
       [14.,  4.]]), array([2, 2, 2, 2]), 9357.0), (array([[ 6.,  1.],
       [ 1.,  1.],
       [ 9.,  7.],
       [13.,  2.]]), array([2, 2, 2, 1]), 9357.0), (array([[ 6.,  1.],
       [ 1.,  1.],
       [ 9.,  7.],
       [13.,  2.]]), array([2, 2, 2, 1]), 9357.0), (array([[ 6.,  1.],
       [ 1.,  1.],
       [ 9.,  7.],
       [14.,  4.]]), array([2, 2, 2, 2]), 9357.0), (array([[ 6.,  1.],
       [ 1.,  1.],
       [ 9.,  7.],
       [14.,  4.]]), array([2, 2, 2, 3]), 9357.0), (array([[10.,  9.],
       [ 6.,  4.],
       [13.,  3.],
       [ 3.,  5.]]), array([1, 2, 0, 2]), 9364.0), (array([[ 0,  3],
       [ 9,  4],
       [ 9, 10],
       [14,  7]]), array([1, 1, 0, 2]), 17759.0), (array([[ 5,  3],
       [ 4,  8],
       [13,  3],
       [13, 10]]), array([3, 3, 2, 1]), 17759.0), (array([[ 0,  9],
       [ 5,  2],
       [14,  5],
       [13,  2]]), array([1, 3, 3, 3]), 17765.0), (array([[ 1, 10],
       [ 6,  4],
       [ 9,  6],
       [14,  9]]), array([1, 1, 2, 3]), 19553.0), (array([[ 3,  6],
       [ 1,  4],
       [10,  8],
       [14,  2]]), array([2, 1, 0, 3]), 19564.0), (array([[13,  1],
       [ 6,  2],
       [ 4,  6],
       [ 2,  8]]), array([3, 3, 2, 3]), 20375.0)]
Generation 10 population configuration: 
[(array([[7, 3],
       [5, 5],
       [2, 1],
       [1, 5]]), array([1, 2, 2, 2]), 7602.0), (array([[ 6,  1],
       [ 1,  1],
       [ 9,  7],
       [13,  2]]), array([2, 2, 2, 1]), 9357.0), (array([[ 6.,  1.],
       [ 1.,  1.],
       [ 9.,  7.],
       [14.,  7.]]), array([2, 2, 2, 2]), 9357.0), (array([[ 6.,  1.],
       [ 1.,  1.],
       [ 9.,  7.],
       [13.,  2.]]), array([2, 2, 2, 1]), 9357.0), (array([[ 6.,  1.],
       [ 1.,  1.],
       [ 9.,  7.],
       [14.,  4.]]), array([2, 2, 2, 3]), 9357.0), (array([[ 6.,  1.],
       [ 1.,  1.],
       [ 9.,  7.],
       [14.,  4.]]), array([2, 2, 2, 3]), 9357.0), (array([[ 6.,  1.],
       [ 1.,  1.],
       [ 9.,  7.],
       [14.,  4.]]), array([2, 2, 2, 3]), 9357.0), (array([[ 6.,  1.],
       [ 1.,  1.],
       [ 9.,  7.],
       [13.,  4.]]), array([2, 2, 2, 3]), 9357.0), (array([[ 6.,  1.],
       [ 1.,  1.],
       [ 9.,  7.],
       [13.,  2.]]), array([2, 2, 2, 1]), 9357.0), (array([[ 6.,  1.],
       [ 1.,  1.],
       [ 9.,  7.],
       [13.,  2.]]), array([2, 2, 2, 1]), 9357.0), (array([[ 6.,  1.],
       [ 1.,  1.],
       [ 9.,  7.],
       [13.,  4.]]), array([2, 2, 2, 3]), 9357.0), (array([[ 6.,  1.],
       [ 1.,  1.],
       [ 9.,  7.],
       [14.,  4.]]), array([2, 2, 2, 3]), 9357.0), (array([[ 6.,  1.],
       [ 1.,  1.],
       [ 9.,  7.],
       [13.,  4.]]), array([2, 2, 2, 3]), 9357.0), (array([[ 6.,  1.],
       [ 1.,  1.],
       [ 9.,  7.],
       [13.,  4.]]), array([2, 2, 2, 3]), 9357.0), (array([[ 6,  5],
       [ 1,  6],
       [13,  3],
       [14,  0]]), array([1, 2, 2, 2]), 9362.0), (array([[10.,  9.],
       [ 6.,  4.],
       [13.,  3.],
       [ 3.,  5.]]), array([1, 2, 0, 2]), 9364.0), (array([[ 2,  2],
       [ 8,  7],
       [12,  6],
       [14,  8]]), array([2, 2, 1, 2]), 9368.0), (array([[12,  6],
       [10, 10],
       [ 6, 10],
       [ 1,  5]]), array([0, 1, 1, 0]), 14076.0), (array([[ 7, 10],
       [ 1,  7],
       [10,  3],
       [14,  7]]), array([1, 1, 1, 0]), 19740.0), (array([[ 0, 10],
       [ 5,  6],
       [ 9, 10],
       [13,  7]]), array([1, 0, 0, 2]), 19742.0)]
Generation 11 population configuration: 
[(array([[7, 3],
       [5, 5],
       [2, 1],
       [1, 5]]), array([1, 2, 2, 2]), 7602.0), (array([[7., 3.],
       [5., 5.],
       [2., 1.],
       [1., 5.]]), array([1, 2, 2, 2]), 7602.0), (array([[7., 3.],
       [5., 5.],
       [2., 1.],
       [1., 5.]]), array([1, 2, 2, 2]), 7602.0), (array([[7., 3.],
       [5., 5.],
       [2., 1.],
       [1., 5.]]), array([1, 2, 2, 2]), 7602.0), (array([[7., 3.],
       [5., 5.],
       [2., 1.],
       [1., 5.]]), array([1, 2, 2, 2]), 7602.0), (array([[ 6,  1],
       [ 1,  1],
       [ 9,  7],
       [13,  2]]), array([2, 2, 2, 1]), 9357.0), (array([[ 6.,  1.],
       [ 1.,  1.],
       [ 9.,  7.],
       [14.,  7.]]), array([2, 2, 2, 2]), 9357.0), (array([[ 6.,  1.],
       [ 1.,  1.],
       [ 9.,  7.],
       [13.,  2.]]), array([2, 2, 2, 1]), 9357.0), (array([[ 6.,  1.],
       [ 1.,  1.],
       [ 9.,  7.],
       [14.,  4.]]), array([2, 2, 2, 3]), 9357.0), (array([[ 6.,  1.],
       [ 1.,  1.],
       [ 9.,  7.],
       [14.,  4.]]), array([2, 2, 2, 3]), 9357.0), (array([[ 6.,  1.],
       [ 1.,  1.],
       [ 9.,  7.],
       [13.,  5.]]), array([2, 2, 2, 2]), 9357.0), (array([[ 6.,  1.],
       [ 1.,  1.],
       [ 9.,  7.],
       [13.,  2.]]), array([2, 2, 2, 1]), 9357.0), (array([[ 6.,  1.],
       [ 1.,  1.],
       [ 9.,  7.],
       [14.,  4.]]), array([2, 2, 2, 3]), 9357.0), (array([[ 6.,  5.],
       [ 1.,  6.],
       [13.,  3.],
       [14.,  0.]]), array([1, 2, 2, 2]), 9362.0), (array([[ 6,  6],
       [ 6,  3],
       [ 2,  4],
       [14,  5]]), array([2, 1, 1, 2]), 9944.0), (array([[ 5, 10],
       [ 8,  7],
       [ 5,  4],
       [11,  5]]), array([0, 2, 0, 0]), 15145.0), (array([[10,  0],
       [ 6,  5],
       [10,  7],
       [ 3, 10]]), array([2, 3, 2, 3]), 16780.0), (array([[ 5,  4],
       [ 4,  6],
       [ 8,  6],
       [15,  2]]), array([1, 3, 2, 3]), 19146.0), (array([[ 5,  7],
       [ 1,  6],
       [ 1,  2],
       [12,  1]]), array([1, 2, 2, 1]), 19729.0), (array([[12,  0],
       [12,  7],
       [ 3,  1],
       [ 2,  6]]), array([2, 3, 3, 2]), 20460.0)]
Generation 12 population configuration: 
[(array([[7, 3],
       [5, 5],
       [2, 1],
       [1, 5]]), array([1, 2, 2, 2]), 7602.0), (array([[7., 3.],
       [5., 5.],
       [2., 1.],
       [1., 5.]]), array([1, 2, 2, 2]), 7602.0), (array([[7., 3.],
       [5., 5.],
       [2., 1.],
       [1., 5.]]), array([1, 2, 2, 2]), 7602.0), (array([[7., 3.],
       [5., 5.],
       [2., 1.],
       [1., 5.]]), array([1, 2, 2, 2]), 7602.0), (array([[7., 3.],
       [5., 5.],
       [2., 1.],
       [1., 5.]]), array([1, 2, 2, 2]), 7602.0), (array([[7., 3.],
       [5., 5.],
       [2., 1.],
       [1., 5.]]), array([1, 2, 2, 2]), 7602.0), (array([[7., 3.],
       [5., 5.],
       [2., 1.],
       [1., 5.]]), array([1, 2, 2, 2]), 7602.0), (array([[7., 3.],
       [5., 5.],
       [2., 1.],
       [1., 5.]]), array([1, 2, 2, 2]), 7602.0), (array([[7., 3.],
       [5., 5.],
       [2., 1.],
       [1., 5.]]), array([1, 2, 2, 2]), 7602.0), (array([[7., 3.],
       [5., 5.],
       [2., 1.],
       [1., 5.]]), array([1, 2, 2, 2]), 7602.0), (array([[7., 3.],
       [5., 5.],
       [2., 1.],
       [1., 5.]]), array([1, 2, 2, 2]), 7602.0), (array([[ 6,  1],
       [ 1,  1],
       [ 9,  7],
       [13,  2]]), array([2, 2, 2, 1]), 9357.0), (array([[ 6.,  1.],
       [ 1.,  1.],
       [ 9.,  7.],
       [13.,  2.]]), array([2, 2, 2, 1]), 9357.0), (array([[ 6.,  1.],
       [ 1.,  1.],
       [ 9.,  7.],
       [14.,  4.]]), array([2, 2, 2, 3]), 9357.0), (array([[ 2,  3],
       [ 3,  7],
       [12,  2],
       [12,  7]]), array([1, 2, 2, 3]), 9364.0), (array([[12,  1],
       [11, 10],
       [ 3,  5],
       [ 1,  8]]), array([2, 1, 0, 2]), 14067.0), (array([[ 0,  7],
       [ 7, 10],
       [11,  4],
       [13,  8]]), array([1, 1, 1, 1]), 18104.0), (array([[ 1,  3],
       [ 6,  7],
       [12,  3],
       [13, 10]]), array([2, 2, 1, 3]), 18806.0), (array([[ 9,  4],
       [ 8,  3],
       [ 3,  4],
       [10, 10]]), array([1, 3, 3, 0]), 19730.0), (array([[15,  2],
       [ 9,  9],
       [ 5,  9],
       [ 2,  4]]), array([3, 1, 1, 3]), 20388.0)]
Generation 13 population configuration: 
[(array([[7, 3],
       [5, 5],
       [2, 1],
       [1, 5]]), array([1, 2, 2, 2]), 7602.0), (array([[7., 3.],
       [5., 5.],
       [2., 1.],
       [1., 5.]]), array([1, 2, 2, 2]), 7602.0), (array([[7., 3.],
       [5., 5.],
       [2., 1.],
       [1., 5.]]), array([1, 2, 2, 2]), 7602.0), (array([[7., 3.],
       [5., 5.],
       [2., 1.],
       [1., 5.]]), array([1, 2, 2, 2]), 7602.0), (array([[7., 3.],
       [5., 5.],
       [2., 1.],
       [1., 5.]]), array([1, 2, 2, 2]), 7602.0), (array([[7., 3.],
       [5., 5.],
       [2., 1.],
       [1., 5.]]), array([1, 2, 2, 2]), 7602.0), (array([[7., 3.],
       [5., 5.],
       [2., 1.],
       [1., 5.]]), array([1, 2, 2, 2]), 7602.0), (array([[7., 3.],
       [5., 5.],
       [2., 1.],
       [1., 5.]]), array([1, 2, 2, 2]), 7602.0), (array([[7., 3.],
       [5., 5.],
       [2., 1.],
       [1., 5.]]), array([1, 2, 2, 2]), 7602.0), (array([[7., 3.],
       [5., 5.],
       [2., 1.],
       [1., 5.]]), array([1, 2, 2, 2]), 7602.0), (array([[7., 3.],
       [5., 5.],
       [2., 1.],
       [1., 5.]]), array([1, 2, 2, 2]), 7602.0), (array([[7., 3.],
       [5., 5.],
       [2., 1.],
       [1., 5.]]), array([1, 2, 2, 2]), 7602.0), (array([[7., 3.],
       [5., 5.],
       [2., 1.],
       [1., 5.]]), array([1, 2, 2, 2]), 7602.0), (array([[7., 3.],
       [5., 5.],
       [2., 1.],
       [1., 5.]]), array([1, 2, 2, 2]), 7602.0), (array([[12,  1],
       [ 6,  7],
       [ 3,  7],
       [ 3,  9]]), array([3, 2, 0, 2]), 7609.0), (array([[14,  6],
       [11,  7],
       [ 6,  2],
       [ 1,  7]]), array([0, 2, 1, 1]), 7610.0), (array([[ 8,  8],
       [ 6,  4],
       [ 2,  6],
       [10,  1]]), array([1, 0, 2, 2]), 9361.0), (array([[12,  1],
       [ 5,  0],
       [11,  8],
       [ 1,  4]]), array([2, 2, 3, 1]), 10439.0), (array([[ 3,  2],
       [ 9,  6],
       [10,  9],
       [12,  9]]), array([2, 1, 3, 2]), 17761.0), (array([[ 1,  3],
       [ 6,  8],
       [ 4, 10],
       [14,  7]]), array([1, 1, 0, 3]), 18504.0)]
Converged in 14 generations!