Original population print time: 
[9357.0, 9359.0, 9360.0, 9360.0, 9361.0, 9361.0, 9364.0, 9365.0, 10442.0, 10450.0, 14067.0, 14068.0, 15135.0, 17747.0, 17762.0, 17767.0, 19568.0, 20089.0, 20106.0, 20871.0]
Generation 1 population print time: 
[9357.0, 9357.0, 9359.0, 9359.0, 9360.0, 9360.0, 9360.0, 9360.0, 9361.0, 9361.0, 9361.0, 9361.0, 9364.0, 9365.0, 14067.0, 18197.0, 19573.0, 19734.0, 20112.0, 20376.0]
Generation 2 population print time: 
[9357.0, 9357.0, 9359.0, 9359.0, 9359.0, 9359.0, 9360.0, 9360.0, 9360.0, 9360.0, 9360.0, 9360.0, 9361.0, 9361.0, 9362.0, 9365.0, 10443.0, 17469.0, 17763.0, 19813.0]
Generation 3 population print time: 
[9357.0, 9357.0, 9357.0, 9357.0, 9359.0, 9359.0, 9359.0, 9359.0, 9359.0, 9359.0, 9360.0, 9360.0, 9360.0, 9360.0, 9365.0, 10449.0, 17764.0, 18676.0, 19558.0, 20112.0]
Generation 4 population print time: 
[9357.0, 9357.0, 9357.0, 9357.0, 9357.0, 9357.0, 9357.0, 9357.0, 9358.0, 9359.0, 9359.0, 9359.0, 9359.0, 9360.0, 9944.0, 10449.0, 14069.0, 16417.0, 19739.0, 19747.0]
Generation 5 population print time: 
[9357.0, 9357.0, 9357.0, 9357.0, 9357.0, 9357.0, 9357.0, 9357.0, 9357.0, 9357.0, 9358.0, 9359.0, 9359.0, 9360.0, 9362.0, 9944.0, 14075.0, 15136.0, 18048.0, 18501.0]
Generation 6 population print time: 
[9357.0, 9357.0, 9357.0, 9357.0, 9357.0, 9357.0, 9357.0, 9357.0, 9357.0, 9358.0, 9362.0, 9362.0, 9362.0, 9363.0, 17734.0, 17764.0, 17764.0, 19279.0, 20382.0, 20386.0]
Generation 7 population print time: 
[9357.0, 9357.0, 9357.0, 9357.0, 9357.0, 9357.0, 9357.0, 9357.0, 9357.0, 9357.0, 9357.0, 9362.0, 9362.0, 9363.0, 9365.0, 17760.0, 17763.0, 19280.0, 20200.0, 20379.0]
Generation 8 population print time: 
[9357.0, 9357.0, 9357.0, 9357.0, 9357.0, 9357.0, 9357.0, 9357.0, 9357.0, 9357.0, 9357.0, 9357.0, 9357.0, 9363.0, 9364.0, 10443.0, 15133.0, 17765.0, 17766.0, 20094.0]
Generation 9 population print time: 
[9357.0, 9357.0, 9357.0, 9357.0, 9357.0, 9357.0, 9357.0, 9357.0, 9357.0, 9357.0, 9357.0, 9357.0, 9357.0, 9364.0, 17759.0, 17759.0, 17765.0, 19553.0, 19564.0, 20375.0]
Generation 10 population print time: 
[7602.0, 9357.0, 9357.0, 9357.0, 9357.0, 9357.0, 9357.0, 9357.0, 9357.0, 9357.0, 9357.0, 9357.0, 9357.0, 9357.0, 9362.0, 9364.0, 9368.0, 14076.0, 19740.0, 19742.0]
Generation 11 population print time: 
[7602.0, 7602.0, 7602.0, 7602.0, 7602.0, 9357.0, 9357.0, 9357.0, 9357.0, 9357.0, 9357.0, 9357.0, 9357.0, 9362.0, 9944.0, 15145.0, 16780.0, 19146.0, 19729.0, 20460.0]
Generation 12 population print time: 
[7602.0, 7602.0, 7602.0, 7602.0, 7602.0, 7602.0, 7602.0, 7602.0, 7602.0, 7602.0, 7602.0, 9357.0, 9357.0, 9357.0, 9364.0, 14067.0, 18104.0, 18806.0, 19730.0, 20388.0]
Generation 13 population print time: 
[7602.0, 7602.0, 7602.0, 7602.0, 7602.0, 7602.0, 7602.0, 7602.0, 7602.0, 7602.0, 7602.0, 7602.0, 7602.0, 7602.0, 7609.0, 7610.0, 9361.0, 10439.0, 17761.0, 18504.0]
