Original population configuration: 
[(array([[ 8, 10],
       [ 8,  3],
       [ 2,  3],
       [14,  3]]), array([0, 1, 2, 2]), 4297.0), (array([[ 8,  1],
       [14,  1],
       [ 6,  8],
       [ 4, 10]]), array([3, 3, 2, 3]), 4300.0), (array([[15,  6],
       [11,  0],
       [ 6, 11],
       [ 1,  6]]), array([3, 2, 0, 1]), 4301.0), (array([[10,  7],
       [ 5,  8],
       [15,  5],
       [ 3,  2]]), array([0, 0, 3, 1]), 4301.0), (array([[11,  1],
       [ 9,  3],
       [ 4,  4],
       [13,  9]]), array([2, 3, 3, 2]), 4301.0), (array([[ 2,  4],
       [ 3, 10],
       [ 7,  9],
       [12,  3]]), array([1, 0, 0, 0]), 4302.0), (array([[ 4,  3],
       [ 5,  6],
       [10,  7],
       [12,  6]]), array([1, 3, 3, 2]), 4303.0), (array([[ 6,  9],
       [ 4,  7],
       [11,  3],
       [ 2,  1]]), array([1, 0, 1, 1]), 4303.0), (array([[ 1,  5],
       [ 6, 11],
       [12,  5],
       [13,  9]]), array([1, 0, 1, 0]), 4304.0), (array([[ 4,  3],
       [ 4, 10],
       [12,  2],
       [11,  9]]), array([1, 0, 1, 1]), 4304.0), (array([[ 1,  9],
       [ 8,  9],
       [ 8,  1],
       [13,  8]]), array([1, 1, 3, 1]), 4305.0), (array([[ 5,  6],
       [ 8,  6],
       [ 7,  1],
       [13,  9]]), array([3, 2, 3, 2]), 4310.0), (array([[ 4,  3],
       [ 9,  5],
       [12,  3],
       [14,  8]]), array([1, 2, 0, 2]), 4310.0), (array([[ 7,  6],
       [10,  6],
       [ 5,  1],
       [12,  1]]), array([3, 2, 3, 1]), 4313.0), (array([[ 6,  8],
       [ 6,  4],
       [11,  1],
       [13,  0]]), array([1, 0, 3, 2]), 7881.0), (array([[ 3,  3],
       [ 1,  7],
       [11,  3],
       [ 8, 10]]), array([1, 2, 1, 0]), 8599.0), (array([[ 3,  3],
       [11,  3],
       [ 5, 11],
       [14,  7]]), array([1, 1, 0, 0]), 8607.0), (array([[13,  9],
       [ 8,  8],
       [ 7,  5],
       [12,  1]]), array([0, 3, 0, 2]), 11054.0), (array([[ 9,  2],
       [ 7,  3],
       [ 5,  8],
       [11,  9]]), array([2, 3, 2, 3]), 12721.0), (array([[ 7,  5],
       [10,  3],
       [ 8, 10],
       [13,  8]]), array([3, 2, 1, 2]), 12727.0)]
Generation 1 population configuration: 
[(array([[ 8, 10],
       [ 8,  3],
       [ 2,  3],
       [14,  3]]), array([0, 1, 2, 2]), 4297.0), (array([[ 8,  1],
       [14,  1],
       [ 6,  8],
       [ 4, 10]]), array([3, 3, 2, 3]), 4300.0), (array([[ 8.,  1.],
       [14.,  1.],
       [ 6.,  8.],
       [ 4., 10.]]), array([3, 3, 2, 3]), 4300.0), (array([[15,  6],
       [11,  0],
       [ 6, 11],
       [ 1,  6]]), array([3, 2, 0, 1]), 4301.0), (array([[10,  7],
       [ 5,  8],
       [15,  5],
       [ 3,  2]]), array([0, 0, 3, 1]), 4301.0), (array([[11,  1],
       [ 9,  3],
       [ 4,  4],
       [13,  9]]), array([2, 3, 3, 2]), 4301.0), (array([[11.,  1.],
       [ 9.,  3.],
       [ 4.,  4.],
       [13.,  9.]]), array([2, 3, 3, 2]), 4301.0), (array([[ 2,  4],
       [ 3, 10],
       [ 7,  9],
       [12,  3]]), array([1, 0, 0, 0]), 4302.0), (array([[ 2.,  4.],
       [ 3., 10.],
       [ 7.,  9.],
       [12.,  3.]]), array([1, 0, 0, 1]), 4302.0), (array([[ 2.,  4.],
       [ 3., 10.],
       [ 7.,  9.],
       [12.,  3.]]), array([1, 0, 0, 0]), 4302.0), (array([[ 2.,  4.],
       [ 3., 10.],
       [ 7.,  9.],
       [12.,  3.]]), array([1, 0, 0, 0]), 4302.0), (array([[8, 1],
       [9, 8],
       [3, 6],
       [2, 9]]), array([2, 3, 0, 1]), 4304.0), (array([[ 1.,  9.],
       [ 8.,  9.],
       [ 8.,  1.],
       [13.,  8.]]), array([1, 1, 3, 1]), 4305.0), (array([[ 5.,  6.],
       [ 8.,  6.],
       [ 7.,  1.],
       [13.,  9.]]), array([3, 2, 3, 2]), 4310.0), (array([[ 7.,  6.],
       [10.,  6.],
       [ 5.,  1.],
       [12.,  1.]]), array([3, 2, 3, 1]), 4313.0), (array([[ 1,  9],
       [ 1,  4],
       [ 9, 11],
       [11,  6]]), array([1, 1, 0, 3]), 7429.0), (array([[ 1,  5],
       [ 2, 10],
       [11,  6],
       [11,  9]]), array([1, 1, 0, 2]), 8212.0), (array([[ 0,  3],
       [ 3,  9],
       [ 7,  2],
       [11,  7]]), array([1, 1, 1, 0]), 8213.0), (array([[ 9,  3],
       [10,  5],
       [ 3,  7],
       [ 2,  5]]), array([1, 2, 2, 1]), 8592.0), (array([[ 3, 11],
       [ 8,  6],
       [ 4,  3],
       [13,  8]]), array([0, 2, 3, 1]), 13960.0)]
Generation 2 population configuration: 
[(array([[ 1,  5],
       [ 2, 10],
       [ 8,  2],
       [12,  7]]), array([1, 1, 1, 2]), 4295.0), (array([[ 8, 10],
       [ 8,  3],
       [ 2,  3],
       [14,  3]]), array([0, 1, 2, 2]), 4297.0), (array([[ 2.,  4.],
       [ 3., 10.],
       [ 8.,  9.],
       [12.,  9.]]), array([1, 0, 0, 2]), 4297.0), (array([[ 8., 10.],
       [ 8.,  3.],
       [ 2.,  3.],
       [14.,  3.]]), array([0, 1, 2, 2]), 4297.0), (array([[ 8,  1],
       [14,  1],
       [ 6,  8],
       [ 4, 10]]), array([3, 3, 2, 3]), 4300.0), (array([[ 8.,  1.],
       [14.,  1.],
       [ 6.,  8.],
       [ 4., 10.]]), array([3, 3, 2, 3]), 4300.0), (array([[15,  6],
       [11,  0],
       [ 6, 11],
       [ 1,  6]]), array([3, 2, 0, 1]), 4301.0), (array([[10,  7],
       [ 5,  8],
       [15,  5],
       [ 3,  2]]), array([0, 0, 3, 1]), 4301.0), (array([[11,  1],
       [ 9,  3],
       [ 4,  4],
       [13,  9]]), array([2, 3, 3, 2]), 4301.0), (array([[11.,  1.],
       [ 9.,  3.],
       [ 4.,  4.],
       [13.,  9.]]), array([2, 3, 3, 2]), 4301.0), (array([[ 2.,  4.],
       [ 3., 10.],
       [ 7.,  9.],
       [13.,  9.]]), array([1, 0, 0, 2]), 4302.0), (array([[ 2.,  4.],
       [ 3., 10.],
       [ 7.,  9.],
       [12.,  3.]]), array([1, 0, 0, 1]), 4302.0), (array([[ 2.,  4.],
       [ 3., 10.],
       [ 7.,  9.],
       [12.,  3.]]), array([1, 0, 0, 0]), 4302.0), (array([[10,  1],
       [ 8,  5],
       [15,  5],
       [ 3,  7]]), array([3, 2, 3, 0]), 4304.0), (array([[ 1.,  9.],
       [ 8.,  9.],
       [ 8.,  1.],
       [13.,  8.]]), array([1, 1, 3, 1]), 4305.0), (array([[ 1,  3],
       [ 8,  4],
       [ 7,  7],
       [12,  8]]), array([1, 1, 2, 0]), 4305.0), (array([[ 7,  6],
       [ 9,  2],
       [ 3,  8],
       [14,  0]]), array([2, 3, 2, 2]), 4307.0), (array([[ 7.,  6.],
       [10.,  6.],
       [ 5.,  1.],
       [12.,  1.]]), array([3, 2, 3, 1]), 4313.0), (array([[ 0, 10],
       [ 3,  4],
       [ 9,  6],
       [ 9,  3]]), array([1, 1, 2, 1]), 4584.0), (array([[ 8,  8],
       [ 7,  4],
       [10,  3],
       [ 2, 10]]), array([1, 0, 1, 1]), 11047.0)]
Generation 3 population configuration: 
[(array([[ 1,  5],
       [ 2, 10],
       [ 8,  2],
       [12,  7]]), array([1, 1, 1, 2]), 4295.0), (array([[14,  5],
       [ 9,  6],
       [ 6,  3],
       [ 4,  6]]), array([0, 2, 0, 3]), 4296.0), (array([[ 8, 10],
       [ 8,  3],
       [ 2,  3],
       [14,  3]]), array([0, 1, 2, 2]), 4297.0), (array([[ 2.,  4.],
       [ 3., 10.],
       [ 8.,  9.],
       [12.,  9.]]), array([1, 0, 0, 2]), 4297.0), (array([[ 8., 10.],
       [ 8.,  3.],
       [ 2.,  3.],
       [14.,  3.]]), array([0, 1, 2, 2]), 4297.0), (array([[ 8., 10.],
       [ 8.,  3.],
       [ 2.,  3.],
       [14.,  3.]]), array([0, 1, 2, 2]), 4297.0), (array([[ 2.,  4.],
       [ 3., 10.],
       [ 8.,  9.],
       [12.,  9.]]), array([1, 0, 0, 2]), 4297.0), (array([[6, 4],
       [5, 4],
       [9, 7],
       [3, 8]]), array([1, 3, 2, 2]), 4298.0), (array([[ 8,  1],
       [14,  1],
       [ 6,  8],
       [ 4, 10]]), array([3, 3, 2, 3]), 4300.0), (array([[ 8.,  1.],
       [14.,  1.],
       [ 6.,  8.],
       [ 4., 10.]]), array([3, 3, 2, 3]), 4300.0), (array([[ 8.,  1.],
       [14.,  1.],
       [ 6.,  8.],
       [ 4., 10.]]), array([3, 3, 2, 3]), 4300.0), (array([[15.,  6.],
       [11.,  0.],
       [ 6., 11.],
       [ 1.,  6.]]), array([3, 2, 0, 1]), 4301.0), (array([[11.,  1.],
       [ 9.,  3.],
       [ 4.,  4.],
       [13.,  9.]]), array([2, 3, 3, 2]), 4301.0), (array([[10.,  7.],
       [ 5.,  8.],
       [15.,  5.],
       [ 3.,  2.]]), array([0, 0, 3, 1]), 4301.0), (array([[ 2,  5],
       [ 4,  8],
       [ 6,  7],
       [12,  6]]), array([1, 3, 2, 2]), 4303.0), (array([[10.,  1.],
       [ 8.,  5.],
       [15.,  5.],
       [ 3.,  8.]]), array([3, 2, 3, 1]), 4304.0), (array([[1, 5],
       [1, 3],
       [6, 7],
       [6, 2]]), array([2, 1, 2, 1]), 4311.0), (array([[ 7.,  6.],
       [10.,  6.],
       [ 5.,  1.],
       [14.,  0.]]), array([3, 2, 3, 2]), 4312.0), (array([[ 6, 10],
       [ 1,  7],
       [ 8,  3],
       [11,  4]]), array([1, 2, 3, 0]), 5518.0), (array([[ 8,  8],
       [11,  8],
       [ 8,  0],
       [ 2,  1]]), array([3, 1, 2, 1]), 10983.0)]
Generation 4 population configuration: 
[(array([[ 1,  5],
       [ 2, 10],
       [ 8,  2],
       [12,  7]]), array([1, 1, 1, 2]), 4295.0), (array([[ 1.,  5.],
       [ 2., 10.],
       [ 8.,  2.],
       [12.,  9.]]), array([1, 1, 1, 2]), 4295.0), (array([[ 1,  5],
       [ 7,  8],
       [ 8,  5],
       [14,  6]]), array([1, 3, 1, 3]), 4295.0), (array([[14,  5],
       [ 9,  6],
       [ 6,  3],
       [ 4,  6]]), array([0, 2, 0, 3]), 4296.0), (array([[14.,  5.],
       [ 9.,  6.],
       [ 6.,  3.],
       [ 4.,  6.]]), array([0, 2, 0, 3]), 4296.0), (array([[ 8, 10],
       [ 8,  3],
       [ 2,  3],
       [14,  3]]), array([0, 1, 2, 2]), 4297.0), (array([[ 2.,  4.],
       [ 3., 10.],
       [ 8.,  9.],
       [12.,  9.]]), array([1, 0, 0, 2]), 4297.0), (array([[ 8., 10.],
       [ 8.,  3.],
       [ 2.,  3.],
       [14.,  3.]]), array([0, 1, 2, 2]), 4297.0), (array([[ 8., 10.],
       [ 8.,  3.],
       [ 2.,  3.],
       [14.,  3.]]), array([0, 1, 2, 2]), 4297.0), (array([[ 8., 10.],
       [ 8.,  3.],
       [ 2.,  3.],
       [14.,  3.]]), array([0, 1, 2, 2]), 4297.0), (array([[6., 4.],
       [5., 4.],
       [9., 7.],
       [3., 8.]]), array([1, 3, 2, 2]), 4298.0), (array([[ 8.,  1.],
       [14.,  1.],
       [ 6.,  8.],
       [ 4., 10.]]), array([3, 3, 2, 3]), 4300.0), (array([[ 8.,  1.],
       [14.,  1.],
       [ 6.,  8.],
       [ 4., 10.]]), array([3, 3, 2, 3]), 4300.0), (array([[ 6,  6],
       [ 3,  7],
       [12,  3],
       [13,  4]]), array([2, 0, 3, 1]), 4300.0), (array([[10.,  7.],
       [ 5.,  8.],
       [15.,  5.],
       [ 3.,  2.]]), array([0, 0, 3, 1]), 4301.0), (array([[15.,  6.],
       [12.,  0.],
       [ 6., 11.],
       [ 1.,  6.]]), array([3, 2, 0, 1]), 4302.0), (array([[14,  8],
       [10,  0],
       [ 2, 10],
       [ 2,  4]]), array([3, 2, 1, 3]), 4305.0), (array([[ 7,  1],
       [ 2,  4],
       [15,  2],
       [13,  7]]), array([2, 2, 3, 1]), 8207.0), (array([[ 1,  1],
       [ 2,  7],
       [ 8,  5],
       [12,  9]]), array([2, 2, 0, 2]), 8208.0), (array([[ 4,  4],
       [ 5,  6],
       [11,  2],
       [11, 10]]), array([1, 2, 2, 3]), 8830.0)]
Generation 5 population configuration: 
[(array([[ 1,  5],
       [ 2, 10],
       [ 8,  2],
       [12,  7]]), array([1, 1, 1, 2]), 4295.0), (array([[ 1.,  5.],
       [ 2., 10.],
       [ 8.,  2.],
       [12.,  9.]]), array([1, 1, 1, 2]), 4295.0), (array([[ 1,  5],
       [ 7,  8],
       [ 8,  5],
       [14,  6]]), array([1, 3, 1, 3]), 4295.0), (array([[14,  5],
       [ 9,  6],
       [ 6,  3],
       [ 4,  6]]), array([0, 2, 0, 3]), 4296.0), (array([[14.,  5.],
       [ 9.,  6.],
       [ 6.,  3.],
       [ 4.,  6.]]), array([0, 2, 0, 3]), 4296.0), (array([[ 8, 10],
       [ 8,  3],
       [ 2,  3],
       [14,  3]]), array([0, 1, 2, 2]), 4297.0), (array([[ 2.,  4.],
       [ 3., 10.],
       [ 8.,  9.],
       [12.,  9.]]), array([1, 0, 0, 2]), 4297.0), (array([[ 8., 10.],
       [ 8.,  3.],
       [ 2.,  3.],
       [14.,  3.]]), array([0, 1, 2, 2]), 4297.0), (array([[6., 4.],
       [5., 4.],
       [9., 7.],
       [3., 8.]]), array([1, 3, 2, 2]), 4298.0), (array([[ 8.,  1.],
       [14.,  1.],
       [ 6.,  8.],
       [14.,  6.]]), array([3, 3, 1, 3]), 4299.0), (array([[ 8.,  1.],
       [14.,  1.],
       [ 6.,  8.],
       [ 4., 10.]]), array([3, 3, 2, 3]), 4300.0), (array([[14.,  8.],
       [10.,  0.],
       [ 2., 10.],
       [ 2.,  4.]]), array([3, 2, 1, 2]), 4301.0), (array([[15.,  6.],
       [12.,  0.],
       [ 6., 11.],
       [ 1.,  6.]]), array([3, 2, 0, 1]), 4302.0), (array([[15.,  6.],
       [12.,  0.],
       [ 6., 11.],
       [ 1.,  6.]]), array([3, 2, 0, 1]), 4302.0), (array([[10,  8],
       [ 8,  8],
       [ 7,  3],
       [ 1,  0]]), array([1, 3, 2, 2]), 4303.0), (array([[ 9,  6],
       [12,  3],
       [ 5,  8],
       [ 3,  6]]), array([0, 2, 2, 1]), 4312.0), (array([[ 3,  5],
       [ 2,  7],
       [ 8,  8],
       [10,  5]]), array([0, 2, 2, 0]), 4313.0), (array([[ 9,  8],
       [11,  7],
       [ 6,  5],
       [13,  1]]), array([3, 2, 1, 1]), 4314.0), (array([[9, 5],
       [4, 7],
       [1, 8],
       [1, 1]]), array([1, 1, 2, 1]), 4320.0), (array([[ 9, 10],
       [ 9,  4],
       [ 2,  8],
       [ 6,  2]]), array([1, 1, 0, 2]), 8823.0)]
Generation 6 population configuration: 
[(array([[ 1,  5],
       [ 2, 10],
       [ 8,  2],
       [12,  7]]), array([1, 1, 1, 2]), 4295.0), (array([[ 1.,  5.],
       [ 2., 10.],
       [ 8.,  2.],
       [12.,  9.]]), array([1, 1, 1, 2]), 4295.0), (array([[ 1,  5],
       [ 7,  8],
       [ 8,  5],
       [14,  6]]), array([1, 3, 1, 3]), 4295.0), (array([[ 7, 10],
       [10,  6],
       [ 9,  3],
       [ 6,  2]]), array([0, 2, 1, 1]), 4295.0), (array([[14,  5],
       [ 9,  6],
       [ 6,  3],
       [ 4,  6]]), array([0, 2, 0, 3]), 4296.0), (array([[14.,  5.],
       [ 9.,  6.],
       [ 6.,  3.],
       [ 4.,  6.]]), array([0, 2, 0, 3]), 4296.0), (array([[ 8, 10],
       [ 8,  3],
       [ 2,  3],
       [14,  3]]), array([0, 1, 2, 2]), 4297.0), (array([[ 8., 10.],
       [ 8.,  3.],
       [ 2.,  3.],
       [14.,  3.]]), array([0, 1, 2, 2]), 4297.0), (array([[ 8., 10.],
       [ 8.,  3.],
       [ 2.,  3.],
       [14.,  3.]]), array([0, 1, 2, 2]), 4297.0), (array([[ 2.,  4.],
       [ 3., 10.],
       [ 8.,  9.],
       [12.,  9.]]), array([1, 0, 0, 2]), 4297.0), (array([[14,  6],
       [ 6,  6],
       [ 5, 11],
       [ 0,  9]]), array([3, 0, 0, 1]), 4300.0), (array([[15.,  6.],
       [12.,  0.],
       [ 6., 11.],
       [ 1.,  6.]]), array([3, 2, 0, 1]), 4302.0), (array([[15.,  6.],
       [12.,  0.],
       [ 6., 11.],
       [ 1.,  6.]]), array([3, 2, 0, 1]), 4302.0), (array([[ 5,  6],
       [ 8,  3],
       [ 1, 10],
       [11,  1]]), array([0, 2, 1, 1]), 4304.0), (array([[15,  1],
       [12,  6],
       [ 1,  6],
       [ 1, 10]]), array([3, 3, 1, 1]), 4305.0), (array([[ 8.,  1.],
       [14.,  1.],
       [ 6.,  8.],
       [ 4., 10.]]), array([3, 3, 1, 3]), 4306.0), (array([[ 9.,  6.],
       [12.,  3.],
       [ 5.,  8.],
       [ 3.,  6.]]), array([0, 2, 2, 1]), 4312.0), (array([[ 9.,  8.],
       [11.,  7.],
       [ 6.,  5.],
       [13.,  1.]]), array([3, 2, 1, 1]), 4314.0), (array([[ 1,  5],
       [ 2,  0],
       [11,  4],
       [12,  1]]), array([2, 2, 2, 1]), 10841.0), (array([[ 2,  5],
       [ 6,  6],
       [ 9,  8],
       [13,  4]]), array([2, 1, 2, 2]), 11618.0)]
Generation 7 population configuration: 
[(array([[ 1,  5],
       [ 2, 10],
       [ 8,  2],
       [12,  7]]), array([1, 1, 1, 2]), 4295.0), (array([[ 1.,  5.],
       [ 2., 10.],
       [ 8.,  2.],
       [12.,  9.]]), array([1, 1, 1, 2]), 4295.0), (array([[ 1,  5],
       [ 7,  8],
       [ 8,  5],
       [14,  6]]), array([1, 3, 1, 3]), 4295.0), (array([[ 7, 10],
       [10,  6],
       [ 9,  3],
       [ 6,  2]]), array([0, 2, 1, 1]), 4295.0), (array([[ 1.,  5.],
       [ 2., 10.],
       [ 8.,  2.],
       [12.,  7.]]), array([1, 1, 1, 2]), 4295.0), (array([[ 1.,  5.],
       [ 2., 10.],
       [ 8.,  2.],
       [12.,  7.]]), array([1, 1, 1, 2]), 4295.0), (array([[ 1.,  5.],
       [ 2., 10.],
       [ 8.,  2.],
       [12.,  7.]]), array([1, 1, 1, 2]), 4295.0), (array([[14,  5],
       [ 9,  6],
       [ 6,  3],
       [ 4,  6]]), array([0, 2, 0, 3]), 4296.0), (array([[14.,  5.],
       [ 9.,  6.],
       [ 6.,  3.],
       [ 4.,  6.]]), array([0, 2, 0, 3]), 4296.0), (array([[14.,  5.],
       [ 9.,  6.],
       [ 6.,  3.],
       [ 4.,  6.]]), array([0, 2, 0, 3]), 4296.0), (array([[ 8., 10.],
       [ 8.,  3.],
       [ 2.,  3.],
       [14.,  3.]]), array([0, 1, 2, 2]), 4297.0), (array([[ 2.,  4.],
       [ 3., 10.],
       [ 8.,  9.],
       [12.,  9.]]), array([1, 0, 0, 2]), 4297.0), (array([[ 7,  9],
       [ 3, 11],
       [ 4,  1],
       [13,  2]]), array([1, 0, 3, 1]), 4305.0), (array([[ 8.,  1.],
       [14.,  1.],
       [ 6.,  8.],
       [ 4., 10.]]), array([3, 3, 1, 3]), 4306.0), (array([[ 9.,  8.],
       [11.,  7.],
       [ 6.,  5.],
       [13.,  1.]]), array([3, 2, 1, 1]), 4314.0), (array([[ 7,  9],
       [ 1, 10],
       [ 8,  2],
       [14,  8]]), array([1, 1, 2, 2]), 4318.0), (array([[ 3,  7],
       [ 5,  5],
       [10,  8],
       [11,  5]]), array([0, 1, 2, 1]), 7631.0), (array([[ 0, 10],
       [ 9, 10],
       [ 7,  2],
       [12,  5]]), array([1, 1, 1, 1]), 8220.0), (array([[ 1,  3],
       [ 9,  7],
       [12,  4],
       [14,  9]]), array([1, 3, 2, 2]), 8605.0), (array([[ 1,  5],
       [ 8,  7],
       [10,  4],
       [13,  4]]), array([1, 2, 0, 1]), 8616.0)]
Generation 8 population configuration: 
[(array([[ 1,  5],
       [ 2, 10],
       [ 8,  2],
       [12,  7]]), array([1, 1, 1, 2]), 4295.0), (array([[ 1.,  5.],
       [ 2., 10.],
       [ 8.,  2.],
       [12.,  9.]]), array([1, 1, 1, 2]), 4295.0), (array([[ 1,  5],
       [ 7,  8],
       [ 8,  5],
       [14,  6]]), array([1, 3, 1, 3]), 4295.0), (array([[ 7, 10],
       [10,  6],
       [ 9,  3],
       [ 6,  2]]), array([0, 2, 1, 1]), 4295.0), (array([[ 1.,  5.],
       [ 2., 10.],
       [ 8.,  2.],
       [12.,  7.]]), array([1, 1, 1, 2]), 4295.0), (array([[ 1.,  5.],
       [ 2., 10.],
       [ 8.,  2.],
       [12.,  7.]]), array([1, 1, 1, 2]), 4295.0), (array([[ 1.,  5.],
       [ 2., 10.],
       [ 8.,  2.],
       [12.,  7.]]), array([1, 1, 1, 2]), 4295.0), (array([[ 1.,  5.],
       [ 2., 10.],
       [ 8.,  2.],
       [12.,  7.]]), array([1, 1, 1, 2]), 4295.0), (array([[ 1.,  5.],
       [ 2., 10.],
       [ 8.,  2.],
       [12.,  7.]]), array([1, 1, 1, 2]), 4295.0), (array([[14.,  5.],
       [ 9.,  6.],
       [ 6.,  3.],
       [ 4., 10.]]), array([0, 2, 0, 3]), 4296.0), (array([[14.,  5.],
       [ 9.,  6.],
       [ 6.,  3.],
       [ 4.,  6.]]), array([0, 2, 0, 3]), 4296.0), (array([[14.,  5.],
       [ 9.,  6.],
       [ 6.,  3.],
       [ 4.,  6.]]), array([0, 2, 0, 3]), 4296.0), (array([[ 8., 10.],
       [ 8.,  3.],
       [ 2.,  3.],
       [14.,  3.]]), array([0, 1, 2, 2]), 4297.0), (array([[10,  4],
       [11,  6],
       [ 3,  5],
       [ 1,  8]]), array([1, 2, 1, 2]), 4297.0), (array([[ 9,  8],
       [ 8,  6],
       [13,  6],
       [ 2,  9]]), array([3, 0, 2, 0]), 4301.0), (array([[ 1,  3],
       [ 4, 10],
       [11,  2],
       [10, 10]]), array([1, 0, 2, 1]), 4303.0), (array([[ 9,  4],
       [14,  7],
       [ 2,  5],
       [ 1,  2]]), array([1, 3, 2, 1]), 4309.0), (array([[ 9.,  8.],
       [11.,  7.],
       [ 6.,  5.],
       [13.,  1.]]), array([3, 2, 1, 1]), 4314.0), (array([[ 9,  6],
       [11,  9],
       [ 4,  1],
       [14,  1]]), array([3, 1, 3, 2]), 4319.0), (array([[ 1,  6],
       [ 8,  3],
       [12,  6],
       [13,  3]]), array([1, 1, 2, 1]), 11339.0)]
Generation 9 population configuration: 
[(array([[ 7, 10],
       [ 4,  6],
       [ 4,  4],
       [10,  4]]), array([1, 3, 0, 1]), 4291.0), (array([[ 1,  5],
       [ 2, 10],
       [ 8,  2],
       [12,  7]]), array([1, 1, 1, 2]), 4295.0), (array([[ 1.,  5.],
       [ 2., 10.],
       [ 8.,  2.],
       [12.,  9.]]), array([1, 1, 1, 2]), 4295.0), (array([[ 1,  5],
       [ 7,  8],
       [ 8,  5],
       [14,  6]]), array([1, 3, 1, 3]), 4295.0), (array([[ 7, 10],
       [10,  6],
       [ 9,  3],
       [ 6,  2]]), array([0, 2, 1, 1]), 4295.0), (array([[ 1.,  5.],
       [ 2., 10.],
       [ 8.,  2.],
       [12.,  7.]]), array([1, 1, 1, 2]), 4295.0), (array([[ 1.,  5.],
       [ 2., 10.],
       [ 8.,  2.],
       [12.,  7.]]), array([1, 1, 1, 2]), 4295.0), (array([[ 1.,  5.],
       [ 7.,  8.],
       [ 8.,  5.],
       [14.,  6.]]), array([1, 3, 1, 3]), 4295.0), (array([[ 1.,  5.],
       [ 2., 10.],
       [ 8.,  2.],
       [12.,  7.]]), array([1, 1, 1, 2]), 4295.0), (array([[ 1.,  5.],
       [ 2., 10.],
       [ 8.,  2.],
       [12.,  7.]]), array([1, 1, 1, 2]), 4295.0), (array([[ 1.,  5.],
       [ 7.,  8.],
       [ 8.,  5.],
       [14.,  6.]]), array([1, 3, 1, 3]), 4295.0), (array([[ 1.,  5.],
       [ 2., 10.],
       [ 8.,  2.],
       [12.,  7.]]), array([1, 1, 1, 2]), 4295.0), (array([[ 1.,  5.],
       [ 2., 10.],
       [ 8.,  2.],
       [12.,  7.]]), array([1, 1, 1, 2]), 4295.0), (array([[14.,  5.],
       [ 9.,  6.],
       [ 6.,  3.],
       [ 4.,  6.]]), array([0, 2, 0, 3]), 4296.0), (array([[14.,  5.],
       [ 9.,  6.],
       [ 6.,  3.],
       [ 4.,  6.]]), array([0, 2, 0, 3]), 4296.0), (array([[ 4,  3],
       [ 5,  7],
       [ 8,  8],
       [13,  7]]), array([1, 3, 1, 1]), 4298.0), (array([[14,  8],
       [14,  2],
       [ 6,  5],
       [ 7,  2]]), array([3, 3, 1, 0]), 4301.0), (array([[ 8,  5],
       [ 5,  8],
       [13,  6],
       [13,  3]]), array([2, 3, 2, 2]), 4302.0), (array([[11,  0],
       [ 6,  1],
       [ 4,  7],
       [12, 10]]), array([2, 2, 2, 1]), 4307.0), (array([[ 1, 10],
       [10,  9],
       [ 5,  1],
       [ 8,  2]]), array([1, 1, 3, 3]), 10980.0)]
Generation 10 population configuration: 
[(array([[ 7, 10],
       [ 4,  6],
       [ 4,  4],
       [10,  4]]), array([1, 3, 0, 1]), 4291.0), (array([[13,  5],
       [12,  7],
       [ 4,  5],
       [ 4,  1]]), array([0, 3, 1, 1]), 4294.0), (array([[ 1,  5],
       [ 2, 10],
       [ 8,  2],
       [12,  7]]), array([1, 1, 1, 2]), 4295.0), (array([[ 1.,  5.],
       [ 2., 10.],
       [ 8.,  2.],
       [12.,  9.]]), array([1, 1, 1, 2]), 4295.0), (array([[ 1,  5],
       [ 7,  8],
       [ 8,  5],
       [14,  6]]), array([1, 3, 1, 3]), 4295.0), (array([[ 7, 10],
       [10,  6],
       [ 9,  3],
       [ 6,  2]]), array([0, 2, 1, 1]), 4295.0), (array([[ 1.,  5.],
       [ 2., 10.],
       [ 8.,  2.],
       [12.,  7.]]), array([1, 1, 1, 2]), 4295.0), (array([[ 7., 10.],
       [10.,  6.],
       [ 9.,  3.],
       [ 6.,  2.]]), array([0, 2, 1, 1]), 4295.0), (array([[ 1.,  5.],
       [ 2., 10.],
       [ 8.,  2.],
       [12.,  7.]]), array([1, 1, 1, 2]), 4295.0), (array([[ 7., 10.],
       [10.,  6.],
       [ 9.,  3.],
       [ 6.,  2.]]), array([0, 2, 1, 1]), 4295.0), (array([[ 1.,  5.],
       [ 2., 10.],
       [ 8.,  2.],
       [12.,  7.]]), array([1, 1, 1, 2]), 4295.0), (array([[14.,  5.],
       [ 9.,  6.],
       [ 6.,  3.],
       [ 4.,  6.]]), array([0, 2, 0, 3]), 4296.0), (array([[14.,  5.],
       [ 9.,  6.],
       [ 6.,  3.],
       [ 4.,  6.]]), array([0, 2, 0, 3]), 4296.0), (array([[ 1,  8],
       [ 5,  4],
       [ 7,  7],
       [11,  7]]), array([1, 0, 1, 1]), 4296.0), (array([[11,  8],
       [14,  5],
       [ 5,  5],
       [ 1,  5]]), array([3, 0, 1, 1]), 4301.0), (array([[12,  7],
       [ 9,  2],
       [ 1,  6],
       [ 1,  5]]), array([3, 3, 2, 0]), 4302.0), (array([[ 4,  1],
       [10,  3],
       [ 2,  7],
       [13,  9]]), array([2, 1, 2, 0]), 4305.0), (array([[ 1.,  5.],
       [ 2., 10.],
       [13.,  6.],
       [13.,  3.]]), array([1, 1, 2, 2]), 4307.0), (array([[11.,  0.],
       [ 6.,  1.],
       [ 4.,  7.],
       [12., 10.]]), array([2, 2, 2, 1]), 4307.0), (array([[ 6,  5],
       [ 9,  3],
       [ 8,  8],
       [12, 10]]), array([0, 1, 3, 1]), 4307.0)]
Generation 11 population configuration: 
[(array([[ 7, 10],
       [ 4,  6],
       [ 4,  4],
       [10,  4]]), array([1, 3, 0, 1]), 4291.0), (array([[ 7., 10.],
       [ 4.,  6.],
       [ 4.,  4.],
       [10.,  4.]]), array([1, 3, 0, 1]), 4291.0), (array([[13,  5],
       [12,  7],
       [ 4,  5],
       [ 4,  1]]), array([0, 3, 1, 1]), 4294.0), (array([[13.,  5.],
       [12.,  7.],
       [ 4.,  5.],
       [ 4.,  1.]]), array([0, 3, 1, 1]), 4294.0), (array([[ 1,  5],
       [ 2, 10],
       [ 8,  2],
       [12,  7]]), array([1, 1, 1, 2]), 4295.0), (array([[ 1.,  5.],
       [ 2., 10.],
       [ 8.,  2.],
       [12.,  9.]]), array([1, 1, 1, 2]), 4295.0), (array([[ 1,  5],
       [ 7,  8],
       [ 8,  5],
       [14,  6]]), array([1, 3, 1, 3]), 4295.0), (array([[ 7, 10],
       [10,  6],
       [ 9,  3],
       [ 6,  2]]), array([0, 2, 1, 1]), 4295.0), (array([[ 1.,  5.],
       [ 7.,  8.],
       [ 8.,  5.],
       [14.,  6.]]), array([1, 3, 1, 3]), 4295.0), (array([[ 7., 10.],
       [10.,  6.],
       [ 9.,  3.],
       [ 6.,  2.]]), array([0, 2, 1, 1]), 4295.0), (array([[ 5,  9],
       [ 6,  1],
       [ 1,  2],
       [14,  8]]), array([1, 2, 2, 0]), 4295.0), (array([[ 1.,  8.],
       [ 5.,  4.],
       [ 7.,  7.],
       [11.,  7.]]), array([1, 0, 1, 1]), 4296.0), (array([[14.,  5.],
       [ 9.,  6.],
       [ 6.,  3.],
       [ 4.,  6.]]), array([0, 2, 0, 3]), 4296.0), (array([[11.,  8.],
       [14.,  5.],
       [ 5.,  5.],
       [ 1.,  5.]]), array([3, 0, 1, 1]), 4301.0), (array([[ 4.,  1.],
       [10.,  3.],
       [ 2.,  7.],
       [13.,  9.]]), array([2, 1, 2, 0]), 4305.0), (array([[ 1, 10],
       [ 9,  6],
       [11,  8],
       [13,  2]]), array([1, 1, 2, 0]), 4317.0), (array([[ 1,  5],
       [ 3, 10],
       [13,  8],
       [13,  0]]), array([1, 1, 2, 2]), 4319.0), (array([[ 3,  5],
       [ 4,  3],
       [11,  6],
       [10, 11]]), array([2, 1, 0, 0]), 8196.0), (array([[ 4,  3],
       [ 3,  6],
       [ 8,  7],
       [11,  1]]), array([1, 2, 2, 1]), 8595.0), (array([[ 4, 10],
       [ 8,  7],
       [ 8,  5],
       [ 3,  2]]), array([0, 2, 1, 2]), 11059.0)]
Generation 12 population configuration: 
[(array([[ 7, 10],
       [ 4,  6],
       [ 4,  4],
       [10,  4]]), array([1, 3, 0, 1]), 4291.0), (array([[ 7., 10.],
       [ 4.,  6.],
       [ 4.,  4.],
       [10.,  4.]]), array([1, 3, 0, 1]), 4291.0), (array([[ 7., 10.],
       [ 4.,  6.],
       [ 4.,  4.],
       [10.,  4.]]), array([1, 3, 0, 1]), 4291.0), (array([[ 7., 10.],
       [ 4.,  6.],
       [ 4.,  4.],
       [10.,  4.]]), array([1, 3, 0, 1]), 4291.0), (array([[13,  5],
       [12,  7],
       [ 4,  5],
       [ 4,  1]]), array([0, 3, 1, 1]), 4294.0), (array([[13.,  5.],
       [12.,  7.],
       [ 4.,  5.],
       [ 4.,  1.]]), array([0, 3, 1, 1]), 4294.0), (array([[ 1,  5],
       [ 2, 10],
       [ 8,  2],
       [12,  7]]), array([1, 1, 1, 2]), 4295.0), (array([[ 1.,  5.],
       [ 2., 10.],
       [ 8.,  2.],
       [12.,  9.]]), array([1, 1, 1, 2]), 4295.0), (array([[ 1.,  5.],
       [ 7.,  8.],
       [ 8.,  5.],
       [14.,  6.]]), array([1, 3, 1, 3]), 4295.0), (array([[ 1.,  5.],
       [ 7.,  8.],
       [ 8.,  5.],
       [14.,  6.]]), array([1, 3, 1, 3]), 4295.0), (array([[ 1.,  5.],
       [ 7.,  8.],
       [ 8.,  5.],
       [14.,  6.]]), array([1, 3, 1, 3]), 4295.0), (array([[ 7., 10.],
       [10.,  6.],
       [ 9.,  3.],
       [ 6.,  2.]]), array([0, 2, 1, 1]), 4295.0), (array([[ 1.,  5.],
       [ 7.,  8.],
       [ 8.,  5.],
       [14.,  6.]]), array([1, 3, 1, 3]), 4295.0), (array([[ 1.,  8.],
       [ 5.,  4.],
       [ 7.,  7.],
       [11.,  7.]]), array([1, 0, 1, 1]), 4296.0), (array([[ 1,  0],
       [ 4, 10],
       [11,  4],
       [13,  9]]), array([2, 0, 1, 1]), 4297.0), (array([[ 7,  3],
       [ 4,  5],
       [10,  6],
       [14,  2]]), array([1, 3, 3, 0]), 4299.0), (array([[ 2,  5],
       [ 9,  1],
       [13,  2],
       [14,  7]]), array([2, 3, 3, 3]), 4300.0), (array([[ 7,  7],
       [11,  6],
       [ 2,  3],
       [14,  9]]), array([0, 1, 0, 2]), 4305.0), (array([[ 1,  3],
       [ 6,  5],
       [ 5,  9],
       [15,  7]]), array([2, 1, 1, 3]), 11613.0), (array([[ 9,  1],
       [14,  1],
       [11, 10],
       [ 6, 10]]), array([3, 3, 0, 0]), 13961.0)]
Generation 13 population configuration: 
[(array([[ 7, 10],
       [ 4,  6],
       [ 4,  4],
       [10,  4]]), array([1, 3, 0, 1]), 4291.0), (array([[ 7., 10.],
       [ 4.,  6.],
       [ 4.,  4.],
       [10.,  4.]]), array([1, 3, 0, 1]), 4291.0), (array([[ 7., 10.],
       [ 4.,  6.],
       [ 4.,  4.],
       [10.,  4.]]), array([1, 3, 0, 1]), 4291.0), (array([[ 7., 10.],
       [ 4.,  6.],
       [ 4.,  4.],
       [10.,  4.]]), array([1, 3, 0, 1]), 4291.0), (array([[ 7., 10.],
       [ 4.,  6.],
       [ 4.,  4.],
       [10.,  4.]]), array([1, 3, 0, 1]), 4291.0), (array([[ 7., 10.],
       [ 4.,  6.],
       [ 4.,  4.],
       [10.,  4.]]), array([1, 3, 0, 1]), 4291.0), (array([[13,  5],
       [12,  7],
       [ 4,  5],
       [ 4,  1]]), array([0, 3, 1, 1]), 4294.0), (array([[13.,  5.],
       [12.,  7.],
       [ 4.,  5.],
       [ 4.,  1.]]), array([0, 3, 1, 1]), 4294.0), (array([[13.,  5.],
       [12.,  7.],
       [ 4.,  5.],
       [ 4.,  1.]]), array([0, 3, 1, 1]), 4294.0), (array([[13.,  5.],
       [12.,  7.],
       [ 4.,  5.],
       [ 4.,  1.]]), array([0, 3, 1, 1]), 4294.0), (array([[13.,  5.],
       [12.,  7.],
       [ 4.,  5.],
       [ 4.,  1.]]), array([0, 3, 1, 1]), 4294.0), (array([[ 1.,  5.],
       [ 7.,  8.],
       [ 8.,  5.],
       [14.,  2.]]), array([1, 3, 1, 0]), 4295.0), (array([[ 1.,  5.],
       [ 7.,  8.],
       [ 8.,  5.],
       [14.,  6.]]), array([1, 3, 1, 3]), 4295.0), (array([[10,  4],
       [11,  7],
       [ 6,  2],
       [ 4,  3]]), array([1, 3, 1, 2]), 4298.0), (array([[ 7.,  3.],
       [ 4.,  5.],
       [10.,  6.],
       [14.,  2.]]), array([1, 3, 3, 0]), 4299.0), (array([[ 9,  9],
       [ 4,  6],
       [10,  2],
       [ 7,  1]]), array([0, 3, 1, 3]), 4300.0), (array([[ 8, 10],
       [ 3,  6],
       [11,  3],
       [14,  2]]), array([1, 0, 0, 2]), 4301.0), (array([[ 8,  1],
       [10,  2],
       [ 8,  7],
       [ 1,  6]]), array([3, 2, 2, 2]), 4304.0), (array([[ 1,  3],
       [ 1,  9],
       [10,  9],
       [13,  2]]), array([1, 1, 3, 1]), 4319.0), (array([[ 7,  4],
       [11,  3],
       [ 4,  0],
       [ 2,  8]]), array([2, 1, 2, 0]), 8215.0)]
Generation 14 population configuration: 
[(array([[ 7, 10],
       [ 4,  6],
       [ 4,  4],
       [10,  4]]), array([1, 3, 0, 1]), 4291.0), (array([[ 7., 10.],
       [ 4.,  6.],
       [ 4.,  4.],
       [10.,  4.]]), array([1, 3, 0, 1]), 4291.0), (array([[ 7., 10.],
       [ 4.,  6.],
       [ 4.,  4.],
       [10.,  4.]]), array([1, 3, 0, 1]), 4291.0), (array([[ 7., 10.],
       [ 4.,  6.],
       [ 4.,  4.],
       [10.,  4.]]), array([1, 3, 0, 1]), 4291.0), (array([[ 7., 10.],
       [ 4.,  6.],
       [ 4.,  4.],
       [10.,  4.]]), array([1, 3, 0, 1]), 4291.0), (array([[ 7., 10.],
       [ 4.,  6.],
       [ 4.,  4.],
       [10.,  4.]]), array([1, 3, 0, 1]), 4291.0), (array([[ 7., 10.],
       [ 4.,  6.],
       [ 4.,  4.],
       [10.,  4.]]), array([1, 3, 0, 1]), 4291.0), (array([[ 7., 10.],
       [ 4.,  6.],
       [ 4.,  4.],
       [10.,  4.]]), array([1, 3, 0, 1]), 4291.0), (array([[ 7., 10.],
       [ 4.,  6.],
       [ 4.,  4.],
       [10.,  4.]]), array([1, 3, 0, 1]), 4291.0), (array([[ 7., 10.],
       [ 4.,  6.],
       [ 4.,  4.],
       [10.,  4.]]), array([1, 3, 0, 1]), 4291.0), (array([[ 7., 10.],
       [ 4.,  6.],
       [ 4.,  4.],
       [10.,  4.]]), array([1, 3, 0, 1]), 4291.0), (array([[ 1.,  5.],
       [ 7.,  8.],
       [ 8.,  5.],
       [14.,  2.]]), array([1, 3, 1, 0]), 4295.0), (array([[ 1.,  5.],
       [ 7.,  8.],
       [ 8.,  5.],
       [14.,  2.]]), array([1, 3, 1, 0]), 4295.0), (array([[ 7,  1],
       [ 6,  6],
       [ 8,  9],
       [14,  9]]), array([3, 3, 1, 2]), 4299.0), (array([[ 9.,  9.],
       [ 4.,  6.],
       [10.,  2.],
       [ 7.,  1.]]), array([0, 3, 1, 3]), 4300.0), (array([[ 1, 10],
       [ 3,  5],
       [ 9,  4],
       [13,  9]]), array([1, 1, 2, 2]), 4303.0), (array([[15,  8],
       [14,  2],
       [ 6,  8],
       [ 1,  6]]), array([3, 3, 1, 0]), 4307.0), (array([[ 8,  9],
       [ 3, 10],
       [12,  5],
       [14,  9]]), array([0, 0, 0, 3]), 4308.0), (array([[ 7,  2],
       [12,  4],
       [ 3,  7],
       [ 8,  9]]), array([2, 2, 2, 2]), 4310.0), (array([[ 3,  7],
       [ 5,  7],
       [13,  5],
       [12,  2]]), array([0, 1, 2, 1]), 13960.0)]
Generation 15 population configuration: 
[(array([[ 7, 10],
       [ 4,  6],
       [ 4,  4],
       [10,  4]]), array([1, 3, 0, 1]), 4291.0), (array([[ 7., 10.],
       [ 4.,  6.],
       [ 4.,  4.],
       [10.,  4.]]), array([1, 3, 0, 1]), 4291.0), (array([[ 7., 10.],
       [ 4.,  6.],
       [ 4.,  4.],
       [10.,  4.]]), array([1, 3, 0, 1]), 4291.0), (array([[ 7., 10.],
       [ 4.,  6.],
       [ 4.,  4.],
       [10.,  4.]]), array([1, 3, 0, 1]), 4291.0), (array([[ 7., 10.],
       [ 4.,  6.],
       [ 4.,  4.],
       [10.,  4.]]), array([1, 3, 0, 1]), 4291.0), (array([[ 7., 10.],
       [ 4.,  6.],
       [ 4.,  4.],
       [10.,  4.]]), array([1, 3, 0, 1]), 4291.0), (array([[ 7., 10.],
       [ 4.,  6.],
       [ 4.,  4.],
       [10.,  4.]]), array([1, 3, 0, 1]), 4291.0), (array([[ 7., 10.],
       [ 4.,  6.],
       [ 4.,  4.],
       [10.,  4.]]), array([1, 3, 0, 1]), 4291.0), (array([[ 7., 10.],
       [ 4.,  6.],
       [ 4.,  4.],
       [10.,  4.]]), array([1, 3, 0, 1]), 4291.0), (array([[ 7., 10.],
       [ 4.,  6.],
       [ 4.,  4.],
       [10.,  4.]]), array([1, 3, 0, 1]), 4291.0), (array([[ 7., 10.],
       [ 4.,  6.],
       [ 4.,  4.],
       [10.,  4.]]), array([1, 3, 0, 1]), 4291.0), (array([[ 7., 10.],
       [ 4.,  8.],
       [ 8.,  5.],
       [14.,  2.]]), array([1, 3, 1, 0]), 4295.0), (array([[ 6,  4],
       [ 4,  3],
       [13,  1],
       [13,  7]]), array([2, 3, 3, 2]), 4297.0), (array([[ 9,  3],
       [ 8, 10],
       [ 1,  3],
       [ 3,  9]]), array([1, 0, 2, 2]), 4297.0), (array([[ 3,  1],
       [ 8,  3],
       [ 5,  8],
       [12,  9]]), array([2, 1, 3, 0]), 4299.0), (array([[9, 8],
       [6, 8],
       [9, 3],
       [4, 4]]), array([1, 3, 1, 3]), 4302.0), (array([[11,  1],
       [ 7,  8],
       [13,  9],
       [ 2,  3]]), array([3, 3, 3, 2]), 4304.0), (array([[13,  8],
       [13,  1],
       [ 4,  8],
       [ 5,  2]]), array([3, 3, 2, 1]), 4307.0), (array([[ 7.,  2.],
       [12.,  4.],
       [ 3.,  7.],
       [ 8.,  9.]]), array([2, 2, 2, 2]), 4310.0), (array([[ 7.,  2.],
       [12.,  4.],
       [ 3.,  7.],
       [ 8.,  9.]]), array([2, 2, 2, 2]), 4310.0)]
Generation 16 population configuration: 
[(array([[ 7, 10],
       [ 4,  6],
       [ 4,  4],
       [10,  4]]), array([1, 3, 0, 1]), 4291.0), (array([[ 7., 10.],
       [ 4.,  6.],
       [ 4.,  4.],
       [10.,  4.]]), array([1, 3, 0, 1]), 4291.0), (array([[ 7., 10.],
       [ 4.,  6.],
       [ 4.,  4.],
       [10.,  4.]]), array([1, 3, 0, 1]), 4291.0), (array([[ 7., 10.],
       [ 4.,  6.],
       [ 4.,  4.],
       [10.,  4.]]), array([1, 3, 0, 1]), 4291.0), (array([[ 7., 10.],
       [ 4.,  6.],
       [ 4.,  4.],
       [10.,  4.]]), array([1, 3, 0, 1]), 4291.0), (array([[ 7., 10.],
       [ 4.,  6.],
       [ 4.,  4.],
       [10.,  4.]]), array([1, 3, 0, 1]), 4291.0), (array([[ 7., 10.],
       [ 4.,  6.],
       [ 4.,  4.],
       [10.,  4.]]), array([1, 3, 0, 1]), 4291.0), (array([[ 7., 10.],
       [ 4.,  6.],
       [ 4.,  4.],
       [10.,  4.]]), array([1, 3, 0, 1]), 4291.0), (array([[ 7., 10.],
       [ 4.,  6.],
       [ 4.,  4.],
       [10.,  4.]]), array([1, 3, 0, 1]), 4291.0), (array([[ 7., 10.],
       [ 4.,  6.],
       [ 4.,  4.],
       [10.,  4.]]), array([1, 3, 0, 1]), 4291.0), (array([[ 7., 10.],
       [ 4.,  6.],
       [ 4.,  4.],
       [10.,  4.]]), array([1, 3, 0, 1]), 4291.0), (array([[ 3,  6],
       [ 8,  8],
       [ 9,  3],
       [11,  2]]), array([0, 3, 0, 1]), 4292.0), (array([[11,  1],
       [ 9,  6],
       [ 3,  5],
       [ 2,  3]]), array([3, 3, 3, 0]), 4294.0), (array([[ 7., 10.],
       [ 4.,  8.],
       [ 8.,  5.],
       [14.,  2.]]), array([1, 3, 1, 0]), 4295.0), (array([[ 6.,  4.],
       [ 4.,  3.],
       [13.,  1.],
       [13.,  7.]]), array([2, 3, 3, 2]), 4297.0), (array([[14,  7],
       [ 9,  2],
       [ 4,  6],
       [ 2,  2]]), array([0, 3, 2, 3]), 4304.0), (array([[13.,  8.],
       [13.,  1.],
       [ 4.,  8.],
       [ 5.,  2.]]), array([3, 3, 2, 1]), 4307.0), (array([[ 1,  4],
       [ 9, 11],
       [13,  6],
       [14,  7]]), array([1, 0, 0, 2]), 4312.0), (array([[ 8, 10],
       [12,  7],
       [ 1,  5],
       [12,  1]]), array([0, 2, 1, 1]), 8233.0), (array([[ 2,  3],
       [ 8, 10],
       [13,  7],
       [14,  2]]), array([1, 0, 2, 0]), 8606.0)]
Generation 17 population configuration: 
[(array([[ 7, 10],
       [ 4,  6],
       [ 4,  4],
       [10,  4]]), array([1, 3, 0, 1]), 4291.0), (array([[ 7., 10.],
       [ 4.,  6.],
       [ 4.,  4.],
       [10.,  4.]]), array([1, 3, 0, 1]), 4291.0), (array([[ 7., 10.],
       [ 4.,  6.],
       [ 4.,  4.],
       [10.,  4.]]), array([1, 3, 0, 1]), 4291.0), (array([[ 7., 10.],
       [ 4.,  6.],
       [ 4.,  4.],
       [10.,  4.]]), array([1, 3, 0, 1]), 4291.0), (array([[ 7., 10.],
       [ 4.,  6.],
       [ 4.,  4.],
       [10.,  4.]]), array([1, 3, 0, 1]), 4291.0), (array([[ 7., 10.],
       [ 4.,  6.],
       [ 4.,  4.],
       [10.,  4.]]), array([1, 3, 0, 1]), 4291.0), (array([[ 7., 10.],
       [ 4.,  6.],
       [ 4.,  4.],
       [10.,  4.]]), array([1, 3, 0, 1]), 4291.0), (array([[ 7., 10.],
       [ 4.,  6.],
       [ 4.,  4.],
       [10.,  4.]]), array([1, 3, 0, 1]), 4291.0), (array([[ 7., 10.],
       [ 4.,  6.],
       [ 4.,  4.],
       [10.,  4.]]), array([1, 3, 0, 1]), 4291.0), (array([[ 7., 10.],
       [ 4.,  6.],
       [ 4.,  4.],
       [10.,  4.]]), array([1, 3, 0, 1]), 4291.0), (array([[ 7., 10.],
       [ 4.,  6.],
       [ 4.,  4.],
       [14.,  7.]]), array([1, 3, 0, 2]), 4291.0), (array([[ 7., 10.],
       [ 4.,  6.],
       [ 4.,  4.],
       [10.,  4.]]), array([1, 3, 0, 1]), 4291.0), (array([[13,  5],
       [11,  6],
       [ 4,  2],
       [ 3, 10]]), array([0, 2, 2, 3]), 4295.0), (array([[ 6.,  4.],
       [ 4.,  3.],
       [13.,  1.],
       [13.,  7.]]), array([2, 3, 3, 2]), 4297.0), (array([[ 6.,  4.],
       [ 4.,  3.],
       [13.,  1.],
       [13.,  7.]]), array([2, 3, 3, 2]), 4297.0), (array([[10,  9],
       [ 9,  1],
       [ 2,  7],
       [ 1,  1]]), array([1, 3, 0, 2]), 4297.0), (array([[ 5, 11],
       [14,  7],
       [10,  2],
       [ 5,  0]]), array([0, 3, 2, 2]), 4306.0), (array([[ 1, 10],
       [ 7, 10],
       [ 6,  1],
       [10,  2]]), array([1, 1, 2, 1]), 7371.0), (array([[12,  5],
       [10,  3],
       [10,  9],
       [ 4, 10]]), array([2, 1, 3, 0]), 8201.0), (array([[ 0,  7],
       [ 7,  4],
       [10,  7],
       [14,  2]]), array([1, 1, 2, 0]), 8217.0)]
Generation 18 population configuration: 
[(array([[ 7, 10],
       [ 4,  6],
       [ 4,  4],
       [10,  4]]), array([1, 3, 0, 1]), 4291.0), (array([[ 7., 10.],
       [ 4.,  6.],
       [ 4.,  4.],
       [10.,  4.]]), array([1, 3, 0, 1]), 4291.0), (array([[ 7., 10.],
       [ 4.,  6.],
       [ 4.,  4.],
       [10.,  4.]]), array([1, 3, 0, 1]), 4291.0), (array([[ 7., 10.],
       [ 4.,  6.],
       [ 4.,  4.],
       [10.,  4.]]), array([1, 3, 0, 1]), 4291.0), (array([[ 7., 10.],
       [ 4.,  6.],
       [ 4.,  4.],
       [10.,  4.]]), array([1, 3, 0, 1]), 4291.0), (array([[ 7., 10.],
       [ 4.,  6.],
       [ 4.,  4.],
       [10.,  4.]]), array([1, 3, 0, 1]), 4291.0), (array([[ 7., 10.],
       [ 4.,  6.],
       [ 4.,  4.],
       [10.,  4.]]), array([1, 3, 0, 1]), 4291.0), (array([[ 7., 10.],
       [ 4.,  6.],
       [ 4.,  4.],
       [10.,  4.]]), array([1, 3, 0, 1]), 4291.0), (array([[ 7., 10.],
       [ 4.,  6.],
       [ 4.,  4.],
       [10.,  4.]]), array([1, 3, 0, 1]), 4291.0), (array([[ 7., 10.],
       [ 4.,  6.],
       [ 4.,  4.],
       [10.,  4.]]), array([1, 3, 0, 1]), 4291.0), (array([[ 7., 10.],
       [ 4.,  6.],
       [ 4.,  4.],
       [14.,  7.]]), array([1, 3, 0, 2]), 4291.0), (array([[ 7., 10.],
       [ 4.,  6.],
       [ 4.,  4.],
       [10.,  4.]]), array([1, 3, 0, 1]), 4291.0), (array([[ 7., 10.],
       [ 4.,  6.],
       [ 4.,  4.],
       [10.,  4.]]), array([1, 3, 0, 1]), 4291.0), (array([[13.,  5.],
       [11.,  6.],
       [ 4.,  2.],
       [ 3., 10.]]), array([0, 2, 2, 3]), 4295.0), (array([[10, 10],
       [ 9,  8],
       [ 7,  4],
       [13,  1]]), array([1, 3, 1, 1]), 4295.0), (array([[10,  1],
       [15,  1],
       [10,  6],
       [ 6,  9]]), array([3, 3, 2, 1]), 4301.0), (array([[ 6, 10],
       [ 5,  3],
       [ 1,  5],
       [12,  5]]), array([1, 1, 2, 3]), 4301.0), (array([[ 6, 10],
       [ 1,  7],
       [14,  9],
       [ 1,  1]]), array([1, 2, 0, 1]), 7783.0), (array([[ 1, 10],
       [ 7, 10],
       [ 5,  2],
       [13,  1]]), array([1, 1, 1, 2]), 8601.0), (array([[ 7, 10],
       [ 9,  5],
       [ 4,  5],
       [ 1,  4]]), array([1, 1, 2, 2]), 8821.0)]
Generation 19 population configuration: 
[(array([[ 7, 10],
       [ 4,  6],
       [ 4,  4],
       [10,  4]]), array([1, 3, 0, 1]), 4291.0), (array([[ 7., 10.],
       [ 4.,  6.],
       [ 4.,  4.],
       [10.,  4.]]), array([1, 3, 0, 1]), 4291.0), (array([[ 7., 10.],
       [ 4.,  6.],
       [ 4.,  4.],
       [10.,  4.]]), array([1, 3, 0, 1]), 4291.0), (array([[ 7., 10.],
       [ 4.,  6.],
       [ 4.,  4.],
       [10.,  4.]]), array([1, 3, 0, 1]), 4291.0), (array([[ 7., 10.],
       [ 4.,  6.],
       [ 4.,  4.],
       [10.,  4.]]), array([1, 3, 0, 1]), 4291.0), (array([[ 7., 10.],
       [ 4.,  6.],
       [ 4.,  4.],
       [10.,  4.]]), array([1, 3, 0, 1]), 4291.0), (array([[ 6., 10.],
       [ 4.,  6.],
       [ 4.,  4.],
       [14.,  7.]]), array([1, 3, 0, 2]), 4291.0), (array([[ 7., 10.],
       [ 4.,  6.],
       [ 4.,  4.],
       [10.,  4.]]), array([1, 3, 0, 1]), 4291.0), (array([[ 7., 10.],
       [ 4.,  6.],
       [ 4.,  4.],
       [10.,  4.]]), array([1, 3, 0, 1]), 4291.0), (array([[ 7., 10.],
       [ 4.,  6.],
       [ 4.,  4.],
       [10.,  4.]]), array([1, 3, 0, 1]), 4291.0), (array([[ 7., 10.],
       [ 4.,  6.],
       [ 4.,  4.],
       [10.,  4.]]), array([1, 3, 0, 1]), 4291.0), (array([[10., 10.],
       [ 9.,  8.],
       [ 7.,  4.],
       [13.,  1.]]), array([1, 3, 1, 1]), 4295.0), (array([[12,  1],
       [ 7,  1],
       [ 5,  6],
       [ 2,  6]]), array([2, 2, 2, 0]), 4298.0), (array([[ 7, 10],
       [ 6,  7],
       [10,  3],
       [ 4,  3]]), array([1, 3, 0, 2]), 4300.0), (array([[ 6., 10.],
       [ 5.,  3.],
       [ 1.,  5.],
       [12.,  5.]]), array([1, 1, 2, 3]), 4301.0), (array([[ 6., 10.],
       [ 5.,  3.],
       [ 1.,  5.],
       [12.,  5.]]), array([1, 1, 1, 3]), 4302.0), (array([[ 9,  1],
       [12,  3],
       [10,  7],
       [ 3,  5]]), array([3, 2, 3, 2]), 4308.0), (array([[ 3, 10],
       [ 9, 11],
       [ 7,  3],
       [11,  4]]), array([0, 0, 2, 0]), 4310.0), (array([[ 1, 10],
       [ 2,  5],
       [13,  5],
       [12,  1]]), array([1, 1, 2, 1]), 9097.0), (array([[ 6,  5],
       [ 4,  3],
       [ 1, 10],
       [13,  1]]), array([1, 3, 1, 2]), 10795.0)]
Generation 20 population configuration: 
[(array([[ 7, 10],
       [ 4,  6],
       [ 4,  4],
       [10,  4]]), array([1, 3, 0, 1]), 4291.0), (array([[ 7., 10.],
       [ 4.,  6.],
       [ 4.,  4.],
       [10.,  4.]]), array([1, 3, 0, 1]), 4291.0), (array([[ 7., 10.],
       [ 4.,  6.],
       [ 4.,  4.],
       [10.,  4.]]), array([1, 3, 0, 1]), 4291.0), (array([[ 7., 10.],
       [ 4.,  6.],
       [ 4.,  4.],
       [10.,  4.]]), array([1, 3, 0, 1]), 4291.0), (array([[ 7., 10.],
       [ 4.,  6.],
       [ 4.,  4.],
       [10.,  4.]]), array([1, 3, 0, 1]), 4291.0), (array([[ 7., 10.],
       [ 4.,  6.],
       [ 4.,  4.],
       [10.,  4.]]), array([1, 3, 0, 1]), 4291.0), (array([[ 7., 10.],
       [ 4.,  6.],
       [ 4.,  4.],
       [10.,  4.]]), array([1, 3, 0, 1]), 4291.0), (array([[ 7., 10.],
       [ 4.,  6.],
       [ 4.,  4.],
       [10.,  4.]]), array([1, 3, 0, 1]), 4291.0), (array([[ 7., 10.],
       [ 4.,  6.],
       [ 4.,  4.],
       [10.,  4.]]), array([1, 3, 0, 1]), 4291.0), (array([[ 7., 10.],
       [ 4.,  6.],
       [ 4.,  4.],
       [10.,  4.]]), array([1, 3, 0, 1]), 4291.0), (array([[ 6., 10.],
       [ 5.,  3.],
       [ 1.,  5.],
       [12.,  5.]]), array([1, 1, 2, 3]), 4301.0), (array([[13,  2],
       [12,  7],
       [ 4,  8],
       [ 2,  4]]), array([3, 3, 2, 2]), 4302.0), (array([[ 5,  3],
       [ 3,  6],
       [13,  4],
       [14,  9]]), array([1, 0, 0, 0]), 4304.0), (array([[12,  0],
       [ 4,  4],
       [ 5,  7],
       [13, 10]]), array([2, 3, 1, 1]), 4307.0), (array([[ 9.,  1.],
       [12.,  3.],
       [10.,  7.],
       [ 3.,  5.]]), array([3, 2, 3, 2]), 4308.0), (array([[ 9.,  1.],
       [12.,  3.],
       [10.,  7.],
       [ 3.,  5.]]), array([3, 2, 3, 2]), 4308.0), (array([[ 3., 10.],
       [ 9., 11.],
       [ 7.,  3.],
       [11.,  4.]]), array([0, 0, 2, 0]), 4310.0), (array([[ 7,  3],
       [ 3,  7],
       [ 8,  9],
       [13,  1]]), array([1, 2, 1, 1]), 8618.0), (array([[ 5, 10],
       [ 5,  3],
       [12,  4],
       [15, 10]]), array([1, 1, 0, 3]), 11046.0), (array([[ 6, 10],
       [ 8,  4],
       [13,  3],
       [14,  4]]), array([1, 0, 0, 2]), 11047.0)]
Generation 21 population configuration: 
[(array([[ 7, 10],
       [ 4,  6],
       [ 4,  4],
       [10,  4]]), array([1, 3, 0, 1]), 4291.0), (array([[ 7., 10.],
       [ 4.,  6.],
       [ 4.,  4.],
       [10.,  4.]]), array([1, 3, 0, 1]), 4291.0), (array([[ 7., 10.],
       [ 4.,  6.],
       [ 4.,  4.],
       [10.,  4.]]), array([1, 3, 0, 1]), 4291.0), (array([[ 7., 10.],
       [ 4.,  6.],
       [ 4.,  4.],
       [10.,  4.]]), array([1, 3, 0, 1]), 4291.0), (array([[ 7., 10.],
       [ 4.,  6.],
       [ 4.,  4.],
       [10.,  4.]]), array([1, 3, 0, 1]), 4291.0), (array([[ 7., 10.],
       [ 4.,  6.],
       [ 4.,  4.],
       [10.,  4.]]), array([1, 3, 0, 1]), 4291.0), (array([[ 7., 10.],
       [ 4.,  6.],
       [ 4.,  4.],
       [10.,  4.]]), array([1, 3, 0, 1]), 4291.0), (array([[ 7., 10.],
       [ 4.,  6.],
       [ 4.,  4.],
       [10.,  4.]]), array([1, 3, 0, 1]), 4291.0), (array([[ 7., 10.],
       [ 4.,  6.],
       [ 4.,  4.],
       [10.,  4.]]), array([1, 3, 0, 1]), 4291.0), (array([[ 7., 10.],
       [ 4.,  6.],
       [ 4.,  4.],
       [10.,  4.]]), array([1, 3, 0, 1]), 4291.0), (array([[ 7., 10.],
       [ 4.,  6.],
       [ 4.,  4.],
       [10.,  4.]]), array([1, 3, 0, 1]), 4291.0), (array([[ 7., 10.],
       [ 4.,  6.],
       [ 4.,  4.],
       [10.,  4.]]), array([1, 3, 0, 1]), 4291.0), (array([[8, 4],
       [5, 5],
       [4, 7],
       [1, 8]]), array([1, 0, 2, 2]), 4298.0), (array([[ 6., 10.],
       [ 5.,  3.],
       [ 1.,  5.],
       [12.,  5.]]), array([1, 1, 2, 3]), 4301.0), (array([[ 5,  1],
       [11,  2],
       [10,  7],
       [13,  4]]), array([3, 3, 3, 1]), 4304.0), (array([[10,  2],
       [ 7,  6],
       [ 8, 10],
       [ 1,  1]]), array([2, 3, 1, 2]), 4307.0), (array([[ 9.,  1.],
       [12.,  3.],
       [10.,  7.],
       [ 3.,  5.]]), array([3, 2, 3, 2]), 4308.0), (array([[ 0,  7],
       [ 6, 10],
       [11,  9],
       [14,  2]]), array([1, 1, 1, 3]), 4318.0), (array([[ 1,  5],
       [ 5, 10],
       [12,  2],
       [12,  9]]), array([1, 1, 2, 3]), 8213.0), (array([[ 2,  3],
       [ 2,  7],
       [ 7,  7],
       [13,  5]]), array([1, 2, 1, 2]), 8601.0)]
Generation 22 population configuration: 
[(array([[ 7, 10],
       [ 4,  6],
       [ 4,  4],
       [10,  4]]), array([1, 3, 0, 1]), 4291.0), (array([[ 7., 10.],
       [ 4.,  6.],
       [ 4.,  4.],
       [10.,  4.]]), array([1, 3, 0, 1]), 4291.0), (array([[ 7., 10.],
       [ 4.,  6.],
       [ 4.,  4.],
       [10.,  4.]]), array([1, 3, 0, 1]), 4291.0), (array([[ 7., 10.],
       [ 4.,  6.],
       [ 4.,  4.],
       [10.,  4.]]), array([1, 3, 0, 1]), 4291.0), (array([[ 7., 10.],
       [ 4.,  6.],
       [ 4.,  4.],
       [10.,  4.]]), array([1, 3, 0, 1]), 4291.0), (array([[ 7., 10.],
       [ 4.,  6.],
       [ 4.,  4.],
       [10.,  4.]]), array([1, 3, 0, 1]), 4291.0), (array([[ 7., 10.],
       [ 4.,  6.],
       [ 4.,  4.],
       [10.,  4.]]), array([1, 3, 0, 1]), 4291.0), (array([[ 7., 10.],
       [ 4.,  6.],
       [ 4.,  4.],
       [10.,  4.]]), array([1, 3, 0, 0]), 4291.0), (array([[ 7., 10.],
       [ 4.,  6.],
       [ 4.,  4.],
       [10.,  4.]]), array([1, 3, 0, 1]), 4291.0), (array([[ 7., 10.],
       [ 4.,  6.],
       [ 4.,  4.],
       [10.,  4.]]), array([1, 3, 0, 1]), 4291.0), (array([[ 7., 10.],
       [ 4.,  6.],
       [ 4.,  4.],
       [10.,  4.]]), array([1, 3, 0, 1]), 4291.0), (array([[ 7., 10.],
       [ 4.,  6.],
       [ 4.,  4.],
       [10.,  4.]]), array([1, 3, 0, 1]), 4291.0), (array([[ 9,  6],
       [11,  5],
       [ 6,  3],
       [ 4,  4]]), array([3, 2, 1, 0]), 4296.0), (array([[ 7, 10],
       [ 4,  5],
       [ 5,  4],
       [13,  3]]), array([1, 3, 1, 1]), 4297.0), (array([[14,  5],
       [10,  3],
       [ 5, 10],
       [ 2,  2]]), array([0, 3, 0, 2]), 4300.0), (array([[13,  3],
       [10,  8],
       [ 3, 10],
       [ 0,  2]]), array([3, 3, 0, 1]), 4305.0), (array([[10.,  2.],
       [ 7.,  6.],
       [ 8., 10.],
       [ 1.,  1.]]), array([2, 3, 1, 2]), 4307.0), (array([[ 9.,  1.],
       [12.,  3.],
       [10.,  7.],
       [ 3.,  5.]]), array([3, 2, 3, 2]), 4308.0), (array([[ 3,  8],
       [ 7,  0],
       [12,  7],
       [14,  3]]), array([0, 2, 2, 3]), 5384.0), (array([[ 9,  4],
       [10,  6],
       [ 3,  5],
       [ 2, 10]]), array([1, 2, 0, 0]), 8216.0)]
Generation 23 population configuration: 
[(array([[ 7, 10],
       [ 4,  6],
       [ 4,  4],
       [10,  4]]), array([1, 3, 0, 1]), 4291.0), (array([[ 7., 10.],
       [ 4.,  6.],
       [ 4.,  4.],
       [10.,  4.]]), array([1, 3, 0, 1]), 4291.0), (array([[ 7., 10.],
       [ 4.,  6.],
       [ 4.,  4.],
       [10.,  4.]]), array([1, 3, 0, 1]), 4291.0), (array([[ 7., 10.],
       [ 4.,  6.],
       [ 4.,  4.],
       [10.,  4.]]), array([1, 3, 0, 1]), 4291.0), (array([[ 7., 10.],
       [ 4.,  6.],
       [ 4.,  4.],
       [10.,  4.]]), array([1, 3, 0, 1]), 4291.0), (array([[ 7., 10.],
       [ 4.,  6.],
       [ 4.,  4.],
       [10.,  4.]]), array([1, 3, 0, 1]), 4291.0), (array([[ 7., 10.],
       [ 4.,  6.],
       [ 4.,  4.],
       [10.,  4.]]), array([1, 3, 0, 1]), 4291.0), (array([[ 7., 10.],
       [ 4.,  6.],
       [ 4.,  4.],
       [10.,  4.]]), array([1, 3, 0, 1]), 4291.0), (array([[ 7., 10.],
       [ 4.,  6.],
       [ 4.,  4.],
       [10.,  4.]]), array([1, 3, 0, 1]), 4291.0), (array([[ 7., 10.],
       [ 4.,  6.],
       [ 4.,  4.],
       [10.,  4.]]), array([1, 3, 0, 1]), 4291.0), (array([[ 7., 10.],
       [ 4.,  6.],
       [ 4.,  4.],
       [10.,  4.]]), array([1, 3, 0, 1]), 4291.0), (array([[ 7., 10.],
       [ 4.,  6.],
       [ 4.,  4.],
       [10.,  4.]]), array([1, 3, 0, 1]), 4291.0), (array([[14.,  5.],
       [10.,  3.],
       [ 5., 10.],
       [ 2.,  2.]]), array([0, 3, 0, 1]), 4300.0), (array([[ 6,  6],
       [ 4, 10],
       [ 1,  3],
       [11,  9]]), array([1, 0, 1, 1]), 4305.0), (array([[ 1,  4],
       [ 4, 10],
       [11,  6],
       [12,  2]]), array([1, 0, 2, 2]), 4305.0), (array([[10.,  2.],
       [ 7.,  6.],
       [ 8., 10.],
       [ 1.,  1.]]), array([2, 3, 1, 2]), 4307.0), (array([[ 8, 10],
       [12,  5],
       [10,  2],
       [11,  2]]), array([0, 2, 3, 1]), 4309.0), (array([[ 1,  8],
       [ 7,  7],
       [13,  8],
       [13,  4]]), array([1, 1, 2, 0]), 7774.0), (array([[ 6,  9],
       [ 8,  3],
       [ 0,  4],
       [14,  0]]), array([1, 1, 1, 2]), 8820.0), (array([[ 2,  5],
       [ 9,  7],
       [ 9,  1],
       [12,  3]]), array([1, 2, 2, 1]), 11042.0)]
Generation 24 population configuration: 
[(array([[ 7, 10],
       [ 4,  6],
       [ 4,  4],
       [10,  4]]), array([1, 3, 0, 1]), 4291.0), (array([[ 7., 10.],
       [ 4.,  6.],
       [ 4.,  4.],
       [10.,  4.]]), array([1, 3, 0, 1]), 4291.0), (array([[ 7., 10.],
       [ 4.,  6.],
       [ 4.,  4.],
       [10.,  4.]]), array([1, 3, 0, 1]), 4291.0), (array([[ 7., 10.],
       [ 4.,  6.],
       [ 4.,  4.],
       [10.,  4.]]), array([1, 3, 0, 1]), 4291.0), (array([[ 7., 10.],
       [ 4.,  6.],
       [ 4.,  4.],
       [10.,  4.]]), array([1, 3, 0, 1]), 4291.0), (array([[ 7., 10.],
       [ 4.,  6.],
       [ 4.,  4.],
       [10.,  4.]]), array([1, 3, 0, 1]), 4291.0), (array([[ 7., 10.],
       [ 4.,  6.],
       [ 4.,  4.],
       [10.,  4.]]), array([1, 3, 0, 1]), 4291.0), (array([[ 7., 10.],
       [ 4.,  6.],
       [ 4.,  4.],
       [10.,  4.]]), array([1, 3, 0, 2]), 4291.0), (array([[ 7., 10.],
       [ 4.,  6.],
       [ 4.,  4.],
       [11.,  4.]]), array([1, 3, 0, 1]), 4291.0), (array([[ 1,  3],
       [ 2,  9],
       [ 7,  2],
       [10,  7]]), array([1, 1, 1, 2]), 4293.0), (array([[14.,  5.],
       [10.,  3.],
       [ 5., 10.],
       [ 2.,  2.]]), array([0, 3, 0, 1]), 4300.0), (array([[14,  6],
       [ 7,  5],
       [ 4,  8],
       [ 1,  9]]), array([3, 0, 1, 0]), 4300.0), (array([[ 2,  3],
       [ 8,  4],
       [ 4,  9],
       [15,  8]]), array([1, 1, 0, 3]), 4300.0), (array([[ 6.,  6.],
       [ 4., 10.],
       [ 1.,  3.],
       [11.,  9.]]), array([1, 0, 1, 1]), 4305.0), (array([[ 1.,  4.],
       [ 4., 10.],
       [11.,  6.],
       [12.,  2.]]), array([1, 0, 2, 2]), 4305.0), (array([[14, 10],
       [14,  1],
       [ 5, 10],
       [ 6,  1]]), array([0, 3, 1, 2]), 4307.0), (array([[10.,  2.],
       [ 7.,  7.],
       [ 8., 10.],
       [ 1.,  1.]]), array([2, 3, 1, 2]), 4308.0), (array([[ 8., 10.],
       [12.,  5.],
       [10.,  2.],
       [11.,  2.]]), array([0, 2, 3, 1]), 4309.0), (array([[ 3,  6],
       [ 1,  3],
       [10,  6],
       [10,  4]]), array([2, 1, 2, 3]), 4313.0), (array([[ 1,  5],
       [ 1,  7],
       [ 9, 10],
       [13,  0]]), array([1, 2, 1, 2]), 4321.0)]
Generation 25 population configuration: 
[(array([[ 7, 10],
       [ 4,  6],
       [ 4,  4],
       [10,  4]]), array([1, 3, 0, 1]), 4291.0), (array([[ 7., 10.],
       [ 4.,  6.],
       [ 4.,  4.],
       [10.,  4.]]), array([1, 3, 0, 1]), 4291.0), (array([[ 7., 10.],
       [ 4.,  6.],
       [ 4.,  4.],
       [10.,  4.]]), array([1, 3, 0, 1]), 4291.0), (array([[ 7., 10.],
       [ 4.,  6.],
       [ 4.,  4.],
       [10.,  4.]]), array([1, 3, 0, 1]), 4291.0), (array([[ 7., 10.],
       [ 4.,  6.],
       [ 4.,  4.],
       [10.,  4.]]), array([1, 3, 0, 1]), 4291.0), (array([[ 7., 10.],
       [ 4.,  6.],
       [ 4.,  4.],
       [10.,  4.]]), array([1, 3, 0, 1]), 4291.0), (array([[ 7., 10.],
       [ 4.,  6.],
       [ 4.,  4.],
       [10.,  4.]]), array([1, 3, 0, 1]), 4291.0), (array([[ 7., 10.],
       [ 4.,  6.],
       [ 4.,  4.],
       [11.,  4.]]), array([1, 3, 0, 1]), 4291.0), (array([[ 7., 10.],
       [ 4.,  6.],
       [ 4.,  4.],
       [11.,  4.]]), array([1, 3, 0, 1]), 4291.0), (array([[ 7., 10.],
       [ 4.,  6.],
       [ 4.,  4.],
       [11.,  4.]]), array([1, 3, 0, 1]), 4291.0), (array([[ 7., 10.],
       [ 4.,  6.],
       [ 4.,  4.],
       [10.,  4.]]), array([1, 3, 0, 1]), 4291.0), (array([[ 7., 10.],
       [ 4.,  6.],
       [ 4.,  4.],
       [10.,  4.]]), array([1, 3, 0, 1]), 4291.0), (array([[ 7,  8],
       [10,  4],
       [ 2,  7],
       [14,  9]]), array([0, 1, 0, 3]), 4302.0), (array([[10,  3],
       [ 8,  7],
       [14,  6],
       [11, 10]]), array([1, 3, 3, 1]), 4305.0), (array([[ 3,  6],
       [ 8,  5],
       [ 4,  1],
       [10,  0]]), array([2, 2, 2, 2]), 4306.0), (array([[ 8,  6],
       [10,  9],
       [ 4,  2],
       [13,  3]]), array([3, 1, 1, 0]), 4307.0), (array([[ 1.,  5.],
       [ 1.,  7.],
       [ 9., 10.],
       [13.,  0.]]), array([1, 2, 1, 2]), 4321.0), (array([[ 1.,  5.],
       [ 1.,  7.],
       [ 9., 10.],
       [13.,  0.]]), array([1, 2, 1, 2]), 4321.0), (array([[ 0,  6],
       [ 6,  5],
       [ 9,  7],
       [13, 10]]), array([1, 1, 2, 1]), 8216.0), (array([[ 2,  5],
       [ 1,  3],
       [11,  1],
       [14,  3]]), array([2, 1, 3, 3]), 10964.0)]
Generation 26 population configuration: 
[(array([[ 7, 10],
       [ 4,  6],
       [ 4,  4],
       [10,  4]]), array([1, 3, 0, 1]), 4291.0), (array([[ 7., 10.],
       [ 4.,  6.],
       [ 4.,  4.],
       [10.,  4.]]), array([1, 3, 0, 1]), 4291.0), (array([[ 7., 10.],
       [ 4.,  6.],
       [ 4.,  4.],
       [10.,  4.]]), array([1, 3, 0, 1]), 4291.0), (array([[ 7., 10.],
       [ 4.,  6.],
       [ 4.,  4.],
       [10.,  4.]]), array([1, 3, 0, 1]), 4291.0), (array([[ 7., 10.],
       [ 4.,  6.],
       [ 4.,  4.],
       [10.,  4.]]), array([1, 3, 0, 1]), 4291.0), (array([[ 7., 10.],
       [ 4.,  6.],
       [ 4.,  4.],
       [10.,  4.]]), array([1, 3, 0, 1]), 4291.0), (array([[ 7., 10.],
       [ 4.,  6.],
       [ 4.,  4.],
       [10.,  4.]]), array([1, 3, 0, 1]), 4291.0), (array([[ 7., 10.],
       [ 4.,  6.],
       [ 4.,  4.],
       [10.,  4.]]), array([1, 3, 0, 1]), 4291.0), (array([[ 7., 10.],
       [ 4.,  6.],
       [ 4.,  4.],
       [10.,  4.]]), array([1, 3, 0, 1]), 4291.0), (array([[ 7., 10.],
       [ 4.,  6.],
       [ 4.,  4.],
       [10.,  4.]]), array([1, 3, 0, 1]), 4291.0), (array([[ 7., 10.],
       [ 4.,  6.],
       [ 4.,  4.],
       [10.,  4.]]), array([1, 3, 0, 1]), 4291.0), (array([[ 5,  8],
       [ 3,  7],
       [ 6,  3],
       [10,  3]]), array([1, 0, 1, 1]), 4295.0), (array([[14,  7],
       [12,  1],
       [ 4,  6],
       [ 5,  1]]), array([3, 2, 1, 2]), 4296.0), (array([[12,  8],
       [11,  2],
       [ 5,  8],
       [ 2,  4]]), array([3, 2, 3, 1]), 4301.0), (array([[10.,  3.],
       [ 8.,  7.],
       [14.,  6.],
       [11., 10.]]), array([1, 3, 3, 1]), 4305.0), (array([[ 1.,  5.],
       [ 1.,  7.],
       [ 9., 10.],
       [13.,  0.]]), array([1, 2, 1, 2]), 4321.0), (array([[ 1,  8],
       [ 2,  3],
       [ 8,  5],
       [13, 10]]), array([1, 1, 1, 3]), 4573.0), (array([[ 1,  3],
       [ 7,  0],
       [12,  6],
       [14,  3]]), array([2, 2, 2, 0]), 7424.0), (array([[ 7,  2],
       [ 1,  3],
       [13,  0],
       [ 1,  6]]), array([2, 1, 2, 1]), 7593.0), (array([[ 2.,  5.],
       [ 1.,  7.],
       [ 9., 10.],
       [13.,  4.]]), array([1, 2, 1, 1]), 8596.0)]
Generation 27 population configuration: 
[(array([[ 7, 10],
       [ 4,  6],
       [ 4,  4],
       [10,  4]]), array([1, 3, 0, 1]), 4291.0), (array([[ 7., 10.],
       [ 4.,  6.],
       [ 4.,  4.],
       [10.,  4.]]), array([1, 3, 0, 1]), 4291.0), (array([[ 7., 10.],
       [ 4.,  6.],
       [ 4.,  4.],
       [10.,  4.]]), array([1, 3, 0, 1]), 4291.0), (array([[ 7., 10.],
       [ 4.,  6.],
       [ 4.,  4.],
       [10.,  4.]]), array([1, 3, 0, 1]), 4291.0), (array([[ 7., 10.],
       [ 4.,  6.],
       [ 4.,  4.],
       [10.,  4.]]), array([1, 3, 0, 1]), 4291.0), (array([[ 7., 10.],
       [ 4.,  6.],
       [ 4.,  4.],
       [10.,  4.]]), array([1, 3, 0, 1]), 4291.0), (array([[ 7., 10.],
       [ 4.,  6.],
       [ 4.,  4.],
       [10.,  4.]]), array([1, 3, 0, 1]), 4291.0), (array([[ 7., 10.],
       [ 4.,  6.],
       [ 4.,  4.],
       [10.,  4.]]), array([1, 3, 0, 1]), 4291.0), (array([[ 7., 10.],
       [ 4.,  6.],
       [ 4.,  4.],
       [10.,  4.]]), array([1, 3, 0, 1]), 4291.0), (array([[ 7., 10.],
       [ 4.,  6.],
       [ 4.,  4.],
       [10.,  4.]]), array([1, 3, 0, 1]), 4291.0), (array([[ 7., 10.],
       [ 4.,  6.],
       [ 4.,  4.],
       [10.,  4.]]), array([1, 3, 0, 1]), 4291.0), (array([[ 7., 10.],
       [ 4.,  6.],
       [ 4.,  4.],
       [10.,  3.]]), array([1, 3, 0, 1]), 4291.0), (array([[ 7., 10.],
       [ 4.,  6.],
       [ 4.,  4.],
       [10.,  4.]]), array([1, 3, 0, 1]), 4291.0), (array([[ 5.,  8.],
       [ 3.,  7.],
       [ 6.,  3.],
       [10.,  3.]]), array([1, 0, 1, 1]), 4295.0), (array([[13,  5],
       [12,  8],
       [ 8,  3],
       [ 6,  9]]), array([0, 3, 0, 3]), 4300.0), (array([[ 5,  1],
       [11,  5],
       [ 8, 10],
       [15,  9]]), array([3, 1, 1, 3]), 4302.0), (array([[ 8, 10],
       [ 4,  7],
       [ 2,  6],
       [ 6,  1]]), array([1, 2, 0, 2]), 4307.0), (array([[13,  7],
       [ 8,  4],
       [ 4,  8],
       [ 3,  2]]), array([3, 0, 2, 2]), 4308.0), (array([[ 9,  9],
       [10,  3],
       [ 1,  5],
       [ 3,  2]]), array([1, 1, 2, 1]), 8599.0), (array([[ 4,  9],
       [ 5,  1],
       [11,  4],
       [14,  6]]), array([1, 3, 0, 2]), 12721.0)]
Generation 28 population configuration: 
[(array([[ 7, 10],
       [ 4,  6],
       [ 4,  4],
       [10,  4]]), array([1, 3, 0, 1]), 4291.0), (array([[ 7., 10.],
       [ 4.,  6.],
       [ 4.,  4.],
       [10.,  4.]]), array([1, 3, 0, 1]), 4291.0), (array([[ 7., 10.],
       [ 4.,  6.],
       [ 4.,  4.],
       [10.,  4.]]), array([1, 3, 0, 1]), 4291.0), (array([[ 7., 10.],
       [ 4.,  6.],
       [ 4.,  4.],
       [10.,  4.]]), array([1, 3, 0, 1]), 4291.0), (array([[ 7., 10.],
       [ 4.,  6.],
       [ 4.,  4.],
       [10.,  4.]]), array([1, 3, 0, 1]), 4291.0), (array([[ 7., 10.],
       [ 4.,  6.],
       [ 4.,  4.],
       [10.,  4.]]), array([1, 3, 0, 1]), 4291.0), (array([[ 7., 10.],
       [ 4.,  6.],
       [ 4.,  4.],
       [10.,  4.]]), array([1, 3, 0, 1]), 4291.0), (array([[ 7., 10.],
       [ 4.,  6.],
       [ 4.,  4.],
       [10.,  4.]]), array([1, 3, 0, 1]), 4291.0), (array([[ 7., 10.],
       [ 4.,  6.],
       [ 4.,  4.],
       [10.,  4.]]), array([1, 3, 0, 1]), 4291.0), (array([[ 7., 10.],
       [ 4.,  6.],
       [ 4.,  4.],
       [10.,  3.]]), array([1, 3, 0, 1]), 4291.0), (array([[ 7., 10.],
       [ 4.,  6.],
       [ 4.,  4.],
       [10.,  3.]]), array([1, 3, 0, 1]), 4291.0), (array([[ 5.,  1.],
       [11.,  5.],
       [ 8., 10.],
       [15.,  9.]]), array([3, 1, 1, 3]), 4302.0), (array([[ 3,  7],
       [ 8,  8],
       [12,  6],
       [13, 10]]), array([0, 0, 1, 3]), 4303.0), (array([[ 7,  4],
       [ 4,  6],
       [ 2,  7],
       [12,  9]]), array([2, 0, 2, 1]), 4305.0), (array([[ 8., 10.],
       [ 4.,  7.],
       [ 2.,  6.],
       [ 6.,  1.]]), array([1, 2, 0, 2]), 4307.0), (array([[ 8., 10.],
       [ 4.,  7.],
       [ 2.,  6.],
       [ 6.,  1.]]), array([1, 2, 0, 2]), 4307.0), (array([[ 7,  5],
       [ 9,  4],
       [10,  6],
       [13, 10]]), array([3, 1, 2, 1]), 4307.0), (array([[ 4,  0],
       [ 6,  7],
       [12,  3],
       [11, 10]]), array([2, 3, 3, 1]), 4308.0), (array([[ 2,  5],
       [ 7,  8],
       [11, 10],
       [13,  3]]), array([1, 3, 1, 1]), 5391.0), (array([[ 5,  5],
       [ 4, 10],
       [ 0,  4],
       [12,  6]]), array([1, 1, 1, 1]), 8591.0)]
Generation 29 population configuration: 
[(array([[ 7, 10],
       [ 4,  6],
       [ 4,  4],
       [10,  4]]), array([1, 3, 0, 1]), 4291.0), (array([[ 7., 10.],
       [ 4.,  6.],
       [ 4.,  4.],
       [10.,  4.]]), array([1, 3, 0, 1]), 4291.0), (array([[ 7., 10.],
       [ 4.,  6.],
       [ 4.,  4.],
       [10.,  4.]]), array([1, 3, 0, 1]), 4291.0), (array([[ 7., 10.],
       [ 4.,  6.],
       [ 4.,  4.],
       [10.,  4.]]), array([1, 3, 0, 1]), 4291.0), (array([[ 7., 10.],
       [ 4.,  6.],
       [ 4.,  4.],
       [10.,  4.]]), array([1, 3, 0, 1]), 4291.0), (array([[ 7., 10.],
       [ 4.,  6.],
       [ 4.,  4.],
       [10.,  4.]]), array([1, 3, 0, 1]), 4291.0), (array([[ 7., 10.],
       [ 4.,  6.],
       [ 4.,  4.],
       [10.,  4.]]), array([1, 3, 0, 1]), 4291.0), (array([[ 7., 10.],
       [ 4.,  6.],
       [ 4.,  4.],
       [10.,  4.]]), array([1, 3, 0, 1]), 4291.0), (array([[ 7., 10.],
       [ 4.,  6.],
       [ 4.,  4.],
       [10.,  3.]]), array([1, 3, 0, 1]), 4291.0), (array([[ 7., 10.],
       [ 4.,  6.],
       [ 4.,  4.],
       [10.,  4.]]), array([1, 3, 0, 1]), 4291.0), (array([[ 7., 10.],
       [ 4.,  6.],
       [ 4.,  4.],
       [10.,  4.]]), array([1, 3, 0, 1]), 4291.0), (array([[ 7., 10.],
       [ 4.,  6.],
       [ 4.,  4.],
       [10.,  3.]]), array([1, 3, 0, 1]), 4291.0), (array([[ 7., 10.],
       [ 4.,  6.],
       [ 4.,  4.],
       [10.,  4.]]), array([1, 3, 0, 1]), 4291.0), (array([[ 1,  4],
       [ 6,  7],
       [ 7,  6],
       [11, 10]]), array([1, 3, 1, 0]), 4295.0), (array([[10,  2],
       [ 7,  3],
       [ 6,  8],
       [ 8, 10]]), array([2, 3, 3, 0]), 4298.0), (array([[ 7.,  4.],
       [ 4.,  6.],
       [ 2.,  7.],
       [12.,  9.]]), array([2, 0, 2, 1]), 4305.0), (array([[ 1,  6],
       [11,  8],
       [12,  2],
       [13,  9]]), array([1, 0, 1, 2]), 4309.0), (array([[ 1,  9],
       [ 8,  9],
       [ 6,  3],
       [12,  1]]), array([1, 1, 3, 2]), 7509.0), (array([[ 8,  8],
       [10,  9],
       [ 1,  9],
       [13,  3]]), array([0, 1, 1, 1]), 8229.0), (array([[ 1,  6],
       [ 8,  7],
       [11,  4],
       [13,  8]]), array([1, 2, 0, 2]), 11053.0)]
Generation 30 population configuration: 
[(array([[ 7, 10],
       [ 4,  6],
       [ 4,  4],
       [10,  4]]), array([1, 3, 0, 1]), 4291.0), (array([[ 7., 10.],
       [ 4.,  6.],
       [ 4.,  4.],
       [10.,  4.]]), array([1, 3, 0, 1]), 4291.0), (array([[ 7., 10.],
       [ 4.,  6.],
       [ 4.,  4.],
       [10.,  4.]]), array([1, 3, 0, 1]), 4291.0), (array([[ 7., 10.],
       [ 4.,  6.],
       [ 4.,  4.],
       [10.,  4.]]), array([1, 3, 0, 1]), 4291.0), (array([[ 7., 10.],
       [ 4.,  6.],
       [ 4.,  4.],
       [10.,  4.]]), array([1, 3, 0, 1]), 4291.0), (array([[ 7., 10.],
       [ 4.,  6.],
       [ 4.,  4.],
       [10.,  4.]]), array([1, 3, 0, 1]), 4291.0), (array([[ 7., 10.],
       [ 4.,  6.],
       [ 4.,  4.],
       [10.,  4.]]), array([1, 3, 0, 1]), 4291.0), (array([[ 7., 10.],
       [ 4.,  6.],
       [ 4.,  4.],
       [10.,  4.]]), array([1, 3, 0, 1]), 4291.0), (array([[ 7., 10.],
       [ 4.,  6.],
       [ 4.,  4.],
       [10.,  4.]]), array([1, 3, 0, 1]), 4291.0), (array([[ 7., 10.],
       [ 4.,  6.],
       [ 4.,  4.],
       [10.,  4.]]), array([1, 3, 0, 1]), 4291.0), (array([[ 7., 10.],
       [ 4.,  6.],
       [ 4.,  4.],
       [10.,  4.]]), array([1, 3, 0, 1]), 4291.0), (array([[ 7., 10.],
       [ 4.,  6.],
       [ 4.,  4.],
       [10.,  4.]]), array([1, 3, 0, 1]), 4291.0), (array([[ 1.,  4.],
       [ 6.,  7.],
       [ 7.,  6.],
       [11., 10.]]), array([1, 3, 1, 0]), 4295.0), (array([[ 7,  8],
       [ 4,  5],
       [ 6,  2],
       [14,  5]]), array([1, 0, 1, 2]), 4296.0), (array([[ 3,  6],
       [ 8, 11],
       [10,  5],
       [13,  9]]), array([0, 0, 1, 2]), 4297.0), (array([[10.,  2.],
       [ 7.,  3.],
       [ 6.,  8.],
       [ 8., 10.]]), array([2, 3, 3, 0]), 4298.0), (array([[ 7, 10],
       [ 5,  8],
       [10,  3],
       [ 0,  3]]), array([1, 3, 2, 1]), 4302.0), (array([[ 8,  3],
       [13,  5],
       [ 6,  8],
       [ 1,  9]]), array([3, 3, 2, 1]), 4303.0), (array([[ 0,  9],
       [ 5,  4],
       [ 8, 10],
       [12,  2]]), array([1, 1, 1, 2]), 7434.0), (array([[ 1,  3],
       [ 6,  5],
       [12,  8],
       [14,  2]]), array([2, 1, 3, 2]), 7769.0)]
Generation 31 population configuration: 
[(array([[ 7, 10],
       [ 4,  6],
       [ 4,  4],
       [10,  4]]), array([1, 3, 0, 1]), 4291.0), (array([[ 7., 10.],
       [ 4.,  6.],
       [ 4.,  4.],
       [10.,  4.]]), array([1, 3, 0, 1]), 4291.0), (array([[ 7., 10.],
       [ 4.,  6.],
       [ 4.,  4.],
       [10.,  4.]]), array([1, 3, 0, 1]), 4291.0), (array([[ 7., 10.],
       [ 4.,  6.],
       [ 4.,  4.],
       [10.,  4.]]), array([1, 3, 0, 1]), 4291.0), (array([[ 7., 10.],
       [ 4.,  6.],
       [ 4.,  4.],
       [10.,  4.]]), array([1, 3, 0, 1]), 4291.0), (array([[ 7., 10.],
       [ 4.,  6.],
       [ 4.,  4.],
       [10.,  4.]]), array([1, 3, 0, 1]), 4291.0), (array([[ 7., 10.],
       [ 4.,  6.],
       [ 4.,  4.],
       [10.,  4.]]), array([1, 3, 0, 1]), 4291.0), (array([[ 7., 10.],
       [ 4.,  6.],
       [ 4.,  4.],
       [10.,  4.]]), array([1, 3, 0, 1]), 4291.0), (array([[ 7., 10.],
       [ 4.,  6.],
       [ 4.,  4.],
       [10.,  4.]]), array([1, 3, 0, 1]), 4291.0), (array([[ 7., 10.],
       [ 4.,  7.],
       [ 4.,  4.],
       [10.,  4.]]), array([1, 3, 0, 1]), 4291.0), (array([[ 7., 10.],
       [ 4.,  6.],
       [ 4.,  4.],
       [10.,  4.]]), array([1, 3, 0, 1]), 4291.0), (array([[ 7., 10.],
       [ 4.,  6.],
       [ 4.,  4.],
       [10.,  4.]]), array([1, 3, 0, 1]), 4291.0), (array([[ 7., 10.],
       [ 4.,  6.],
       [ 4.,  4.],
       [10.,  4.]]), array([1, 3, 0, 1]), 4291.0), (array([[ 7., 10.],
       [ 4.,  6.],
       [ 4.,  4.],
       [10.,  4.]]), array([1, 3, 0, 1]), 4291.0), (array([[13,  1],
       [10,  6],
       [ 3,  2],
       [ 5, 10]]), array([3, 2, 1, 1]), 4293.0), (array([[14,  8],
       [ 6,  7],
       [ 6,  6],
       [ 2,  5]]), array([0, 2, 0, 3]), 4303.0), (array([[10,  7],
       [12,  5],
       [ 8,  1],
       [ 2,  3]]), array([3, 2, 2, 1]), 4305.0), (array([[12,  8],
       [10,  2],
       [ 2,  8],
       [ 2,  1]]), array([3, 2, 1, 1]), 4308.0), (array([[13,  2],
       [ 9,  7],
       [14, 11],
       [ 2,  8]]), array([3, 3, 0, 0]), 4318.0), (array([[ 1, 10],
       [ 3,  6],
       [10,  6],
       [ 8,  1]]), array([1, 0, 1, 2]), 4581.0)]
Converged in 32 generations!