Original population print time: 
[4297.0, 4300.0, 4301.0, 4301.0, 4301.0, 4302.0, 4303.0, 4303.0, 4304.0, 4304.0, 4305.0, 4310.0, 4310.0, 4313.0, 7881.0, 8599.0, 8607.0, 11054.0, 12721.0, 12727.0]
Generation 1 population print time: 
[4297.0, 4300.0, 4300.0, 4301.0, 4301.0, 4301.0, 4301.0, 4302.0, 4302.0, 4302.0, 4302.0, 4304.0, 4305.0, 4310.0, 4313.0, 7429.0, 8212.0, 8213.0, 8592.0, 13960.0]
Generation 2 population print time: 
[4295.0, 4297.0, 4297.0, 4297.0, 4300.0, 4300.0, 4301.0, 4301.0, 4301.0, 4301.0, 4302.0, 4302.0, 4302.0, 4304.0, 4305.0, 4305.0, 4307.0, 4313.0, 4584.0, 11047.0]
Generation 3 population print time: 
[4295.0, 4296.0, 4297.0, 4297.0, 4297.0, 4297.0, 4297.0, 4298.0, 4300.0, 4300.0, 4300.0, 4301.0, 4301.0, 4301.0, 4303.0, 4304.0, 4311.0, 4312.0, 5518.0, 10983.0]
Generation 4 population print time: 
[4295.0, 4295.0, 4295.0, 4296.0, 4296.0, 4297.0, 4297.0, 4297.0, 4297.0, 4297.0, 4298.0, 4300.0, 4300.0, 4300.0, 4301.0, 4302.0, 4305.0, 8207.0, 8208.0, 8830.0]
Generation 5 population print time: 
[4295.0, 4295.0, 4295.0, 4296.0, 4296.0, 4297.0, 4297.0, 4297.0, 4298.0, 4299.0, 4300.0, 4301.0, 4302.0, 4302.0, 4303.0, 4312.0, 4313.0, 4314.0, 4320.0, 8823.0]
Generation 6 population print time: 
[4295.0, 4295.0, 4295.0, 4295.0, 4296.0, 4296.0, 4297.0, 4297.0, 4297.0, 4297.0, 4300.0, 4302.0, 4302.0, 4304.0, 4305.0, 4306.0, 4312.0, 4314.0, 10841.0, 11618.0]
Generation 7 population print time: 
[4295.0, 4295.0, 4295.0, 4295.0, 4295.0, 4295.0, 4295.0, 4296.0, 4296.0, 4296.0, 4297.0, 4297.0, 4305.0, 4306.0, 4314.0, 4318.0, 7631.0, 8220.0, 8605.0, 8616.0]
Generation 8 population print time: 
[4295.0, 4295.0, 4295.0, 4295.0, 4295.0, 4295.0, 4295.0, 4295.0, 4295.0, 4296.0, 4296.0, 4296.0, 4297.0, 4297.0, 4301.0, 4303.0, 4309.0, 4314.0, 4319.0, 11339.0]
Generation 9 population print time: 
[4291.0, 4295.0, 4295.0, 4295.0, 4295.0, 4295.0, 4295.0, 4295.0, 4295.0, 4295.0, 4295.0, 4295.0, 4295.0, 4296.0, 4296.0, 4298.0, 4301.0, 4302.0, 4307.0, 10980.0]
Generation 10 population print time: 
[4291.0, 4294.0, 4295.0, 4295.0, 4295.0, 4295.0, 4295.0, 4295.0, 4295.0, 4295.0, 4295.0, 4296.0, 4296.0, 4296.0, 4301.0, 4302.0, 4305.0, 4307.0, 4307.0, 4307.0]
Generation 11 population print time: 
[4291.0, 4291.0, 4294.0, 4294.0, 4295.0, 4295.0, 4295.0, 4295.0, 4295.0, 4295.0, 4295.0, 4296.0, 4296.0, 4301.0, 4305.0, 4317.0, 4319.0, 8196.0, 8595.0, 11059.0]
Generation 12 population print time: 
[4291.0, 4291.0, 4291.0, 4291.0, 4294.0, 4294.0, 4295.0, 4295.0, 4295.0, 4295.0, 4295.0, 4295.0, 4295.0, 4296.0, 4297.0, 4299.0, 4300.0, 4305.0, 11613.0, 13961.0]
Generation 13 population print time: 
[4291.0, 4291.0, 4291.0, 4291.0, 4291.0, 4291.0, 4294.0, 4294.0, 4294.0, 4294.0, 4294.0, 4295.0, 4295.0, 4298.0, 4299.0, 4300.0, 4301.0, 4304.0, 4319.0, 8215.0]
Generation 14 population print time: 
[4291.0, 4291.0, 4291.0, 4291.0, 4291.0, 4291.0, 4291.0, 4291.0, 4291.0, 4291.0, 4291.0, 4295.0, 4295.0, 4299.0, 4300.0, 4303.0, 4307.0, 4308.0, 4310.0, 13960.0]
Generation 15 population print time: 
[4291.0, 4291.0, 4291.0, 4291.0, 4291.0, 4291.0, 4291.0, 4291.0, 4291.0, 4291.0, 4291.0, 4295.0, 4297.0, 4297.0, 4299.0, 4302.0, 4304.0, 4307.0, 4310.0, 4310.0]
Generation 16 population print time: 
[4291.0, 4291.0, 4291.0, 4291.0, 4291.0, 4291.0, 4291.0, 4291.0, 4291.0, 4291.0, 4291.0, 4292.0, 4294.0, 4295.0, 4297.0, 4304.0, 4307.0, 4312.0, 8233.0, 8606.0]
Generation 17 population print time: 
[4291.0, 4291.0, 4291.0, 4291.0, 4291.0, 4291.0, 4291.0, 4291.0, 4291.0, 4291.0, 4291.0, 4291.0, 4295.0, 4297.0, 4297.0, 4297.0, 4306.0, 7371.0, 8201.0, 8217.0]
Generation 18 population print time: 
[4291.0, 4291.0, 4291.0, 4291.0, 4291.0, 4291.0, 4291.0, 4291.0, 4291.0, 4291.0, 4291.0, 4291.0, 4291.0, 4295.0, 4295.0, 4301.0, 4301.0, 7783.0, 8601.0, 8821.0]
Generation 19 population print time: 
[4291.0, 4291.0, 4291.0, 4291.0, 4291.0, 4291.0, 4291.0, 4291.0, 4291.0, 4291.0, 4291.0, 4295.0, 4298.0, 4300.0, 4301.0, 4302.0, 4308.0, 4310.0, 9097.0, 10795.0]
Generation 20 population print time: 
[4291.0, 4291.0, 4291.0, 4291.0, 4291.0, 4291.0, 4291.0, 4291.0, 4291.0, 4291.0, 4301.0, 4302.0, 4304.0, 4307.0, 4308.0, 4308.0, 4310.0, 8618.0, 11046.0, 11047.0]
Generation 21 population print time: 
[4291.0, 4291.0, 4291.0, 4291.0, 4291.0, 4291.0, 4291.0, 4291.0, 4291.0, 4291.0, 4291.0, 4291.0, 4298.0, 4301.0, 4304.0, 4307.0, 4308.0, 4318.0, 8213.0, 8601.0]
Generation 22 population print time: 
[4291.0, 4291.0, 4291.0, 4291.0, 4291.0, 4291.0, 4291.0, 4291.0, 4291.0, 4291.0, 4291.0, 4291.0, 4296.0, 4297.0, 4300.0, 4305.0, 4307.0, 4308.0, 5384.0, 8216.0]
Generation 23 population print time: 
[4291.0, 4291.0, 4291.0, 4291.0, 4291.0, 4291.0, 4291.0, 4291.0, 4291.0, 4291.0, 4291.0, 4291.0, 4300.0, 4305.0, 4305.0, 4307.0, 4309.0, 7774.0, 8820.0, 11042.0]
Generation 24 population print time: 
[4291.0, 4291.0, 4291.0, 4291.0, 4291.0, 4291.0, 4291.0, 4291.0, 4291.0, 4293.0, 4300.0, 4300.0, 4300.0, 4305.0, 4305.0, 4307.0, 4308.0, 4309.0, 4313.0, 4321.0]
Generation 25 population print time: 
[4291.0, 4291.0, 4291.0, 4291.0, 4291.0, 4291.0, 4291.0, 4291.0, 4291.0, 4291.0, 4291.0, 4291.0, 4302.0, 4305.0, 4306.0, 4307.0, 4321.0, 4321.0, 8216.0, 10964.0]
Generation 26 population print time: 
[4291.0, 4291.0, 4291.0, 4291.0, 4291.0, 4291.0, 4291.0, 4291.0, 4291.0, 4291.0, 4291.0, 4295.0, 4296.0, 4301.0, 4305.0, 4321.0, 4573.0, 7424.0, 7593.0, 8596.0]
Generation 27 population print time: 
[4291.0, 4291.0, 4291.0, 4291.0, 4291.0, 4291.0, 4291.0, 4291.0, 4291.0, 4291.0, 4291.0, 4291.0, 4291.0, 4295.0, 4300.0, 4302.0, 4307.0, 4308.0, 8599.0, 12721.0]
Generation 28 population print time: 
[4291.0, 4291.0, 4291.0, 4291.0, 4291.0, 4291.0, 4291.0, 4291.0, 4291.0, 4291.0, 4291.0, 4302.0, 4303.0, 4305.0, 4307.0, 4307.0, 4307.0, 4308.0, 5391.0, 8591.0]
Generation 29 population print time: 
[4291.0, 4291.0, 4291.0, 4291.0, 4291.0, 4291.0, 4291.0, 4291.0, 4291.0, 4291.0, 4291.0, 4291.0, 4291.0, 4295.0, 4298.0, 4305.0, 4309.0, 7509.0, 8229.0, 11053.0]
Generation 30 population print time: 
[4291.0, 4291.0, 4291.0, 4291.0, 4291.0, 4291.0, 4291.0, 4291.0, 4291.0, 4291.0, 4291.0, 4291.0, 4295.0, 4296.0, 4297.0, 4298.0, 4302.0, 4303.0, 7434.0, 7769.0]
Generation 31 population print time: 
[4291.0, 4291.0, 4291.0, 4291.0, 4291.0, 4291.0, 4291.0, 4291.0, 4291.0, 4291.0, 4291.0, 4291.0, 4291.0, 4291.0, 4293.0, 4303.0, 4305.0, 4308.0, 4318.0, 4581.0]
