Original population configuration: 
[(array([[ 4,  4],
       [11,  4],
       [ 0, 10],
       [10,  0]]), array([1, 2, 1, 2]), 12256.0), (array([[ 9,  6],
       [12,  3],
       [ 2,  3],
       [ 2,  9]]), array([2, 1, 2, 1]), 12257.0), (array([[ 7,  2],
       [ 4, 10],
       [ 2,  6],
       [12,  1]]), array([2, 1, 1, 2]), 12257.0), (array([[ 9,  6],
       [ 4,  4],
       [ 3,  8],
       [11,  2]]), array([2, 0, 3, 1]), 12257.0), (array([[ 6,  3],
       [ 1,  1],
       [10,  3],
       [ 8,  7]]), array([1, 2, 1, 2]), 12257.0), (array([[ 4,  3],
       [13,  1],
       [ 8,  1],
       [ 8,  9]]), array([3, 2, 2, 3]), 12258.0), (array([[3, 6],
       [8, 1],
       [7, 9],
       [4, 3]]), array([2, 2, 1, 3]), 12258.0), (array([[ 4,  8],
       [10,  9],
       [ 2, 10],
       [ 1,  1]]), array([1, 0, 0, 2]), 12258.0), (array([[13,  5],
       [ 9,  3],
       [ 3,  3],
       [ 7,  8]]), array([2, 0, 3, 2]), 12259.0), (array([[ 5,  2],
       [ 9, 10],
       [ 9,  4],
       [ 1,  1]]), array([1, 0, 1, 2]), 12259.0), (array([[11,  7],
       [ 2,  4],
       [ 5,  7],
       [ 7,  8]]), array([1, 0, 3, 2]), 12259.0), (array([[14,  7],
       [ 1,  2],
       [ 6, 10],
       [ 7,  5]]), array([0, 2, 1, 1]), 12260.0), (array([[ 9,  8],
       [10,  4],
       [ 9,  3],
       [ 4, 10]]), array([2, 2, 0, 1]), 12260.0), (array([[ 2,  5],
       [13,  2],
       [10,  8],
       [ 7,  4]]), array([1, 3, 1, 2]), 12260.0), (array([[ 5,  5],
       [ 9, 10],
       [ 0,  8],
       [13,  3]]), array([2, 1, 1, 3]), 12261.0), (array([[14,  8],
       [ 9,  2],
       [ 3,  2],
       [ 9, 11]]), array([0, 2, 2, 0]), 12261.0), (array([[14,  6],
       [11,  8],
       [ 3,  6],
       [ 1,  4]]), array([0, 2, 2, 1]), 12261.0), (array([[ 4,  6],
       [13,  3],
       [13,  7],
       [ 3,  1]]), array([2, 2, 2, 2]), 12262.0), (array([[ 4,  2],
       [11, 10],
       [ 6,  6],
       [10,  1]]), array([3, 1, 1, 3]), 12262.0), (array([[12,  8],
       [ 6,  8],
       [13,  6],
       [ 8,  5]]), array([2, 2, 0, 0]), 12262.0)]
