Original population print time: 
[9107.0, 10790.0, 15127.0, 15128.0, 17761.0, 17766.0, 18502.0, 18648.0, 19343.0, 19630.0, 19635.0, 19689.0, 19893.0, 20794.0, 21329.0, 21346.0, 21794.0, 22294.0, 22404.0, 22883.0]
Generation 1 population print time: 
[9107.0, 9107.0, 9107.0, 9107.0, 9107.0, 9108.0, 9110.0, 10370.0, 10790.0, 10790.0, 10790.0, 10790.0, 10790.0, 17766.0, 18038.0, 18377.0, 18393.0, 22401.0, 22881.0, 22885.0]
Generation 2 population print time: 
[9107.0, 9107.0, 9107.0, 9107.0, 9107.0, 9107.0, 9107.0, 9108.0, 9109.0, 10789.0, 10790.0, 10790.0, 17761.0, 17768.0, 18444.0, 18498.0, 18501.0, 18504.0, 18506.0, 18509.0]
Generation 3 population print time: 
[9107.0, 9107.0, 9107.0, 9107.0, 9107.0, 9107.0, 9107.0, 9107.0, 9107.0, 9107.0, 9107.0, 9108.0, 9112.0, 18376.0, 18413.0, 18433.0, 19499.0, 21335.0, 22386.0, 22666.0]
Generation 4 population print time: 
[9104.0, 9106.0, 9107.0, 9107.0, 9107.0, 9107.0, 9107.0, 9107.0, 9107.0, 9107.0, 9107.0, 9107.0, 9107.0, 14077.0, 17764.0, 18418.0, 18500.0, 19637.0, 19748.0, 22882.0]
Generation 5 population print time: 
[9104.0, 9106.0, 9106.0, 9107.0, 9107.0, 9107.0, 9107.0, 9107.0, 9107.0, 9107.0, 9107.0, 9107.0, 17765.0, 18374.0, 18508.0, 18511.0, 18513.0, 19352.0, 19511.0, 22483.0]
Generation 6 population print time: 
[9104.0, 9104.0, 9106.0, 9106.0, 9107.0, 9107.0, 9107.0, 9107.0, 9107.0, 9107.0, 9108.0, 9108.0, 17760.0, 17762.0, 18382.0, 18503.0, 19559.0, 19890.0, 19894.0, 22884.0]
Generation 7 population print time: 
[9104.0, 9104.0, 9104.0, 9106.0, 9107.0, 9107.0, 9107.0, 9107.0, 9107.0, 9107.0, 9107.0, 10365.0, 15131.0, 17767.0, 18375.0, 18503.0, 18506.0, 18508.0, 18508.0, 19346.0]
Generation 8 population print time: 
[9101.0, 9104.0, 9104.0, 9104.0, 9104.0, 9104.0, 9104.0, 9106.0, 9106.0, 9106.0, 9106.0, 9106.0, 9107.0, 10437.0, 17762.0, 18515.0, 20789.0, 21362.0, 21510.0, 22470.0]
Generation 9 population print time: 
[9101.0, 9104.0, 9104.0, 9104.0, 9104.0, 9104.0, 9104.0, 9104.0, 9104.0, 9106.0, 9106.0, 18379.0, 18503.0, 18505.0, 18510.0, 18514.0, 19117.0, 19895.0, 21356.0, 22886.0]
Generation 10 population print time: 
[9101.0, 9101.0, 9102.0, 9104.0, 9104.0, 9104.0, 9104.0, 9104.0, 9104.0, 9104.0, 9104.0, 10175.0, 10369.0, 10782.0, 17760.0, 17762.0, 18502.0, 19745.0, 21516.0, 22483.0]
Generation 11 population print time: 
[9101.0, 9101.0, 9102.0, 9104.0, 9104.0, 9104.0, 9104.0, 9104.0, 9104.0, 9104.0, 9104.0, 9105.0, 10370.0, 15130.0, 17764.0, 18040.0, 18766.0, 18770.0, 19749.0, 22685.0]
Generation 12 population print time: 
[9101.0, 9101.0, 9101.0, 9101.0, 9102.0, 9104.0, 9104.0, 9104.0, 9104.0, 9104.0, 9104.0, 9104.0, 9113.0, 10368.0, 14063.0, 15123.0, 15391.0, 18375.0, 18512.0, 22888.0]
Generation 13 population print time: 
[9101.0, 9101.0, 9101.0, 9101.0, 9102.0, 9104.0, 9104.0, 9104.0, 9104.0, 9104.0, 9104.0, 9104.0, 18417.0, 18503.0, 18509.0, 18765.0, 19358.0, 21284.0, 21623.0, 22887.0]
Generation 14 population print time: 
[9101.0, 9101.0, 9101.0, 9101.0, 9101.0, 9102.0, 9102.0, 9102.0, 9102.0, 9104.0, 9106.0, 10372.0, 18033.0, 18373.0, 18432.0, 18501.0, 18506.0, 22384.0, 22883.0, 22886.0]
Generation 15 population print time: 
[9101.0, 9101.0, 9101.0, 9101.0, 9101.0, 9101.0, 9101.0, 9101.0, 9101.0, 9101.0, 9102.0, 10370.0, 17759.0, 17763.0, 18378.0, 18418.0, 21294.0, 21345.0, 22454.0, 22888.0]
Generation 16 population print time: 
[9101.0, 9101.0, 9101.0, 9101.0, 9101.0, 9101.0, 9101.0, 9101.0, 9101.0, 9101.0, 10233.0, 17764.0, 17767.0, 18378.0, 18501.0, 18509.0, 18757.0, 18760.0, 22375.0, 22385.0]
Generation 17 population print time: 
[9101.0, 9101.0, 9101.0, 9101.0, 9101.0, 9101.0, 9101.0, 9101.0, 9101.0, 17766.0, 18039.0, 18377.0, 18378.0, 18386.0, 18422.0, 18501.0, 18505.0, 18508.0, 18771.0, 22882.0]
Generation 18 population print time: 
[9101.0, 9101.0, 9101.0, 9101.0, 9101.0, 9101.0, 9101.0, 9101.0, 9101.0, 9101.0, 9101.0, 9101.0, 17769.0, 18377.0, 18417.0, 18431.0, 18510.0, 18774.0, 19891.0, 22888.0]
