Original population configuration: 
[(array([[ 4,  5],
       [ 6,  8],
       [10,  5],
       [10,  1]]), array([3, 1, 2, 2]), 13922.0), (array([[10,  2],
       [10,  3],
       [ 8,  8],
       [ 4,  6]]), array([0, 2, 2, 1]), 14742.0), (array([[11,  4],
       [12,  6],
       [ 7,  3],
       [ 0,  8]]), array([1, 2, 2, 1]), 14750.0), (array([[14,  8],
       [ 7,  8],
       [ 3,  7],
       [ 2,  8]]), array([3, 1, 1, 3]), 14894.0), (array([[10,  9],
       [ 7,  8],
       [ 9,  4],
       [ 0,  8]]), array([2, 0, 1, 1]), 14898.0), (array([[ 4,  3],
       [11,  2],
       [ 6, 10],
       [12,  5]]), array([2, 0, 0, 2]), 14902.0), (array([[ 6,  3],
       [10,  5],
       [ 6,  8],
       [ 0,  3]]), array([1, 2, 1, 1]), 15119.0), (array([[ 9, 10],
       [11,  9],
       [ 4,  6],
       [13,  2]]), array([0, 1, 1, 0]), 15122.0), (array([[14,  2],
       [11,  8],
       [ 7,  9],
       [ 3,  4]]), array([0, 1, 2, 2]), 15123.0), (array([[10,  9],
       [12,  7],
       [ 4,  4],
       [ 7,  1]]), array([2, 1, 3, 2]), 15134.0), (array([[ 9,  6],
       [10, 10],
       [ 5, 10],
       [ 2,  8]]), array([0, 1, 1, 3]), 15134.0), (array([[11, 10],
       [ 3, 10],
       [ 7,  2],
       [ 9,  0]]), array([1, 1, 3, 2]), 15135.0), (array([[ 1,  3],
       [ 1,  9],
       [ 7,  7],
       [14,  2]]), array([2, 2, 2, 3]), 15137.0), (array([[13,  3],
       [13,  7],
       [ 6,  1],
       [ 2,  6]]), array([1, 0, 2, 3]), 15448.0), (array([[ 5,  8],
       [11,  6],
       [14,  8],
       [13,  3]]), array([0, 3, 3, 1]), 15448.0), (array([[1, 1],
       [5, 7],
       [5, 9],
       [9, 8]]), array([2, 1, 2, 1]), 15450.0), (array([[ 1,  8],
       [ 3,  3],
       [ 7,  5],
       [11,  9]]), array([1, 1, 1, 1]), 15450.0), (array([[ 3,  3],
       [ 8,  2],
       [ 3, 10],
       [10,  6]]), array([3, 2, 0, 2]), 15590.0), (array([[14,  7],
       [10,  5],
       [ 7,  7],
       [ 2,  6]]), array([3, 0, 2, 1]), 15596.0), (array([[ 4, 10],
       [ 3,  8],
       [ 7,  5],
       [10,  8]]), array([1, 3, 0, 2]), 15601.0)]
