Original population configuration: 
[(array([[8, 1],
       [4, 4],
       [7, 9],
       [0, 9]]), array([2, 0, 1, 1]), 9359.0), (array([[ 6,  9],
       [ 1,  7],
       [10,  3],
       [ 7,  1]]), array([1, 2, 1, 2]), 9363.0), (array([[ 7, 11],
       [14,  8],
       [ 0,  7],
       [11,  3]]), array([0, 3, 1, 2]), 14065.0), (array([[ 4,  6],
       [ 7, 10],
       [ 0,  9],
       [13,  6]]), array([0, 1, 1, 1]), 14067.0), (array([[ 8,  8],
       [12,  6],
       [12,  2],
       [ 2,  0]]), array([0, 2, 2, 2]), 15128.0), (array([[14,  9],
       [ 7,  4],
       [ 4,  2],
       [ 2,  0]]), array([0, 2, 1, 2]), 15758.0), (array([[14,  5],
       [ 8,  6],
       [ 8,  3],
       [ 2,  4]]), array([0, 2, 3, 2]), 15766.0), (array([[ 1,  4],
       [ 7,  5],
       [ 7,  9],
       [10,  9]]), array([1, 1, 3, 2]), 17760.0), (array([[ 4,  6],
       [ 6,  3],
       [12,  5],
       [12,  1]]), array([2, 1, 2, 1]), 17766.0), (array([[11,  5],
       [14,  1],
       [ 2,  3],
       [ 1,  9]]), array([2, 3, 1, 1]), 18047.0), (array([[ 8,  3],
       [ 3,  7],
       [13,  7],
       [ 1,  1]]), array([1, 2, 3, 2]), 18807.0), (array([[ 7,  2],
       [ 6,  6],
       [12,  1],
       [12,  8]]), array([3, 2, 2, 2]), 18808.0), (array([[ 9, 10],
       [ 6,  3],
       [13,  3],
       [ 4,  2]]), array([0, 1, 0, 3]), 19559.0), (array([[ 2,  1],
       [ 6,  6],
       [12,  3],
       [ 8, 10]]), array([2, 1, 2, 0]), 19740.0), (array([[ 5,  3],
       [ 4,  7],
       [ 9,  8],
       [13,  8]]), array([1, 3, 2, 0]), 20097.0), (array([[14,  9],
       [ 5,  6],
       [ 6,  1],
       [ 2,  4]]), array([0, 2, 2, 2]), 20201.0), (array([[ 0,  8],
       [ 9, 11],
       [13,  6],
       [15,  1]]), array([1, 0, 2, 3]), 20371.0), (array([[ 7,  5],
       [10,  5],
       [10,  9],
       [ 4,  9]]), array([0, 1, 3, 2]), 20378.0), (array([[ 5,  2],
       [10,  7],
       [ 5, 10],
       [13,  6]]), array([3, 2, 1, 0]), 20995.0), (array([[ 5,  1],
       [ 7,  6],
       [ 5,  8],
       [12, 10]]), array([3, 2, 3, 0]), 22090.0)]
Generation 1 population configuration: 
[(array([[8, 1],
       [4, 4],
       [7, 9],
       [0, 9]]), array([2, 0, 1, 1]), 9359.0), (array([[8., 1.],
       [4., 4.],
       [7., 9.],
       [0., 9.]]), array([2, 0, 1, 1]), 9359.0), (array([[8., 1.],
       [4., 4.],
       [7., 9.],
       [0., 9.]]), array([2, 0, 1, 1]), 9359.0), (array([[ 4, 10],
       [ 3,  1],
       [14, 10],
       [12,  1]]), array([1, 2, 0, 1]), 9359.0), (array([[ 0, 10],
       [ 6,  2],
       [12,  5],
       [13,  8]]), array([1, 2, 1, 2]), 9361.0), (array([[ 6,  9],
       [ 1,  7],
       [10,  3],
       [ 7,  1]]), array([1, 2, 1, 2]), 9363.0), (array([[ 6.,  9.],
       [ 1.,  7.],
       [10.,  3.],
       [ 7.,  1.]]), array([1, 2, 1, 2]), 9363.0), (array([[ 6.,  9.],
       [ 1.,  7.],
       [10.,  3.],
       [ 7.,  1.]]), array([1, 2, 1, 2]), 9363.0), (array([[ 6.,  9.],
       [ 1.,  7.],
       [10.,  3.],
       [ 7.,  1.]]), array([1, 2, 1, 2]), 9363.0), (array([[ 6.,  9.],
       [ 1.,  7.],
       [11.,  3.],
       [ 7.,  1.]]), array([1, 2, 1, 2]), 9363.0), (array([[ 6.,  9.],
       [ 1.,  7.],
       [11.,  3.],
       [ 7.,  1.]]), array([1, 2, 1, 2]), 9363.0), (array([[ 7, 11],
       [14,  8],
       [ 0,  7],
       [11,  3]]), array([0, 3, 1, 2]), 14065.0), (array([[ 4,  6],
       [ 7, 10],
       [ 0,  9],
       [13,  6]]), array([0, 1, 1, 1]), 14067.0), (array([[ 8,  8],
       [12,  6],
       [12,  2],
       [ 2,  0]]), array([0, 2, 2, 2]), 15128.0), (array([[14,  9],
       [ 7,  4],
       [ 4,  2],
       [ 2,  0]]), array([0, 2, 1, 2]), 15758.0), (array([[8, 4],
       [9, 6],
       [3, 4],
       [3, 9]]), array([1, 2, 1, 3]), 17733.0), (array([[11.,  5.],
       [14.,  1.],
       [ 2.,  3.],
       [ 1.,  9.]]), array([2, 3, 1, 1]), 18047.0), (array([[ 0,  6],
       [ 8, 10],
       [ 9,  0],
       [13,  6]]), array([1, 1, 2, 1]), 18507.0), (array([[ 4,  4],
       [ 5, 10],
       [12,  7],
       [12,  1]]), array([1, 1, 1, 2]), 19550.0), (array([[ 3,  4],
       [ 4,  7],
       [11,  7],
       [14,  2]]), array([1, 2, 2, 0]), 19550.0)]
Generation 2 population configuration: 
[(array([[8, 1],
       [4, 4],
       [7, 9],
       [0, 9]]), array([2, 0, 1, 1]), 9359.0), (array([[8., 1.],
       [4., 4.],
       [7., 9.],
       [0., 9.]]), array([2, 0, 1, 1]), 9359.0), (array([[8., 1.],
       [4., 4.],
       [7., 9.],
       [0., 9.]]), array([2, 0, 1, 1]), 9359.0), (array([[ 4, 10],
       [ 3,  1],
       [14, 10],
       [12,  1]]), array([1, 2, 0, 1]), 9359.0), (array([[ 4., 10.],
       [ 3.,  1.],
       [14., 10.],
       [12.,  1.]]), array([1, 2, 0, 1]), 9359.0), (array([[8., 1.],
       [4., 4.],
       [7., 9.],
       [0., 9.]]), array([2, 0, 1, 1]), 9359.0), (array([[ 4., 10.],
       [ 3.,  1.],
       [14., 10.],
       [12.,  1.]]), array([1, 2, 0, 1]), 9359.0), (array([[ 0, 10],
       [ 6,  2],
       [12,  5],
       [13,  8]]), array([1, 2, 1, 2]), 9361.0), (array([[ 6,  9],
       [ 1,  7],
       [10,  3],
       [ 7,  1]]), array([1, 2, 1, 2]), 9363.0), (array([[ 6.,  9.],
       [ 1.,  7.],
       [10.,  3.],
       [ 7.,  1.]]), array([1, 2, 1, 2]), 9363.0), (array([[ 6.,  9.],
       [ 1.,  7.],
       [11.,  3.],
       [ 7.,  1.]]), array([1, 2, 1, 2]), 9363.0), (array([[ 6.,  9.],
       [ 1.,  7.],
       [11.,  3.],
       [ 7.,  1.]]), array([1, 2, 1, 2]), 9363.0), (array([[ 6.,  9.],
       [ 1.,  7.],
       [10.,  3.],
       [ 7.,  1.]]), array([1, 2, 1, 2]), 9363.0), (array([[ 6.,  9.],
       [ 1.,  7.],
       [11.,  3.],
       [ 7.,  1.]]), array([1, 2, 1, 2]), 9363.0), (array([[12, 10],
       [10,  3],
       [ 3,  9],
       [ 7,  0]]), array([0, 1, 0, 2]), 10437.0), (array([[11,  5],
       [ 5,  4],
       [ 6,  9],
       [ 1,  2]]), array([2, 1, 0, 0]), 10440.0), (array([[ 1,  1],
       [ 3,  7],
       [ 8,  3],
       [10, 10]]), array([2, 2, 3, 1]), 15117.0), (array([[ 8,  9],
       [ 0,  7],
       [ 8,  0],
       [14,  1]]), array([0, 1, 2, 2]), 18500.0), (array([[ 1,  1],
       [ 6,  7],
       [ 8,  5],
       [12,  2]]), array([2, 2, 0, 0]), 19749.0), (array([[10,  6],
       [ 8,  4],
       [ 5,  7],
       [ 5,  9]]), array([2, 1, 0, 2]), 20198.0)]
Generation 3 population configuration: 
[(array([[8, 1],
       [4, 4],
       [7, 9],
       [0, 9]]), array([2, 0, 1, 1]), 9359.0), (array([[8., 1.],
       [4., 4.],
       [7., 9.],
       [0., 9.]]), array([2, 0, 1, 1]), 9359.0), (array([[8., 1.],
       [4., 4.],
       [7., 9.],
       [0., 9.]]), array([2, 0, 1, 1]), 9359.0), (array([[ 4, 10],
       [ 3,  1],
       [14, 10],
       [12,  1]]), array([1, 2, 0, 1]), 9359.0), (array([[ 4., 10.],
       [ 3.,  1.],
       [14., 10.],
       [12.,  1.]]), array([1, 2, 0, 1]), 9359.0), (array([[8., 1.],
       [4., 4.],
       [7., 9.],
       [0., 9.]]), array([2, 0, 1, 1]), 9359.0), (array([[ 4., 10.],
       [ 3.,  1.],
       [14., 10.],
       [12.,  1.]]), array([1, 2, 0, 1]), 9359.0), (array([[8., 1.],
       [4., 4.],
       [7., 9.],
       [0., 9.]]), array([2, 0, 1, 1]), 9359.0), (array([[8., 1.],
       [4., 4.],
       [7., 9.],
       [0., 9.]]), array([2, 0, 1, 1]), 9359.0), (array([[ 4., 10.],
       [ 3.,  1.],
       [14., 10.],
       [12.,  1.]]), array([1, 2, 0, 1]), 9359.0), (array([[8., 1.],
       [4., 4.],
       [7., 9.],
       [0., 9.]]), array([2, 0, 1, 1]), 9359.0), (array([[8., 1.],
       [4., 4.],
       [7., 9.],
       [0., 9.]]), array([2, 0, 1, 1]), 9359.0), (array([[ 9,  2],
       [ 3,  3],
       [10,  8],
       [ 3, 11]]), array([2, 2, 2, 0]), 9360.0), (array([[ 1,  4],
       [ 1,  6],
       [10,  6],
       [14,  3]]), array([1, 2, 2, 3]), 9362.0), (array([[ 6.,  9.],
       [ 1.,  7.],
       [10.,  3.],
       [ 7.,  1.]]), array([1, 2, 1, 1]), 9363.0), (array([[ 6.,  9.],
       [ 1.,  7.],
       [10.,  3.],
       [ 7.,  1.]]), array([1, 2, 1, 2]), 9363.0), (array([[9, 8],
       [6, 7],
       [5, 9],
       [1, 4]]), array([1, 0, 3, 2]), 15941.0), (array([[ 1,  0],
       [11,  4],
       [ 8,  9],
       [13,  9]]), array([2, 1, 1, 2]), 17757.0), (array([[ 6, 10],
       [ 3,  3],
       [12,  5],
       [12,  1]]), array([1, 1, 1, 3]), 19557.0), (array([[ 1,  6],
       [ 4,  1],
       [ 6, 10],
       [ 9,  2]]), array([2, 3, 1, 1]), 20106.0)]
Generation 4 population configuration: 
[(array([[8, 1],
       [4, 4],
       [7, 9],
       [0, 9]]), array([2, 0, 1, 1]), 9359.0), (array([[8., 1.],
       [4., 4.],
       [7., 9.],
       [0., 9.]]), array([2, 0, 1, 1]), 9359.0), (array([[8., 1.],
       [4., 4.],
       [7., 9.],
       [0., 9.]]), array([2, 0, 1, 1]), 9359.0), (array([[ 4, 10],
       [ 3,  1],
       [14, 10],
       [12,  1]]), array([1, 2, 0, 1]), 9359.0), (array([[ 4., 10.],
       [ 3.,  1.],
       [14., 10.],
       [12.,  1.]]), array([1, 2, 0, 1]), 9359.0), (array([[8., 1.],
       [4., 4.],
       [7., 9.],
       [0., 9.]]), array([2, 0, 1, 1]), 9359.0), (array([[8., 1.],
       [4., 4.],
       [7., 9.],
       [0., 9.]]), array([2, 0, 1, 1]), 9359.0), (array([[8., 0.],
       [4., 4.],
       [7., 9.],
       [0., 9.]]), array([2, 0, 1, 1]), 9359.0), (array([[ 4., 10.],
       [ 3.,  1.],
       [14., 10.],
       [12.,  1.]]), array([1, 2, 0, 1]), 9359.0), (array([[8., 1.],
       [4., 4.],
       [7., 9.],
       [0., 9.]]), array([2, 0, 1, 1]), 9359.0), (array([[ 4., 10.],
       [ 3.,  1.],
       [14., 10.],
       [12.,  1.]]), array([1, 2, 0, 1]), 9359.0), (array([[8., 1.],
       [4., 4.],
       [7., 9.],
       [0., 9.]]), array([2, 0, 1, 1]), 9359.0), (array([[8., 1.],
       [4., 4.],
       [7., 9.],
       [0., 9.]]), array([2, 0, 1, 1]), 9359.0), (array([[ 6.,  9.],
       [ 1.,  7.],
       [10.,  3.],
       [ 7.,  1.]]), array([1, 2, 1, 1]), 9363.0), (array([[ 8,  2],
       [14,  2],
       [ 6, 10],
       [12, 10]]), array([3, 3, 1, 1]), 15137.0), (array([[ 8,  4],
       [ 8,  6],
       [12,  8],
       [ 2,  8]]), array([1, 2, 1, 2]), 18808.0), (array([[ 7,  4],
       [ 4,  5],
       [ 8, 10],
       [13,  1]]), array([1, 3, 0, 1]), 19143.0), (array([[ 7,  1],
       [12,  3],
       [ 3,  5],
       [14,  0]]), array([2, 2, 2, 2]), 19749.0), (array([[10,  6],
       [ 5,  4],
       [ 3,  9],
       [ 1,  4]]), array([1, 1, 3, 2]), 20379.0), (array([[ 5,  3],
       [ 7,  5],
       [10,  1],
       [ 2, 10]]), array([3, 2, 2, 1]), 20985.0)]
Generation 5 population configuration: 
[(array([[8, 1],
       [4, 4],
       [7, 9],
       [0, 9]]), array([2, 0, 1, 1]), 9359.0), (array([[8., 1.],
       [4., 4.],
       [7., 9.],
       [0., 9.]]), array([2, 0, 1, 1]), 9359.0), (array([[8., 1.],
       [4., 4.],
       [7., 9.],
       [0., 9.]]), array([2, 0, 1, 1]), 9359.0), (array([[ 4, 10],
       [ 3,  1],
       [14, 10],
       [12,  1]]), array([1, 2, 0, 1]), 9359.0), (array([[ 4., 10.],
       [ 3.,  1.],
       [14., 10.],
       [12.,  1.]]), array([1, 2, 0, 1]), 9359.0), (array([[8., 1.],
       [4., 4.],
       [7., 9.],
       [0., 9.]]), array([2, 0, 1, 1]), 9359.0), (array([[ 4., 10.],
       [ 3.,  1.],
       [14., 10.],
       [12.,  1.]]), array([1, 2, 0, 1]), 9359.0), (array([[8., 0.],
       [4., 4.],
       [7., 9.],
       [0., 9.]]), array([2, 0, 1, 1]), 9359.0), (array([[ 4., 10.],
       [ 3.,  1.],
       [14., 10.],
       [12.,  1.]]), array([1, 2, 0, 1]), 9359.0), (array([[8., 1.],
       [4., 4.],
       [7., 9.],
       [0., 9.]]), array([2, 0, 1, 1]), 9359.0), (array([[8., 1.],
       [4., 4.],
       [7., 9.],
       [0., 9.]]), array([2, 0, 1, 1]), 9359.0), (array([[ 4., 10.],
       [ 3.,  1.],
       [14., 10.],
       [12.,  1.]]), array([1, 2, 0, 1]), 9359.0), (array([[ 4., 10.],
       [ 3.,  1.],
       [14., 10.],
       [12.,  1.]]), array([1, 2, 0, 1]), 9359.0), (array([[8., 1.],
       [4., 4.],
       [7., 9.],
       [0., 9.]]), array([2, 0, 1, 1]), 9359.0), (array([[ 1,  5],
       [ 3,  7],
       [ 8,  8],
       [13,  6]]), array([1, 2, 2, 2]), 9363.0), (array([[14,  6],
       [ 7,  2],
       [ 7, 10],
       [ 1,  5]]), array([0, 2, 0, 1]), 15757.0), (array([[11,  2],
       [ 7,  2],
       [13, 11],
       [ 6, 10]]), array([2, 3, 0, 0]), 17555.0), (array([[ 1,  2],
       [ 6,  3],
       [ 2, 10],
       [ 8,  6]]), array([2, 1, 1, 3]), 18805.0), (array([[ 4,  5],
       [ 7,  7],
       [12,  1],
       [13,  7]]), array([0, 2, 2, 2]), 18806.0), (array([[ 4,  6],
       [ 3,  1],
       [ 9,  4],
       [13,  5]]), array([2, 2, 0, 1]), 19733.0)]
Converged in 6 generations!