Original population print time: 
[9359.0, 9363.0, 14065.0, 14067.0, 15128.0, 15758.0, 15766.0, 17760.0, 17766.0, 18047.0, 18807.0, 18808.0, 19559.0, 19740.0, 20097.0, 20201.0, 20371.0, 20378.0, 20995.0, 22090.0]
Generation 1 population print time: 
[9359.0, 9359.0, 9359.0, 9359.0, 9361.0, 9363.0, 9363.0, 9363.0, 9363.0, 9363.0, 9363.0, 14065.0, 14067.0, 15128.0, 15758.0, 17733.0, 18047.0, 18507.0, 19550.0, 19550.0]
Generation 2 population print time: 
[9359.0, 9359.0, 9359.0, 9359.0, 9359.0, 9359.0, 9359.0, 9361.0, 9363.0, 9363.0, 9363.0, 9363.0, 9363.0, 9363.0, 10437.0, 10440.0, 15117.0, 18500.0, 19749.0, 20198.0]
Generation 3 population print time: 
[9359.0, 9359.0, 9359.0, 9359.0, 9359.0, 9359.0, 9359.0, 9359.0, 9359.0, 9359.0, 9359.0, 9359.0, 9360.0, 9362.0, 9363.0, 9363.0, 15941.0, 17757.0, 19557.0, 20106.0]
Generation 4 population print time: 
[9359.0, 9359.0, 9359.0, 9359.0, 9359.0, 9359.0, 9359.0, 9359.0, 9359.0, 9359.0, 9359.0, 9359.0, 9359.0, 9363.0, 15137.0, 18808.0, 19143.0, 19749.0, 20379.0, 20985.0]
Generation 5 population print time: 
[9359.0, 9359.0, 9359.0, 9359.0, 9359.0, 9359.0, 9359.0, 9359.0, 9359.0, 9359.0, 9359.0, 9359.0, 9359.0, 9359.0, 9363.0, 15757.0, 17555.0, 18805.0, 18806.0, 19733.0]
