Original population configuration: 
[(array([[12,  1],
       [ 8,  4],
       [ 4,  5],
       [ 5,  9]]), array([2, 1, 3, 1]), 13919.0), (array([[ 2,  8],
       [ 5,  3],
       [ 9,  9],
       [15,  4]]), array([1, 1, 2, 3]), 14745.0), (array([[11,  8],
       [10,  3],
       [ 9,  3],
       [ 4,  8]]), array([2, 1, 3, 1]), 14746.0), (array([[ 7,  3],
       [11,  4],
       [11,  7],
       [ 1,  6]]), array([3, 1, 2, 2]), 14747.0), (array([[10,  3],
       [13,  5],
       [ 6,  3],
       [ 8, 10]]), array([1, 1, 2, 0]), 14903.0), (array([[ 8, 10],
       [ 4,  4],
       [ 9,  2],
       [12,  2]]), array([0, 0, 3, 2]), 15120.0), (array([[ 0,  4],
       [ 4,  3],
       [ 6, 10],
       [ 9,  3]]), array([1, 1, 1, 1]), 15125.0), (array([[ 3,  4],
       [ 4,  1],
       [ 2,  9],
       [11,  3]]), array([2, 2, 2, 0]), 15125.0), (array([[ 7,  2],
       [ 6,  5],
       [13,  2],
       [11,  7]]), array([0, 2, 0, 2]), 15126.0), (array([[ 9,  1],
       [12,  5],
       [ 9,  9],
       [ 0, 10]]), array([2, 2, 0, 1]), 15128.0), (array([[ 1,  4],
       [ 7,  3],
       [ 7,  7],
       [12,  5]]), array([1, 0, 3, 1]), 15129.0), (array([[14,  8],
       [14,  2],
       [ 4,  9],
       [ 2,  0]]), array([3, 3, 2, 2]), 15129.0), (array([[ 9,  2],
       [14,  5],
       [11,  9],
       [ 1,  6]]), array([0, 0, 1, 2]), 15132.0), (array([[0, 5],
       [4, 4],
       [4, 7],
       [9, 1]]), array([1, 2, 2, 2]), 15436.0), (array([[ 6,  7],
       [ 2,  7],
       [11,  3],
       [13,  4]]), array([1, 1, 3, 1]), 15443.0), (array([[ 8,  1],
       [ 7,  7],
       [12,  6],
       [ 3,  6]]), array([2, 1, 3, 2]), 15443.0), (array([[ 0,  3],
       [ 2,  8],
       [11,  6],
       [12,  4]]), array([1, 2, 2, 1]), 15451.0), (array([[ 4,  1],
       [ 4,  6],
       [ 6,  8],
       [11,  4]]), array([2, 3, 1, 0]), 15451.0), (array([[ 1, 10],
       [ 1,  3],
       [11,  5],
       [ 8,  1]]), array([1, 2, 2, 2]), 15590.0), (array([[12,  4],
       [ 9,  7],
       [13, 10],
       [ 2,  8]]), array([2, 2, 1, 2]), 15598.0)]
Generation 1 population configuration: 
[(array([[12,  1],
       [ 8,  4],
       [ 4,  5],
       [ 5,  9]]), array([2, 1, 3, 1]), 13919.0), (array([[12.,  1.],
       [ 8.,  4.],
       [ 4.,  5.],
       [ 5.,  9.]]), array([2, 1, 3, 1]), 13919.0), (array([[ 2,  8],
       [ 5,  3],
       [ 9,  9],
       [15,  4]]), array([1, 1, 2, 3]), 14745.0), (array([[11,  8],
       [10,  3],
       [ 9,  3],
       [ 4,  8]]), array([2, 1, 3, 1]), 14746.0), (array([[11.,  8.],
       [10.,  3.],
       [ 9.,  3.],
       [ 4.,  8.]]), array([2, 1, 3, 1]), 14746.0), (array([[ 7,  3],
       [11,  4],
       [11,  7],
       [ 1,  6]]), array([3, 1, 2, 2]), 14747.0), (array([[ 7.,  3.],
       [11.,  4.],
       [11.,  7.],
       [ 1.,  6.]]), array([3, 1, 2, 2]), 14747.0), (array([[10,  3],
       [13,  5],
       [ 6,  3],
       [ 8, 10]]), array([1, 1, 2, 0]), 14903.0), (array([[ 8, 10],
       [ 4,  4],
       [ 9,  2],
       [12,  2]]), array([0, 0, 3, 2]), 15120.0), (array([[10,  0],
       [ 8,  2],
       [12,  3],
       [ 1,  7]]), array([2, 3, 2, 1]), 15122.0), (array([[10,  1],
       [13,  7],
       [ 5,  9],
       [ 1, 10]]), array([2, 3, 1, 1]), 15124.0), (array([[12,  9],
       [ 9,  6],
       [ 7,  4],
       [14,  2]]), array([2, 1, 0, 0]), 15124.0), (array([[ 0.,  4.],
       [ 4.,  3.],
       [ 6., 10.],
       [ 9.,  3.]]), array([1, 1, 1, 1]), 15125.0), (array([[1, 9],
       [1, 5],
       [7, 3],
       [9, 5]]), array([2, 2, 0, 1]), 15125.0), (array([[ 7.,  2.],
       [ 6.,  5.],
       [13.,  2.],
       [11.,  7.]]), array([0, 2, 0, 2]), 15126.0), (array([[ 7.,  2.],
       [ 6.,  5.],
       [13.,  2.],
       [11.,  7.]]), array([0, 2, 0, 2]), 15126.0), (array([[ 9.,  1.],
       [12.,  5.],
       [ 9.,  9.],
       [ 0., 10.]]), array([2, 2, 0, 1]), 15128.0), (array([[ 1.,  4.],
       [ 7.,  3.],
       [ 7.,  7.],
       [12.,  5.]]), array([1, 0, 3, 1]), 15129.0), (array([[ 3,  4],
       [ 5,  9],
       [ 9,  2],
       [11,  7]]), array([1, 2, 3, 1]), 15132.0), (array([[ 9,  3],
       [ 6,  5],
       [ 4,  2],
       [ 7, 10]]), array([1, 1, 3, 1]), 15820.0)]
Generation 2 population configuration: 
[(array([[12,  1],
       [ 8,  4],
       [ 4,  5],
       [ 5,  9]]), array([2, 1, 3, 1]), 13919.0), (array([[12.,  1.],
       [ 8.,  4.],
       [ 4.,  5.],
       [ 5.,  9.]]), array([2, 1, 3, 1]), 13919.0), (array([[12.,  1.],
       [ 8.,  4.],
       [ 4.,  5.],
       [ 5.,  9.]]), array([2, 1, 3, 1]), 13919.0), (array([[12.,  1.],
       [ 8.,  4.],
       [ 4.,  5.],
       [ 5.,  9.]]), array([2, 1, 3, 1]), 13919.0), (array([[ 2,  8],
       [ 5,  3],
       [ 9,  9],
       [15,  4]]), array([1, 1, 2, 3]), 14745.0), (array([[11,  8],
       [10,  3],
       [ 9,  3],
       [ 4,  8]]), array([2, 1, 3, 1]), 14746.0), (array([[11.,  8.],
       [10.,  3.],
       [ 9.,  3.],
       [ 4.,  8.]]), array([2, 1, 3, 1]), 14746.0), (array([[ 7,  3],
       [11,  4],
       [11,  7],
       [ 1,  6]]), array([3, 1, 2, 2]), 14747.0), (array([[ 7.,  3.],
       [11.,  4.],
       [11.,  7.],
       [ 1.,  6.]]), array([3, 1, 2, 2]), 14747.0), (array([[ 7.,  3.],
       [11.,  4.],
       [11.,  7.],
       [ 1.,  6.]]), array([3, 1, 2, 2]), 14747.0), (array([[12,  5],
       [10,  0],
       [ 4,  2],
       [ 2,  8]]), array([2, 2, 0, 1]), 14747.0), (array([[ 5,  5],
       [ 0,  7],
       [12,  3],
       [12,  8]]), array([2, 1, 1, 2]), 14748.0), (array([[1., 9.],
       [1., 5.],
       [7., 3.],
       [9., 5.]]), array([2, 2, 0, 1]), 15125.0), (array([[1., 9.],
       [1., 5.],
       [7., 3.],
       [9., 5.]]), array([2, 2, 0, 1]), 15125.0), (array([[ 7.,  2.],
       [ 6.,  5.],
       [13.,  2.],
       [11.,  7.]]), array([0, 2, 0, 2]), 15126.0), (array([[ 7.,  2.],
       [ 6.,  5.],
       [13.,  2.],
       [11.,  7.]]), array([0, 2, 0, 2]), 15126.0), (array([[10,  3],
       [ 4,  4],
       [14,  9],
       [ 4,  9]]), array([1, 1, 0, 1]), 15131.0), (array([[ 3,  8],
       [ 1,  5],
       [ 8,  4],
       [13,  9]]), array([3, 1, 1, 1]), 15139.0), (array([[11, 10],
       [13,  9],
       [ 3,  9],
       [ 5,  3]]), array([0, 1, 2, 2]), 15451.0), (array([[12,  8],
       [ 8,  8],
       [11,  3],
       [ 2,  6]]), array([1, 3, 3, 2]), 15599.0)]
Generation 3 population configuration: 
[(array([[12,  1],
       [ 8,  4],
       [ 4,  5],
       [ 5,  9]]), array([2, 1, 3, 1]), 13919.0), (array([[12.,  1.],
       [ 8.,  4.],
       [ 4.,  5.],
       [ 5.,  9.]]), array([2, 1, 3, 1]), 13919.0), (array([[12.,  1.],
       [ 8.,  4.],
       [ 4.,  5.],
       [ 5.,  9.]]), array([2, 1, 3, 1]), 13919.0), (array([[12.,  1.],
       [ 8.,  4.],
       [ 4.,  5.],
       [ 5.,  9.]]), array([2, 1, 3, 1]), 13919.0), (array([[12.,  1.],
       [ 8.,  4.],
       [ 4.,  5.],
       [ 5.,  8.]]), array([2, 1, 3, 1]), 13919.0), (array([[12.,  1.],
       [ 8.,  4.],
       [ 4.,  5.],
       [ 5.,  9.]]), array([2, 1, 3, 1]), 13919.0), (array([[12.,  1.],
       [ 8.,  4.],
       [ 4.,  5.],
       [ 5.,  9.]]), array([2, 1, 3, 1]), 13919.0), (array([[12.,  1.],
       [ 8.,  4.],
       [ 4.,  5.],
       [ 5.,  9.]]), array([2, 1, 3, 1]), 13919.0), (array([[12.,  1.],
       [ 8.,  4.],
       [ 4.,  5.],
       [ 5.,  9.]]), array([2, 1, 3, 1]), 13919.0), (array([[1., 9.],
       [1., 5.],
       [7., 3.],
       [9., 6.]]), array([2, 2, 0, 2]), 14741.0), (array([[11,  2],
       [ 7,  2],
       [ 9,  9],
       [ 3,  4]]), array([3, 0, 2, 2]), 14743.0), (array([[ 2,  8],
       [ 5,  3],
       [ 9,  9],
       [15,  4]]), array([1, 1, 2, 3]), 14745.0), (array([[ 2.,  8.],
       [ 5.,  3.],
       [ 9.,  9.],
       [15.,  4.]]), array([1, 1, 2, 3]), 14745.0), (array([[10,  8],
       [10,  3],
       [ 5,  1],
       [ 1,  8]]), array([2, 2, 2, 1]), 14745.0), (array([[11,  8],
       [10,  3],
       [ 9,  3],
       [ 4,  8]]), array([2, 1, 3, 1]), 14746.0), (array([[ 1, 10],
       [ 7,  9],
       [ 5,  2],
       [11,  5]]), array([1, 0, 2, 2]), 14900.0), (array([[1., 9.],
       [1., 5.],
       [7., 3.],
       [9., 5.]]), array([2, 2, 0, 1]), 15125.0), (array([[ 3, 10],
       [ 2,  4],
       [12,  7],
       [ 2,  0]]), array([1, 3, 2, 2]), 15440.0), (array([[ 5,  5],
       [10,  1],
       [ 0,  9],
       [13,  6]]), array([2, 2, 1, 0]), 15454.0), (array([[ 5,  3],
       [ 6,  7],
       [12,  3],
       [12,  4]]), array([2, 2, 0, 2]), 15602.0)]
Generation 4 population configuration: 
[(array([[12,  1],
       [ 8,  4],
       [ 4,  5],
       [ 5,  9]]), array([2, 1, 3, 1]), 13919.0), (array([[12.,  1.],
       [ 8.,  4.],
       [ 4.,  5.],
       [ 5.,  9.]]), array([2, 1, 3, 1]), 13919.0), (array([[12.,  1.],
       [ 8.,  4.],
       [ 4.,  5.],
       [ 5.,  9.]]), array([2, 1, 3, 1]), 13919.0), (array([[12.,  1.],
       [ 8.,  4.],
       [ 4.,  5.],
       [ 5.,  9.]]), array([2, 1, 3, 1]), 13919.0), (array([[12.,  1.],
       [ 8.,  4.],
       [ 4.,  5.],
       [ 5.,  8.]]), array([2, 1, 3, 1]), 13919.0), (array([[12.,  1.],
       [ 8.,  4.],
       [ 4.,  5.],
       [ 5.,  9.]]), array([2, 1, 3, 1]), 13919.0), (array([[12.,  1.],
       [ 8.,  4.],
       [ 4.,  5.],
       [ 5.,  9.]]), array([2, 1, 3, 1]), 13919.0), (array([[12.,  1.],
       [ 8.,  4.],
       [ 4.,  5.],
       [ 5.,  9.]]), array([2, 1, 3, 1]), 13919.0), (array([[12.,  1.],
       [ 8.,  4.],
       [ 4.,  5.],
       [ 5.,  9.]]), array([2, 1, 3, 1]), 13919.0), (array([[12.,  1.],
       [ 8.,  4.],
       [ 4.,  5.],
       [ 5.,  9.]]), array([2, 1, 3, 1]), 13919.0), (array([[12.,  1.],
       [ 8.,  4.],
       [ 4.,  5.],
       [ 5.,  9.]]), array([2, 1, 3, 1]), 13919.0), (array([[12.,  1.],
       [ 8.,  4.],
       [ 4.,  5.],
       [ 5.,  9.]]), array([2, 1, 3, 1]), 13919.0), (array([[12.,  1.],
       [ 8.,  4.],
       [ 4.,  5.],
       [ 5.,  9.]]), array([2, 1, 3, 1]), 13919.0), (array([[7, 9],
       [5, 4],
       [1, 8],
       [8, 2]]), array([0, 2, 1, 0]), 14621.0), (array([[9, 6],
       [8, 5],
       [5, 8],
       [1, 2]]), array([2, 0, 3, 2]), 14741.0), (array([[10.,  8.],
       [10.,  3.],
       [ 5.,  1.],
       [ 1.,  8.]]), array([2, 2, 2, 1]), 14745.0), (array([[ 6,  1],
       [ 8,  8],
       [ 3, 11],
       [13,  9]]), array([2, 1, 0, 1]), 15128.0), (array([[9, 9],
       [7, 4],
       [5, 5],
       [3, 3]]), array([0, 1, 3, 0]), 15128.0), (array([[ 8,  4],
       [12,  6],
       [ 2,  6],
       [ 1,  1]]), array([1, 1, 2, 2]), 15447.0), (array([[14,  5],
       [ 8,  8],
       [ 5,  5],
       [ 0,  4]]), array([0, 2, 2, 1]), 15456.0)]
Generation 5 population configuration: 
[(array([[12,  1],
       [ 8,  4],
       [ 4,  5],
       [ 5,  9]]), array([2, 1, 3, 1]), 13919.0), (array([[12.,  1.],
       [ 8.,  4.],
       [ 4.,  5.],
       [ 5.,  9.]]), array([2, 1, 3, 1]), 13919.0), (array([[12.,  1.],
       [ 8.,  4.],
       [ 4.,  5.],
       [ 5.,  9.]]), array([2, 1, 3, 1]), 13919.0), (array([[12.,  1.],
       [ 8.,  4.],
       [ 4.,  5.],
       [ 5.,  9.]]), array([2, 1, 3, 1]), 13919.0), (array([[12.,  1.],
       [ 8.,  4.],
       [ 4.,  5.],
       [ 5.,  8.]]), array([2, 1, 3, 1]), 13919.0), (array([[12.,  1.],
       [ 8.,  4.],
       [ 4.,  5.],
       [ 5.,  9.]]), array([2, 1, 3, 1]), 13919.0), (array([[12.,  1.],
       [ 8.,  4.],
       [ 4.,  5.],
       [ 5.,  9.]]), array([2, 1, 3, 1]), 13919.0), (array([[12.,  1.],
       [ 8.,  4.],
       [ 4.,  5.],
       [ 5.,  9.]]), array([2, 1, 3, 1]), 13919.0), (array([[12.,  1.],
       [ 8.,  4.],
       [ 4.,  5.],
       [ 5.,  9.]]), array([2, 1, 3, 1]), 13919.0), (array([[12.,  1.],
       [ 8.,  4.],
       [ 4.,  5.],
       [ 5.,  8.]]), array([2, 1, 3, 1]), 13919.0), (array([[12.,  1.],
       [ 8.,  4.],
       [ 4.,  5.],
       [ 5.,  9.]]), array([2, 1, 3, 1]), 13919.0), (array([[12.,  1.],
       [ 8.,  4.],
       [ 4.,  5.],
       [ 5.,  9.]]), array([2, 1, 3, 1]), 13919.0), (array([[12.,  1.],
       [ 8.,  4.],
       [ 4.,  5.],
       [ 5.,  9.]]), array([2, 1, 3, 1]), 13919.0), (array([[7., 9.],
       [5., 4.],
       [1., 8.],
       [8., 2.]]), array([0, 2, 1, 0]), 14621.0), (array([[ 7,  6],
       [ 5,  9],
       [11,  5],
       [ 2,  2]]), array([1, 2, 1, 3]), 14741.0), (array([[ 6, 11],
       [11,  7],
       [ 9,  5],
       [ 2,  5]]), array([0, 1, 3, 2]), 15136.0), (array([[ 8,  5],
       [10,  7],
       [ 3,  4],
       [ 4,  0]]), array([1, 2, 2, 2]), 15444.0), (array([[ 7, 10],
       [12,  7],
       [ 8,  4],
       [ 1,  9]]), array([1, 2, 1, 2]), 15448.0), (array([[ 3,  9],
       [ 5,  3],
       [ 9,  6],
       [11,  0]]), array([2, 0, 2, 2]), 15591.0), (array([[13,  2],
       [12,  8],
       [ 9,  8],
       [ 5,  9]]), array([3, 3, 3, 0]), 15599.0)]
Generation 6 population configuration: 
[(array([[12,  1],
       [ 8,  4],
       [ 4,  5],
       [ 5,  9]]), array([2, 1, 3, 1]), 13919.0), (array([[12.,  1.],
       [ 8.,  4.],
       [ 4.,  5.],
       [ 5.,  9.]]), array([2, 1, 3, 1]), 13919.0), (array([[12.,  1.],
       [ 8.,  4.],
       [ 4.,  5.],
       [ 5.,  9.]]), array([2, 1, 3, 1]), 13919.0), (array([[12.,  1.],
       [ 8.,  4.],
       [ 4.,  5.],
       [ 5.,  9.]]), array([2, 1, 3, 1]), 13919.0), (array([[12.,  1.],
       [ 8.,  4.],
       [ 4.,  5.],
       [ 5.,  8.]]), array([2, 1, 3, 1]), 13919.0), (array([[12.,  1.],
       [ 8.,  4.],
       [ 4.,  5.],
       [ 5.,  9.]]), array([2, 1, 3, 1]), 13919.0), (array([[12.,  1.],
       [ 8.,  4.],
       [ 4.,  5.],
       [ 5.,  9.]]), array([2, 1, 3, 1]), 13919.0), (array([[12.,  1.],
       [ 8.,  4.],
       [ 4.,  5.],
       [ 5.,  9.]]), array([2, 1, 3, 1]), 13919.0), (array([[12.,  1.],
       [ 8.,  4.],
       [ 4.,  5.],
       [ 5.,  9.]]), array([2, 1, 3, 1]), 13919.0), (array([[12.,  1.],
       [ 8.,  4.],
       [ 4.,  5.],
       [ 5.,  9.]]), array([2, 1, 3, 1]), 13919.0), (array([[12.,  1.],
       [ 8.,  4.],
       [ 4.,  5.],
       [ 5.,  9.]]), array([2, 1, 3, 1]), 13919.0), (array([[12.,  1.],
       [ 8.,  4.],
       [ 4.,  5.],
       [ 5.,  9.]]), array([2, 1, 3, 1]), 13919.0), (array([[12.,  1.],
       [ 8.,  4.],
       [ 4.,  5.],
       [ 5.,  8.]]), array([2, 1, 3, 1]), 13919.0), (array([[ 4,  3],
       [ 4,  7],
       [10,  9],
       [14,  2]]), array([0, 3, 2, 3]), 14748.0), (array([[11,  2],
       [ 6,  7],
       [12, 10],
       [ 0,  4]]), array([0, 1, 1, 1]), 15128.0), (array([[ 5,  9],
       [ 2,  2],
       [14, 11],
       [14,  5]]), array([1, 2, 0, 0]), 15132.0), (array([[ 6., 11.],
       [11.,  7.],
       [ 9.,  5.],
       [ 2.,  5.]]), array([0, 1, 3, 2]), 15136.0), (array([[5, 0],
       [6, 6],
       [1, 6],
       [3, 9]]), array([2, 2, 1, 2]), 15440.0), (array([[ 8,  6],
       [ 8,  4],
       [ 2,  9],
       [15,  8]]), array([2, 1, 1, 3]), 15444.0), (array([[ 8,  7],
       [ 4,  8],
       [11,  1],
       [ 1,  5]]), array([1, 3, 2, 1]), 15603.0)]
Generation 7 population configuration: 
[(array([[12,  1],
       [ 8,  4],
       [ 4,  5],
       [ 5,  9]]), array([2, 1, 3, 1]), 13919.0), (array([[12.,  1.],
       [ 8.,  4.],
       [ 4.,  5.],
       [ 5.,  9.]]), array([2, 1, 3, 1]), 13919.0), (array([[12.,  1.],
       [ 8.,  4.],
       [ 4.,  5.],
       [ 5.,  9.]]), array([2, 1, 3, 1]), 13919.0), (array([[12.,  1.],
       [ 8.,  4.],
       [ 4.,  5.],
       [ 5.,  9.]]), array([2, 1, 3, 1]), 13919.0), (array([[12.,  1.],
       [ 8.,  4.],
       [ 4.,  5.],
       [ 5.,  8.]]), array([2, 1, 3, 1]), 13919.0), (array([[12.,  1.],
       [ 8.,  4.],
       [ 4.,  5.],
       [ 5.,  9.]]), array([2, 1, 3, 1]), 13919.0), (array([[12.,  1.],
       [ 8.,  4.],
       [ 4.,  5.],
       [ 5.,  8.]]), array([2, 1, 3, 1]), 13919.0), (array([[12.,  1.],
       [ 8.,  4.],
       [ 4.,  5.],
       [ 5.,  9.]]), array([2, 1, 3, 1]), 13919.0), (array([[12.,  1.],
       [ 8.,  4.],
       [ 4.,  5.],
       [ 5.,  8.]]), array([2, 1, 3, 1]), 13919.0), (array([[12.,  1.],
       [ 8.,  4.],
       [ 4.,  5.],
       [ 5.,  9.]]), array([2, 1, 3, 1]), 13919.0), (array([[12.,  1.],
       [ 8.,  4.],
       [ 4.,  5.],
       [ 5.,  9.]]), array([2, 1, 3, 1]), 13919.0), (array([[12.,  1.],
       [ 8.,  4.],
       [ 4.,  5.],
       [ 5.,  9.]]), array([2, 1, 3, 1]), 13919.0), (array([[12.,  1.],
       [ 8.,  4.],
       [ 4.,  5.],
       [ 5.,  9.]]), array([2, 1, 3, 1]), 13919.0), (array([[10,  0],
       [ 5,  3],
       [ 7,  5],
       [11,  9]]), array([2, 1, 2, 1]), 15124.0), (array([[10,  3],
       [13,  7],
       [12,  9],
       [ 1,  1]]), array([1, 1, 2, 2]), 15125.0), (array([[12,  2],
       [ 7,  3],
       [ 1,  1],
       [ 4, 10]]), array([3, 1, 2, 1]), 15130.0), (array([[ 2,  3],
       [ 2, 10],
       [ 9,  1],
       [13,  8]]), array([2, 1, 2, 1]), 15132.0), (array([[ 6., 11.],
       [11.,  7.],
       [ 9.,  5.],
       [ 2.,  5.]]), array([0, 1, 3, 2]), 15136.0), (array([[ 1,  5],
       [ 7,  8],
       [11,  8],
       [13,  5]]), array([2, 1, 2, 1]), 15445.0), (array([[ 7,  2],
       [ 7,  3],
       [13,  4],
       [ 1, 10]]), array([0, 2, 3, 1]), 15590.0)]
Generation 8 population configuration: 
[(array([[12,  1],
       [ 8,  4],
       [ 4,  5],
       [ 5,  9]]), array([2, 1, 3, 1]), 13919.0), (array([[12.,  1.],
       [ 8.,  4.],
       [ 4.,  5.],
       [ 5.,  9.]]), array([2, 1, 3, 1]), 13919.0), (array([[12.,  1.],
       [ 8.,  4.],
       [ 4.,  5.],
       [ 5.,  9.]]), array([2, 1, 3, 1]), 13919.0), (array([[12.,  1.],
       [ 8.,  4.],
       [ 4.,  5.],
       [ 5.,  9.]]), array([2, 1, 3, 1]), 13919.0), (array([[12.,  1.],
       [ 8.,  4.],
       [ 4.,  5.],
       [ 5.,  8.]]), array([2, 1, 3, 1]), 13919.0), (array([[12.,  1.],
       [ 8.,  4.],
       [ 4.,  5.],
       [ 5.,  9.]]), array([2, 1, 3, 1]), 13919.0), (array([[12.,  1.],
       [ 8.,  4.],
       [ 4.,  5.],
       [ 5.,  9.]]), array([2, 1, 3, 1]), 13919.0), (array([[12.,  1.],
       [ 8.,  4.],
       [ 4.,  5.],
       [ 5.,  8.]]), array([2, 1, 3, 1]), 13919.0), (array([[12.,  1.],
       [ 8.,  4.],
       [ 4.,  5.],
       [ 5.,  8.]]), array([2, 1, 3, 1]), 13919.0), (array([[12.,  1.],
       [ 8.,  4.],
       [ 4.,  5.],
       [ 5.,  9.]]), array([2, 1, 3, 1]), 13919.0), (array([[12.,  1.],
       [ 8.,  4.],
       [ 4.,  5.],
       [ 5.,  8.]]), array([2, 1, 3, 1]), 13919.0), (array([[12.,  1.],
       [ 8.,  4.],
       [ 4.,  5.],
       [ 5.,  9.]]), array([2, 1, 3, 1]), 13919.0), (array([[12.,  0.],
       [ 8.,  4.],
       [ 4.,  5.],
       [ 5.,  9.]]), array([2, 1, 3, 1]), 13920.0), (array([[12.,  1.],
       [ 8.,  7.],
       [12.,  9.],
       [ 1.,  1.]]), array([2, 1, 2, 2]), 14746.0), (array([[ 9,  9],
       [13, 10],
       [12,  5],
       [ 4,  3]]), array([1, 1, 1, 1]), 15126.0), (array([[13, 10],
       [ 8,  9],
       [12,  2],
       [ 3,  7]]), array([1, 1, 2, 3]), 15137.0), (array([[ 1,  4],
       [ 1,  1],
       [ 6,  6],
       [13,  3]]), array([2, 2, 1, 3]), 15436.0), (array([[11,  1],
       [ 3,  4],
       [ 7, 10],
       [ 3,  9]]), array([2, 1, 1, 1]), 15437.0), (array([[ 1,  7],
       [ 3,  9],
       [14,  8],
       [14,  1]]), array([1, 2, 3, 3]), 15468.0), (array([[12,  4],
       [10,  9],
       [ 4,  8],
       [ 3,  3]]), array([0, 2, 2, 0]), 15600.0)]
Generation 9 population configuration: 
[(array([[12,  1],
       [ 8,  4],
       [ 4,  5],
       [ 5,  9]]), array([2, 1, 3, 1]), 13919.0), (array([[12.,  1.],
       [ 8.,  4.],
       [ 4.,  5.],
       [ 5.,  9.]]), array([2, 1, 3, 1]), 13919.0), (array([[12.,  1.],
       [ 8.,  4.],
       [ 4.,  5.],
       [ 5.,  9.]]), array([2, 1, 3, 1]), 13919.0), (array([[12.,  1.],
       [ 8.,  4.],
       [ 4.,  5.],
       [ 5.,  9.]]), array([2, 1, 3, 1]), 13919.0), (array([[12.,  1.],
       [ 8.,  4.],
       [ 4.,  5.],
       [ 5.,  8.]]), array([2, 1, 3, 1]), 13919.0), (array([[12.,  1.],
       [ 8.,  4.],
       [ 4.,  5.],
       [ 5.,  9.]]), array([2, 1, 3, 1]), 13919.0), (array([[12.,  1.],
       [ 8.,  4.],
       [ 4.,  5.],
       [ 5.,  8.]]), array([2, 1, 3, 1]), 13919.0), (array([[12.,  1.],
       [ 8.,  4.],
       [ 4.,  5.],
       [ 5.,  9.]]), array([2, 1, 3, 1]), 13919.0), (array([[12.,  1.],
       [ 8.,  4.],
       [ 4.,  5.],
       [ 5.,  9.]]), array([2, 1, 3, 1]), 13919.0), (array([[12.,  1.],
       [ 8.,  4.],
       [ 4.,  5.],
       [ 5.,  9.]]), array([2, 1, 3, 1]), 13919.0), (array([[12.,  1.],
       [ 8.,  4.],
       [ 4.,  5.],
       [ 5.,  8.]]), array([2, 1, 3, 1]), 13919.0), (array([[12.,  1.],
       [ 8.,  4.],
       [ 4.,  5.],
       [ 5.,  9.]]), array([2, 1, 3, 1]), 13919.0), (array([[12.,  1.],
       [ 8.,  4.],
       [ 4.,  5.],
       [ 5.,  9.]]), array([2, 1, 3, 1]), 13919.0), (array([[13,  3],
       [10,  6],
       [ 6, 10],
       [ 1, 10]]), array([1, 1, 1, 1]), 13924.0), (array([[10,  1],
       [11,  7],
       [ 5,  6],
       [ 1,  7]]), array([2, 1, 1, 2]), 14747.0), (array([[4, 1],
       [8, 6],
       [0, 7],
       [3, 9]]), array([2, 1, 1, 1]), 15121.0), (array([[13., 10.],
       [ 8.,  9.],
       [12.,  1.],
       [ 3.,  7.]]), array([1, 1, 2, 3]), 15138.0), (array([[ 3,  3],
       [ 3,  8],
       [ 5,  9],
       [13,  8]]), array([2, 3, 1, 0]), 15139.0), (array([[ 4,  5],
       [ 1,  3],
       [ 8,  8],
       [12,  4]]), array([2, 1, 2, 1]), 15443.0), (array([[7, 0],
       [5, 2],
       [7, 6],
       [3, 9]]), array([2, 3, 1, 2]), 15593.0)]
Generation 10 population configuration: 
[(array([[12,  1],
       [ 8,  4],
       [ 4,  5],
       [ 5,  9]]), array([2, 1, 3, 1]), 13919.0), (array([[12.,  1.],
       [ 8.,  4.],
       [ 4.,  5.],
       [ 5.,  9.]]), array([2, 1, 3, 1]), 13919.0), (array([[12.,  1.],
       [ 8.,  4.],
       [ 4.,  5.],
       [ 5.,  9.]]), array([2, 1, 3, 1]), 13919.0), (array([[12.,  1.],
       [ 8.,  4.],
       [ 4.,  5.],
       [ 5.,  9.]]), array([2, 1, 3, 1]), 13919.0), (array([[12.,  1.],
       [ 8.,  4.],
       [ 4.,  5.],
       [ 5.,  8.]]), array([2, 1, 3, 1]), 13919.0), (array([[12.,  1.],
       [ 8.,  4.],
       [ 4.,  5.],
       [ 5.,  9.]]), array([2, 1, 3, 1]), 13919.0), (array([[12.,  1.],
       [ 8.,  4.],
       [ 4.,  5.],
       [ 5.,  9.]]), array([2, 1, 3, 1]), 13919.0), (array([[12.,  1.],
       [ 8.,  4.],
       [ 4.,  5.],
       [ 5.,  9.]]), array([2, 1, 3, 1]), 13919.0), (array([[12.,  1.],
       [ 8.,  4.],
       [ 4.,  5.],
       [ 5.,  9.]]), array([2, 1, 3, 1]), 13919.0), (array([[12.,  1.],
       [ 8.,  4.],
       [ 4.,  5.],
       [ 5.,  9.]]), array([2, 1, 3, 1]), 13919.0), (array([[12.,  1.],
       [ 8.,  4.],
       [ 4.,  5.],
       [ 5.,  8.]]), array([2, 1, 3, 1]), 13919.0), (array([[12.,  1.],
       [ 8.,  4.],
       [ 4.,  5.],
       [ 5.,  9.]]), array([2, 1, 3, 1]), 13919.0), (array([[13,  4],
       [ 7,  6],
       [ 2,  1],
       [ 2,  9]]), array([1, 1, 2, 2]), 14744.0), (array([[4., 1.],
       [8., 6.],
       [0., 7.],
       [3., 9.]]), array([2, 1, 1, 1]), 15121.0), (array([[10,  1],
       [ 4,  1],
       [10,  9],
       [ 2,  8]]), array([2, 2, 0, 1]), 15122.0), (array([[11,  4],
       [ 6,  3],
       [ 8, 10],
       [ 2,  5]]), array([1, 0, 1, 2]), 15130.0), (array([[13., 10.],
       [ 8.,  9.],
       [12.,  1.],
       [ 3.,  7.]]), array([1, 1, 2, 3]), 15138.0), (array([[12,  1],
       [11,  6],
       [ 6,  5],
       [ 4,  1]]), array([2, 3, 1, 3]), 15441.0), (array([[ 6,  5],
       [ 9,  3],
       [11,  9],
       [ 1, 10]]), array([3, 2, 2, 1]), 15594.0), (array([[11,  6],
       [10,  2],
       [ 6,  7],
       [ 3,  3]]), array([2, 2, 2, 2]), 15598.0)]
Generation 11 population configuration: 
[(array([[11.,  1.],
       [ 7.,  4.],
       [ 3.,  5.],
       [ 4.,  9.]]), array([2, 1, 3, 1]), 13918.0), (array([[12,  1],
       [ 8,  4],
       [ 4,  5],
       [ 5,  9]]), array([2, 1, 3, 1]), 13919.0), (array([[12.,  1.],
       [ 8.,  4.],
       [ 4.,  5.],
       [ 5.,  9.]]), array([2, 1, 3, 1]), 13919.0), (array([[12.,  1.],
       [ 8.,  4.],
       [ 4.,  5.],
       [ 5.,  9.]]), array([2, 1, 3, 1]), 13919.0), (array([[12.,  1.],
       [ 8.,  4.],
       [ 4.,  5.],
       [ 5.,  9.]]), array([2, 1, 3, 1]), 13919.0), (array([[12.,  1.],
       [ 8.,  4.],
       [ 4.,  5.],
       [ 5.,  8.]]), array([2, 1, 3, 1]), 13919.0), (array([[12.,  1.],
       [ 8.,  4.],
       [ 4.,  5.],
       [ 5.,  9.]]), array([2, 1, 3, 1]), 13919.0), (array([[12.,  1.],
       [ 8.,  4.],
       [ 4.,  5.],
       [ 5.,  9.]]), array([2, 1, 3, 1]), 13919.0), (array([[12.,  1.],
       [ 8.,  4.],
       [ 4.,  5.],
       [ 5.,  9.]]), array([2, 1, 3, 1]), 13919.0), (array([[12.,  1.],
       [ 8.,  4.],
       [ 4.,  5.],
       [ 5.,  9.]]), array([2, 1, 3, 1]), 13919.0), (array([[12.,  1.],
       [ 8.,  4.],
       [ 4.,  5.],
       [ 5.,  8.]]), array([2, 1, 3, 1]), 13919.0), (array([[12.,  1.],
       [ 8.,  4.],
       [ 4.,  5.],
       [ 5.,  9.]]), array([2, 1, 3, 1]), 13919.0), (array([[12.,  1.],
       [ 8.,  4.],
       [ 4.,  5.],
       [ 5.,  9.]]), array([2, 1, 3, 1]), 13919.0), (array([[ 1,  5],
       [ 4,  6],
       [10,  1],
       [10,  9]]), array([1, 1, 2, 1]), 15126.0), (array([[ 6,  5],
       [ 6,  1],
       [11,  9],
       [14,  5]]), array([2, 2, 1, 0]), 15128.0), (array([[12,  4],
       [13,  6],
       [11,  8],
       [ 4,  9]]), array([3, 1, 2, 1]), 15136.0), (array([[13., 10.],
       [ 8.,  9.],
       [12.,  2.],
       [ 3.,  7.]]), array([1, 1, 2, 3]), 15137.0), (array([[ 4,  3],
       [ 8,  1],
       [ 1,  9],
       [10,  9]]), array([1, 2, 1, 2]), 15593.0), (array([[ 7,  8],
       [12,  8],
       [ 3,  5],
       [10,  1]]), array([0, 2, 3, 3]), 15598.0), (array([[15,  8],
       [13,  1],
       [ 7,  9],
       [ 5,  6]]), array([3, 3, 2, 1]), 15603.0)]
Generation 12 population configuration: 
[(array([[11.,  1.],
       [ 7.,  4.],
       [ 3.,  5.],
       [ 4.,  9.]]), array([2, 1, 3, 1]), 13918.0), (array([[12,  1],
       [ 8,  4],
       [ 4,  5],
       [ 5,  9]]), array([2, 1, 3, 1]), 13919.0), (array([[12.,  1.],
       [ 8.,  4.],
       [ 4.,  5.],
       [ 5.,  9.]]), array([2, 1, 3, 1]), 13919.0), (array([[12.,  1.],
       [ 8.,  4.],
       [ 4.,  5.],
       [ 5.,  9.]]), array([2, 1, 3, 1]), 13919.0), (array([[12.,  1.],
       [ 8.,  4.],
       [ 4.,  5.],
       [ 5.,  9.]]), array([2, 1, 3, 1]), 13919.0), (array([[12.,  1.],
       [ 8.,  4.],
       [ 4.,  5.],
       [ 5.,  8.]]), array([2, 1, 3, 1]), 13919.0), (array([[12.,  1.],
       [ 8.,  4.],
       [ 4.,  5.],
       [ 5.,  9.]]), array([2, 1, 3, 1]), 13919.0), (array([[12.,  1.],
       [ 8.,  4.],
       [ 4.,  5.],
       [ 5.,  9.]]), array([2, 1, 3, 1]), 13919.0), (array([[12.,  1.],
       [ 8.,  4.],
       [ 4.,  5.],
       [ 5.,  9.]]), array([2, 1, 3, 1]), 13919.0), (array([[12.,  1.],
       [ 8.,  4.],
       [ 4.,  5.],
       [ 5.,  8.]]), array([2, 1, 3, 1]), 13919.0), (array([[12.,  1.],
       [ 8.,  4.],
       [ 4.,  5.],
       [ 5.,  8.]]), array([2, 1, 3, 1]), 13919.0), (array([[12.,  1.],
       [ 8.,  4.],
       [ 4.,  5.],
       [ 5.,  9.]]), array([2, 1, 3, 1]), 13919.0), (array([[12.,  1.],
       [ 8.,  4.],
       [ 4.,  5.],
       [ 5.,  9.]]), array([2, 1, 3, 1]), 13919.0), (array([[ 5,  6],
       [ 2,  8],
       [ 4,  1],
       [10,  5]]), array([1, 2, 3, 1]), 14740.0), (array([[12,  4],
       [ 6,  4],
       [ 6,  8],
       [ 0,  4]]), array([2, 0, 3, 1]), 14742.0), (array([[ 4, 10],
       [ 3,  5],
       [10,  4],
       [12,  6]]), array([1, 3, 0, 2]), 14897.0), (array([[13,  8],
       [ 7, 11],
       [12,  1],
       [ 1,  6]]), array([0, 0, 3, 1]), 15120.0), (array([[12.,  4.],
       [13.,  6.],
       [11.,  8.],
       [ 4.,  9.]]), array([3, 1, 2, 1]), 15136.0), (array([[13, 10],
       [ 9,  3],
       [ 6,  4],
       [ 1,  9]]), array([1, 3, 3, 1]), 15141.0), (array([[12,  9],
       [11,  6],
       [ 9,  8],
       [ 6,  0]]), array([2, 0, 3, 2]), 15607.0)]
Generation 13 population configuration: 
[(array([[11.,  1.],
       [ 7.,  4.],
       [ 3.,  5.],
       [ 4.,  9.]]), array([2, 1, 3, 1]), 13918.0), (array([[12,  1],
       [ 8,  4],
       [ 4,  5],
       [ 5,  9]]), array([2, 1, 3, 1]), 13919.0), (array([[12.,  1.],
       [ 8.,  4.],
       [ 4.,  5.],
       [ 5.,  9.]]), array([2, 1, 3, 1]), 13919.0), (array([[12.,  1.],
       [ 8.,  4.],
       [ 4.,  5.],
       [ 5.,  9.]]), array([2, 1, 3, 1]), 13919.0), (array([[12.,  1.],
       [ 8.,  4.],
       [ 4.,  5.],
       [ 5.,  9.]]), array([2, 1, 3, 1]), 13919.0), (array([[12.,  1.],
       [ 8.,  4.],
       [ 4.,  5.],
       [ 5.,  8.]]), array([2, 1, 3, 1]), 13919.0), (array([[12.,  1.],
       [ 8.,  4.],
       [ 4.,  5.],
       [ 5.,  9.]]), array([2, 1, 3, 1]), 13919.0), (array([[12.,  1.],
       [ 8.,  4.],
       [ 4.,  5.],
       [ 5.,  8.]]), array([2, 1, 3, 1]), 13919.0), (array([[12.,  1.],
       [ 8.,  4.],
       [ 4.,  5.],
       [ 5.,  9.]]), array([2, 1, 3, 1]), 13919.0), (array([[12.,  1.],
       [ 8.,  4.],
       [ 4.,  5.],
       [ 5.,  9.]]), array([2, 1, 3, 1]), 13919.0), (array([[12.,  1.],
       [ 8.,  4.],
       [ 4.,  5.],
       [ 5.,  9.]]), array([2, 1, 3, 1]), 13919.0), (array([[12.,  1.],
       [ 8.,  4.],
       [ 4.,  5.],
       [ 5.,  8.]]), array([2, 1, 3, 1]), 13919.0), (array([[12.,  1.],
       [ 8.,  4.],
       [ 4.,  5.],
       [ 5.,  9.]]), array([2, 1, 3, 1]), 13919.0), (array([[11,  7],
       [ 6,  7],
       [ 1,  9],
       [ 2,  2]]), array([1, 1, 2, 2]), 14741.0), (array([[ 4,  9],
       [ 0,  8],
       [ 7,  3],
       [11,  2]]), array([1, 1, 0, 2]), 14748.0), (array([[ 6,  4],
       [10,  5],
       [ 1,  8],
       [12,  8]]), array([3, 1, 2, 2]), 14749.0), (array([[ 0,  5],
       [ 1, 10],
       [ 7,  6],
       [ 8,  2]]), array([1, 1, 1, 0]), 15123.0), (array([[ 8,  8],
       [10,  4],
       [13,  7],
       [ 0,  6]]), array([1, 0, 3, 1]), 15124.0), (array([[12.,  4.],
       [13.,  6.],
       [11.,  8.],
       [ 4.,  9.]]), array([3, 1, 2, 1]), 15136.0), (array([[ 8,  4],
       [ 4,  5],
       [ 9,  8],
       [15,  1]]), array([2, 0, 2, 3]), 15465.0)]
Generation 14 population configuration: 
[(array([[11.,  1.],
       [ 7.,  4.],
       [ 3.,  5.],
       [ 4.,  9.]]), array([2, 1, 3, 1]), 13918.0), (array([[12,  1],
       [ 8,  4],
       [ 4,  5],
       [ 5,  9]]), array([2, 1, 3, 1]), 13919.0), (array([[12.,  1.],
       [ 8.,  4.],
       [ 4.,  5.],
       [ 5.,  9.]]), array([2, 1, 3, 1]), 13919.0), (array([[12.,  1.],
       [ 8.,  4.],
       [ 4.,  5.],
       [ 5.,  9.]]), array([2, 1, 3, 1]), 13919.0), (array([[12.,  1.],
       [ 8.,  4.],
       [ 4.,  5.],
       [ 5.,  9.]]), array([2, 1, 3, 1]), 13919.0), (array([[12.,  1.],
       [ 8.,  4.],
       [ 4.,  5.],
       [ 5.,  8.]]), array([2, 1, 3, 1]), 13919.0), (array([[12.,  1.],
       [ 8.,  4.],
       [ 4.,  5.],
       [ 5.,  8.]]), array([2, 1, 3, 1]), 13919.0), (array([[12.,  1.],
       [ 8.,  3.],
       [ 4.,  5.],
       [ 5.,  9.]]), array([2, 1, 3, 1]), 13919.0), (array([[12.,  1.],
       [ 8.,  4.],
       [ 4.,  5.],
       [ 5.,  9.]]), array([2, 1, 3, 1]), 13919.0), (array([[12.,  1.],
       [ 8.,  4.],
       [ 4.,  5.],
       [ 5.,  9.]]), array([2, 1, 3, 1]), 13919.0), (array([[12.,  1.],
       [ 8.,  4.],
       [ 4.,  5.],
       [ 5.,  9.]]), array([2, 1, 3, 1]), 13919.0), (array([[12.,  1.],
       [ 8.,  4.],
       [ 4.,  5.],
       [ 5.,  9.]]), array([2, 1, 3, 1]), 13919.0), (array([[ 4.,  9.],
       [ 0.,  8.],
       [ 7.,  3.],
       [11.,  2.]]), array([1, 1, 0, 2]), 14748.0), (array([[ 8,  2],
       [12,  1],
       [10,  8],
       [ 2, 10]]), array([0, 2, 2, 1]), 14749.0), (array([[ 0.,  5.],
       [ 1., 10.],
       [ 7.,  6.],
       [ 8.,  2.]]), array([1, 1, 1, 0]), 15123.0), (array([[15,  4],
       [13, 10],
       [10,  0],
       [ 3,  7]]), array([3, 0, 2, 1]), 15130.0), (array([[13,  6],
       [ 8,  1],
       [ 5,  5],
       [ 2,  8]]), array([1, 3, 2, 3]), 15132.0), (array([[10,  5],
       [13,  2],
       [ 7,  8],
       [ 6,  1]]), array([3, 0, 3, 2]), 15134.0), (array([[12, 10],
       [ 6,  7],
       [13,  2],
       [ 3, 10]]), array([1, 1, 0, 1]), 15466.0), (array([[12,  4],
       [ 9,  6],
       [ 7,  4],
       [ 0, 10]]), array([2, 3, 0, 1]), 15600.0)]
Generation 15 population configuration: 
[(array([[11.,  1.],
       [ 7.,  4.],
       [ 3.,  5.],
       [ 4.,  9.]]), array([2, 1, 3, 1]), 13918.0), (array([[12,  1],
       [ 8,  4],
       [ 4,  5],
       [ 5,  9]]), array([2, 1, 3, 1]), 13919.0), (array([[12.,  1.],
       [ 8.,  4.],
       [ 4.,  5.],
       [ 5.,  9.]]), array([2, 1, 3, 1]), 13919.0), (array([[12.,  1.],
       [ 8.,  4.],
       [ 4.,  5.],
       [ 5.,  9.]]), array([2, 1, 3, 1]), 13919.0), (array([[12.,  1.],
       [ 8.,  4.],
       [ 4.,  5.],
       [ 5.,  9.]]), array([2, 1, 3, 1]), 13919.0), (array([[12.,  1.],
       [ 8.,  4.],
       [ 4.,  5.],
       [ 5.,  8.]]), array([2, 1, 3, 1]), 13919.0), (array([[12.,  1.],
       [ 8.,  4.],
       [ 4.,  5.],
       [ 5.,  9.]]), array([2, 1, 3, 1]), 13919.0), (array([[12.,  1.],
       [ 8.,  4.],
       [ 4.,  5.],
       [ 5.,  9.]]), array([2, 1, 3, 1]), 13919.0), (array([[12.,  1.],
       [ 8.,  4.],
       [ 4.,  5.],
       [ 5.,  9.]]), array([2, 1, 3, 1]), 13919.0), (array([[12.,  1.],
       [ 8.,  4.],
       [ 4.,  5.],
       [ 5.,  9.]]), array([2, 1, 3, 1]), 13919.0), (array([[12.,  1.],
       [ 8.,  4.],
       [ 4.,  5.],
       [ 5.,  9.]]), array([2, 1, 3, 1]), 13919.0), (array([[12.,  1.],
       [ 8.,  4.],
       [ 4.,  5.],
       [ 5.,  9.]]), array([2, 1, 3, 1]), 13919.0), (array([[12.,  1.],
       [ 8.,  4.],
       [ 4.,  5.],
       [ 5.,  9.]]), array([2, 1, 3, 1]), 13919.0), (array([[10,  3],
       [11,  8],
       [ 4,  3],
       [ 1,  7]]), array([1, 1, 1, 2]), 14746.0), (array([[ 9,  1],
       [12,  4],
       [ 5,  6],
       [ 2,  7]]), array([2, 2, 1, 1]), 14746.0), (array([[ 4.,  9.],
       [ 0.,  8.],
       [ 7.,  3.],
       [11.,  2.]]), array([1, 1, 0, 2]), 14748.0), (array([[ 0, 10],
       [ 1,  4],
       [11,  8],
       [11,  1]]), array([1, 2, 2, 2]), 14900.0), (array([[ 9,  9],
       [12,  7],
       [ 5, 10],
       [ 9,  4]]), array([1, 1, 0, 1]), 15127.0), (array([[ 5,  9],
       [ 5,  3],
       [12,  8],
       [13,  4]]), array([2, 2, 1, 0]), 15132.0), (array([[ 3,  4],
       [ 2,  6],
       [ 9,  2],
       [12,  7]]), array([0, 2, 3, 2]), 15599.0)]
Generation 16 population configuration: 
[(array([[11.,  1.],
       [ 7.,  4.],
       [ 3.,  5.],
       [ 4.,  9.]]), array([2, 1, 3, 1]), 13918.0), (array([[11.,  1.],
       [ 7.,  4.],
       [ 3.,  5.],
       [ 4.,  9.]]), array([2, 1, 3, 1]), 13918.0), (array([[11.,  1.],
       [ 7.,  4.],
       [ 3.,  5.],
       [ 4.,  9.]]), array([2, 1, 3, 1]), 13918.0), (array([[12,  1],
       [ 8,  4],
       [ 4,  5],
       [ 5,  9]]), array([2, 1, 3, 1]), 13919.0), (array([[12.,  1.],
       [ 8.,  4.],
       [ 4.,  5.],
       [ 5.,  9.]]), array([2, 1, 3, 1]), 13919.0), (array([[12.,  1.],
       [ 8.,  4.],
       [ 4.,  5.],
       [ 5.,  9.]]), array([2, 1, 3, 1]), 13919.0), (array([[12.,  1.],
       [ 8.,  4.],
       [ 4.,  5.],
       [ 5.,  9.]]), array([2, 1, 3, 1]), 13919.0), (array([[12.,  1.],
       [ 8.,  4.],
       [ 4.,  5.],
       [ 5.,  8.]]), array([2, 1, 3, 1]), 13919.0), (array([[12.,  1.],
       [ 8.,  4.],
       [ 4.,  5.],
       [ 5.,  9.]]), array([2, 1, 3, 1]), 13919.0), (array([[12.,  1.],
       [ 8.,  4.],
       [ 4.,  5.],
       [ 5.,  7.]]), array([2, 1, 3, 1]), 13919.0), (array([[12.,  1.],
       [ 8.,  4.],
       [ 4.,  5.],
       [ 5.,  9.]]), array([2, 1, 3, 1]), 13919.0), (array([[12.,  1.],
       [ 8.,  4.],
       [ 4.,  5.],
       [ 5.,  9.]]), array([2, 1, 3, 1]), 13919.0), (array([[12.,  1.],
       [ 8.,  4.],
       [ 4.,  5.],
       [ 5.,  9.]]), array([2, 1, 3, 1]), 13919.0), (array([[ 1,  8],
       [ 7,  6],
       [12,  8],
       [12,  2]]), array([1, 3, 2, 2]), 14748.0), (array([[10,  2],
       [11,  8],
       [ 4,  4],
       [ 3, 10]]), array([2, 2, 0, 1]), 14899.0), (array([[ 9.,  9.],
       [12.,  7.],
       [ 5., 10.],
       [ 9.,  4.]]), array([1, 1, 0, 1]), 15127.0), (array([[13,  3],
       [12,  9],
       [ 7,  2],
       [ 1,  4]]), array([0, 0, 0, 2]), 15133.0), (array([[ 1,  7],
       [ 5,  9],
       [ 4,  3],
       [12,  2]]), array([2, 1, 3, 2]), 15440.0), (array([[ 2,  2],
       [ 7,  2],
       [ 3,  7],
       [12,  8]]), array([3, 3, 2, 3]), 15442.0), (array([[12,  9],
       [11,  5],
       [ 9,  0],
       [ 1,  6]]), array([1, 3, 2, 1]), 15452.0)]
Generation 17 population configuration: 
[(array([[11.,  1.],
       [ 7.,  4.],
       [ 3.,  5.],
       [ 4.,  9.]]), array([2, 1, 3, 1]), 13918.0), (array([[11.,  1.],
       [ 7.,  4.],
       [ 3.,  5.],
       [ 4.,  9.]]), array([2, 1, 3, 1]), 13918.0), (array([[11.,  1.],
       [ 7.,  4.],
       [ 3.,  5.],
       [ 4.,  9.]]), array([2, 1, 3, 1]), 13918.0), (array([[11.,  1.],
       [ 7.,  4.],
       [ 3.,  5.],
       [ 4.,  9.]]), array([2, 1, 3, 1]), 13918.0), (array([[11.,  1.],
       [ 7.,  4.],
       [ 3.,  5.],
       [ 4.,  9.]]), array([2, 1, 3, 1]), 13918.0), (array([[11.,  1.],
       [ 7.,  4.],
       [ 3.,  5.],
       [ 4.,  8.]]), array([2, 1, 3, 1]), 13918.0), (array([[12,  1],
       [ 8,  4],
       [ 4,  5],
       [ 5,  9]]), array([2, 1, 3, 1]), 13919.0), (array([[12.,  1.],
       [ 8.,  4.],
       [ 4.,  5.],
       [ 5.,  9.]]), array([2, 1, 3, 1]), 13919.0), (array([[12.,  1.],
       [ 8.,  4.],
       [ 4.,  5.],
       [ 5.,  9.]]), array([2, 1, 3, 1]), 13919.0), (array([[12.,  1.],
       [ 8.,  4.],
       [ 4.,  5.],
       [ 5.,  9.]]), array([2, 1, 3, 1]), 13919.0), (array([[12.,  1.],
       [ 8.,  4.],
       [ 4.,  5.],
       [ 5.,  9.]]), array([2, 1, 3, 1]), 13919.0), (array([[12.,  1.],
       [ 8.,  4.],
       [ 4.,  5.],
       [ 5.,  7.]]), array([2, 1, 3, 1]), 13919.0), (array([[4, 7],
       [7, 9],
       [1, 9],
       [1, 0]]), array([1, 2, 2, 2]), 14741.0), (array([[ 1.,  8.],
       [ 7.,  6.],
       [12.,  8.],
       [12.,  2.]]), array([1, 3, 2, 2]), 14748.0), (array([[ 3,  8],
       [ 7,  7],
       [11,  6],
       [12,  3]]), array([0, 1, 2, 0]), 14894.0), (array([[11,  5],
       [ 9,  3],
       [ 5,  8],
       [ 0,  5]]), array([2, 0, 1, 1]), 14895.0), (array([[1, 6],
       [3, 4],
       [5, 5],
       [9, 9]]), array([2, 0, 1, 1]), 15126.0), (array([[ 2,  5],
       [ 4,  8],
       [10,  5],
       [ 9,  9]]), array([2, 2, 2, 2]), 15440.0), (array([[ 2.,  2.],
       [ 7.,  2.],
       [ 3.,  7.],
       [12.,  8.]]), array([3, 3, 2, 3]), 15442.0), (array([[ 1,  2],
       [ 8,  5],
       [10,  0],
       [ 7,  9]]), array([2, 2, 2, 2]), 15591.0)]
Generation 18 population configuration: 
[(array([[11.,  1.],
       [ 7.,  4.],
       [ 3.,  5.],
       [ 4.,  9.]]), array([2, 1, 3, 1]), 13918.0), (array([[11.,  1.],
       [ 7.,  4.],
       [ 3.,  5.],
       [ 4.,  9.]]), array([2, 1, 3, 1]), 13918.0), (array([[11.,  1.],
       [ 7.,  4.],
       [ 3.,  5.],
       [ 4.,  9.]]), array([2, 1, 3, 1]), 13918.0), (array([[11.,  1.],
       [ 7.,  4.],
       [ 3.,  5.],
       [ 4.,  9.]]), array([2, 1, 3, 1]), 13918.0), (array([[11.,  1.],
       [ 7.,  4.],
       [ 3.,  5.],
       [ 4.,  9.]]), array([2, 1, 3, 1]), 13918.0), (array([[11.,  1.],
       [ 7.,  4.],
       [ 3.,  5.],
       [ 4.,  8.]]), array([2, 1, 3, 1]), 13918.0), (array([[11.,  1.],
       [ 7.,  4.],
       [ 3.,  5.],
       [ 4.,  9.]]), array([2, 1, 3, 1]), 13918.0), (array([[11.,  1.],
       [ 7.,  4.],
       [ 3.,  5.],
       [ 4.,  9.]]), array([2, 1, 3, 1]), 13918.0), (array([[11.,  1.],
       [ 7.,  4.],
       [ 3.,  5.],
       [ 4.,  9.]]), array([2, 1, 3, 1]), 13918.0), (array([[12.,  1.],
       [ 8.,  4.],
       [ 4.,  5.],
       [ 5.,  9.]]), array([2, 1, 3, 1]), 13919.0), (array([[12.,  1.],
       [ 8.,  4.],
       [ 4.,  5.],
       [ 5.,  9.]]), array([2, 1, 3, 1]), 13919.0), (array([[12.,  1.],
       [ 8.,  4.],
       [ 4.,  5.],
       [ 5.,  7.]]), array([2, 1, 3, 1]), 13919.0), (array([[12.,  1.],
       [ 8.,  4.],
       [ 4.,  5.],
       [ 5.,  9.]]), array([2, 1, 3, 1]), 13919.0), (array([[13,  2],
       [ 9,  2],
       [ 9,  6],
       [ 6,  5]]), array([3, 3, 2, 3]), 14745.0), (array([[ 6,  3],
       [ 4,  7],
       [10,  7],
       [12,  3]]), array([1, 3, 2, 2]), 14747.0), (array([[11,  8],
       [10,  1],
       [ 3,  9],
       [ 2,  4]]), array([2, 3, 0, 1]), 15113.0), (array([[11, 11],
       [12,  3],
       [ 6,  3],
       [ 2,  6]]), array([0, 1, 1, 3]), 15128.0), (array([[ 2.,  5.],
       [ 4.,  8.],
       [10.,  5.],
       [ 9.,  9.]]), array([2, 2, 2, 2]), 15440.0), (array([[ 4,  8],
       [ 7, 10],
       [ 4,  2],
       [12,  8]]), array([3, 1, 2, 1]), 15454.0), (array([[ 2,  0],
       [ 7,  4],
       [ 2,  8],
       [10,  5]]), array([2, 3, 1, 1]), 16298.0)]
Generation 19 population configuration: 
[(array([[11.,  1.],
       [ 7.,  4.],
       [ 3.,  5.],
       [ 4.,  9.]]), array([2, 1, 3, 1]), 13918.0), (array([[11.,  1.],
       [ 7.,  4.],
       [ 3.,  5.],
       [ 4.,  9.]]), array([2, 1, 3, 1]), 13918.0), (array([[11.,  1.],
       [ 7.,  4.],
       [ 3.,  5.],
       [ 4.,  9.]]), array([2, 1, 3, 1]), 13918.0), (array([[11.,  1.],
       [ 7.,  4.],
       [ 3.,  5.],
       [ 4.,  9.]]), array([2, 1, 3, 1]), 13918.0), (array([[11.,  1.],
       [ 7.,  4.],
       [ 3.,  5.],
       [ 4.,  9.]]), array([2, 1, 3, 1]), 13918.0), (array([[11.,  1.],
       [ 7.,  4.],
       [ 3.,  5.],
       [ 4.,  8.]]), array([2, 1, 3, 1]), 13918.0), (array([[11.,  1.],
       [ 7.,  4.],
       [ 3.,  5.],
       [ 4.,  9.]]), array([2, 1, 3, 1]), 13918.0), (array([[11.,  1.],
       [ 7.,  4.],
       [ 3.,  5.],
       [ 4.,  9.]]), array([2, 1, 3, 1]), 13918.0), (array([[11.,  1.],
       [ 7.,  4.],
       [ 3.,  5.],
       [ 4.,  9.]]), array([2, 1, 3, 1]), 13918.0), (array([[11.,  1.],
       [ 7.,  4.],
       [ 3.,  5.],
       [ 4.,  9.]]), array([2, 1, 3, 1]), 13918.0), (array([[12.,  1.],
       [ 8.,  4.],
       [ 4.,  5.],
       [ 5.,  9.]]), array([2, 1, 3, 1]), 13919.0), (array([[12.,  1.],
       [ 8.,  4.],
       [ 4.,  5.],
       [ 5.,  9.]]), array([2, 1, 3, 1]), 13919.0), (array([[12.,  1.],
       [ 8.,  4.],
       [ 4.,  5.],
       [ 5.,  9.]]), array([2, 1, 3, 1]), 13919.0), (array([[13,  3],
       [ 9,  3],
       [ 7,  7],
       [ 1,  3]]), array([3, 0, 2, 1]), 14740.0), (array([[14,  2],
       [12,  8],
       [ 4,  6],
       [ 3,  1]]), array([3, 2, 3, 2]), 14750.0), (array([[12,  2],
       [ 7,  6],
       [ 4,  5],
       [11, 11]]), array([2, 1, 1, 0]), 15121.0), (array([[ 6,  6],
       [ 5,  2],
       [ 3, 11],
       [12,  6]]), array([0, 0, 0, 1]), 15129.0), (array([[ 8, 10],
       [12,  5],
       [ 1,  9],
       [ 8,  2]]), array([1, 1, 1, 3]), 15448.0), (array([[ 4.,  8.],
       [ 7., 10.],
       [ 4.,  2.],
       [12.,  8.]]), array([3, 1, 2, 1]), 15454.0), (array([[ 6,  4],
       [ 6,  9],
       [ 1,  3],
       [11, 10]]), array([2, 2, 2, 1]), 15455.0)]
Generation 20 population configuration: 
[(array([[11.,  1.],
       [ 7.,  4.],
       [ 3.,  5.],
       [ 4.,  9.]]), array([2, 1, 3, 1]), 13918.0), (array([[11.,  1.],
       [ 7.,  4.],
       [ 3.,  5.],
       [ 4.,  9.]]), array([2, 1, 3, 1]), 13918.0), (array([[11.,  1.],
       [ 7.,  4.],
       [ 3.,  5.],
       [ 4.,  9.]]), array([2, 1, 3, 1]), 13918.0), (array([[11.,  1.],
       [ 7.,  4.],
       [ 3.,  5.],
       [ 4.,  9.]]), array([2, 1, 3, 1]), 13918.0), (array([[11.,  1.],
       [ 7.,  4.],
       [ 3.,  5.],
       [ 4.,  9.]]), array([2, 1, 3, 1]), 13918.0), (array([[11.,  1.],
       [ 7.,  4.],
       [ 3.,  5.],
       [ 4.,  8.]]), array([2, 1, 3, 1]), 13918.0), (array([[11.,  1.],
       [ 7.,  4.],
       [ 3.,  5.],
       [ 4.,  9.]]), array([2, 1, 3, 1]), 13918.0), (array([[11.,  1.],
       [ 7.,  4.],
       [ 3.,  5.],
       [ 4.,  9.]]), array([2, 1, 3, 1]), 13918.0), (array([[11.,  1.],
       [ 7.,  4.],
       [ 3.,  5.],
       [ 4.,  8.]]), array([2, 1, 3, 1]), 13918.0), (array([[11.,  1.],
       [ 7.,  4.],
       [ 3.,  5.],
       [ 4.,  9.]]), array([2, 1, 3, 1]), 13918.0), (array([[11.,  1.],
       [ 7.,  4.],
       [ 3.,  5.],
       [ 4.,  9.]]), array([2, 1, 3, 1]), 13918.0), (array([[11,  9],
       [11,  5],
       [ 5,  9],
       [ 3,  3]]), array([2, 2, 2, 0]), 14749.0), (array([[11,  5],
       [ 9,  2],
       [11,  9],
       [ 3,  9]]), array([2, 0, 2, 2]), 14751.0), (array([[12.,  2.],
       [ 7.,  6.],
       [ 4.,  5.],
       [11., 11.]]), array([2, 1, 1, 0]), 15121.0), (array([[ 6.,  6.],
       [ 5.,  2.],
       [ 3., 11.],
       [12.,  6.]]), array([0, 0, 0, 1]), 15129.0), (array([[ 2,  1],
       [ 7,  4],
       [11,  3],
       [ 5, 10]]), array([3, 1, 2, 1]), 15132.0), (array([[12,  3],
       [ 8,  7],
       [13, 10],
       [ 3, 10]]), array([1, 0, 1, 0]), 15138.0), (array([[11,  8],
       [ 9,  8],
       [12,  3],
       [ 5,  3]]), array([2, 3, 1, 3]), 15443.0), (array([[ 1,  1],
       [ 5,  3],
       [10,  1],
       [13,  8]]), array([2, 1, 2, 1]), 15453.0), (array([[ 6.,  4.],
       [ 6.,  9.],
       [ 1.,  3.],
       [11., 10.]]), array([2, 2, 2, 1]), 15455.0)]
Generation 21 population configuration: 
[(array([[14,  2],
       [ 7,  0],
       [ 7,  5],
       [ 3,  4]]), array([0, 2, 2, 1]), 13651.0), (array([[11.,  1.],
       [ 7.,  4.],
       [ 3.,  5.],
       [ 4.,  9.]]), array([2, 1, 3, 1]), 13918.0), (array([[11.,  1.],
       [ 7.,  4.],
       [ 3.,  5.],
       [ 4.,  9.]]), array([2, 1, 3, 1]), 13918.0), (array([[11.,  1.],
       [ 7.,  4.],
       [ 3.,  5.],
       [ 4.,  9.]]), array([2, 1, 3, 1]), 13918.0), (array([[11.,  1.],
       [ 7.,  4.],
       [ 3.,  5.],
       [ 4.,  9.]]), array([2, 1, 3, 1]), 13918.0), (array([[11.,  1.],
       [ 7.,  4.],
       [ 3.,  5.],
       [ 4.,  9.]]), array([2, 1, 3, 1]), 13918.0), (array([[11.,  1.],
       [ 7.,  4.],
       [ 3.,  5.],
       [ 4.,  8.]]), array([2, 1, 3, 1]), 13918.0), (array([[11.,  1.],
       [ 7.,  4.],
       [ 3.,  5.],
       [ 4.,  9.]]), array([2, 1, 3, 1]), 13918.0), (array([[11.,  1.],
       [ 7.,  4.],
       [ 3.,  5.],
       [ 4.,  8.]]), array([2, 1, 3, 1]), 13918.0), (array([[11.,  1.],
       [ 7.,  4.],
       [ 3.,  5.],
       [ 4.,  9.]]), array([2, 1, 3, 1]), 13918.0), (array([[11.,  1.],
       [ 7.,  4.],
       [ 3.,  5.],
       [ 4.,  9.]]), array([2, 1, 3, 1]), 13918.0), (array([[11.,  1.],
       [ 7.,  4.],
       [ 3.,  5.],
       [ 4.,  9.]]), array([2, 1, 3, 1]), 13918.0), (array([[11.,  1.],
       [ 7.,  4.],
       [ 3.,  5.],
       [ 4.,  9.]]), array([2, 1, 3, 1]), 13918.0), (array([[11.,  1.],
       [ 7.,  5.],
       [ 3.,  5.],
       [ 4.,  9.]]), array([2, 1, 3, 1]), 13920.0), (array([[ 3,  4],
       [ 4, 10],
       [11,  6],
       [12,  3]]), array([1, 1, 2, 0]), 14896.0), (array([[12.,  2.],
       [ 7.,  6.],
       [ 4.,  5.],
       [11., 11.]]), array([2, 1, 1, 0]), 15121.0), (array([[ 6,  3],
       [ 5,  6],
       [12,  5],
       [ 3,  9]]), array([0, 0, 0, 0]), 15125.0), (array([[ 7,  4],
       [ 1,  3],
       [11,  9],
       [ 1,  7]]), array([1, 1, 1, 2]), 15128.0), (array([[ 0,  7],
       [ 8,  7],
       [ 8,  1],
       [13,  4]]), array([1, 2, 2, 1]), 15459.0), (array([[ 9,  3],
       [12,  5],
       [ 4,  4],
       [ 3,  7]]), array([3, 2, 0, 3]), 15599.0)]
Generation 22 population configuration: 
[(array([[14,  2],
       [ 7,  0],
       [ 7,  5],
       [ 3,  4]]), array([0, 2, 2, 1]), 13651.0), (array([[11.,  1.],
       [ 7.,  4.],
       [ 3.,  5.],
       [ 4.,  9.]]), array([2, 1, 3, 1]), 13918.0), (array([[11.,  1.],
       [ 7.,  4.],
       [ 3.,  5.],
       [ 4.,  9.]]), array([2, 1, 3, 1]), 13918.0), (array([[11.,  1.],
       [ 7.,  4.],
       [ 3.,  5.],
       [ 4.,  9.]]), array([2, 1, 3, 1]), 13918.0), (array([[11.,  1.],
       [ 7.,  4.],
       [ 3.,  5.],
       [ 4.,  9.]]), array([2, 1, 3, 1]), 13918.0), (array([[11.,  1.],
       [ 7.,  4.],
       [ 3.,  5.],
       [ 4.,  9.]]), array([2, 1, 3, 1]), 13918.0), (array([[11.,  1.],
       [ 7.,  4.],
       [ 3.,  5.],
       [ 4.,  9.]]), array([2, 1, 3, 1]), 13918.0), (array([[11.,  1.],
       [ 7.,  4.],
       [ 3.,  5.],
       [ 4.,  9.]]), array([2, 1, 3, 1]), 13918.0), (array([[11.,  1.],
       [ 7.,  4.],
       [ 3.,  5.],
       [ 4.,  9.]]), array([2, 1, 3, 1]), 13918.0), (array([[11.,  1.],
       [ 7.,  5.],
       [ 3.,  5.],
       [ 4.,  9.]]), array([2, 1, 3, 1]), 13920.0), (array([[11.,  1.],
       [ 7.,  5.],
       [ 3.,  5.],
       [ 4.,  9.]]), array([2, 1, 3, 1]), 13920.0), (array([[2, 1],
       [5, 5],
       [5, 8],
       [9, 7]]), array([2, 2, 2, 1]), 14736.0), (array([[ 1,  6],
       [ 5,  5],
       [ 9,  4],
       [11,  7]]), array([1, 2, 1, 2]), 14743.0), (array([[12.,  0.],
       [ 7.,  3.],
       [ 3.,  4.],
       [ 4.,  8.]]), array([2, 1, 3, 1]), 14899.0), (array([[12.,  2.],
       [ 7.,  6.],
       [ 4.,  5.],
       [11., 11.]]), array([2, 1, 1, 0]), 15121.0), (array([[11,  3],
       [ 7,  4],
       [13,  9],
       [ 7, 10]]), array([1, 0, 1, 1]), 15130.0), (array([[11,  0],
       [ 7,  3],
       [ 4,  5],
       [12,  9]]), array([2, 0, 3, 1]), 15142.0), (array([[ 8,  7],
       [ 9,  3],
       [12,  8],
       [ 3,  9]]), array([1, 0, 1, 1]), 15447.0), (array([[ 9,  4],
       [13,  5],
       [ 6,  7],
       [ 1,  4]]), array([2, 1, 2, 1]), 15607.0), (array([[11.,  1.],
       [ 7.,  4.],
       [ 3.,  5.],
       [ 4., 11.]]), array([2, 1, 3, 0]), 15840.0)]
Generation 23 population configuration: 
[(array([[14,  2],
       [ 7,  0],
       [ 7,  5],
       [ 3,  4]]), array([0, 2, 2, 1]), 13651.0), (array([[14.,  2.],
       [ 7.,  0.],
       [ 7.,  5.],
       [ 3.,  4.]]), array([0, 2, 2, 1]), 13651.0), (array([[14.,  2.],
       [ 7.,  0.],
       [ 7.,  5.],
       [ 3.,  4.]]), array([0, 2, 2, 1]), 13651.0), (array([[11.,  1.],
       [ 7.,  4.],
       [ 3.,  5.],
       [ 4.,  9.]]), array([2, 1, 3, 1]), 13918.0), (array([[11.,  1.],
       [ 7.,  4.],
       [ 3.,  5.],
       [ 4.,  9.]]), array([2, 1, 3, 1]), 13918.0), (array([[11.,  1.],
       [ 7.,  4.],
       [ 3.,  5.],
       [ 4.,  9.]]), array([2, 1, 3, 1]), 13918.0), (array([[11.,  1.],
       [ 7.,  4.],
       [ 3.,  5.],
       [ 4.,  9.]]), array([2, 1, 3, 1]), 13918.0), (array([[11.,  1.],
       [ 7.,  4.],
       [ 3.,  5.],
       [ 4.,  9.]]), array([2, 1, 3, 1]), 13918.0), (array([[11.,  1.],
       [ 7.,  4.],
       [ 3.,  5.],
       [ 4.,  9.]]), array([2, 1, 3, 1]), 13918.0), (array([[11.,  1.],
       [ 7.,  4.],
       [ 3.,  5.],
       [ 4.,  9.]]), array([2, 1, 3, 1]), 13918.0), (array([[11.,  1.],
       [ 7.,  4.],
       [ 3.,  5.],
       [ 4.,  9.]]), array([2, 1, 3, 1]), 13918.0), (array([[11.,  1.],
       [ 7.,  5.],
       [ 3.,  5.],
       [ 4.,  9.]]), array([2, 1, 3, 1]), 13920.0), (array([[15,  1],
       [10,  3],
       [11,  9],
       [ 4, 10]]), array([3, 1, 1, 0]), 14745.0), (array([[12.,  2.],
       [ 7.,  6.],
       [ 4.,  5.],
       [11., 11.]]), array([2, 1, 1, 0]), 15121.0), (array([[ 7,  9],
       [13, 10],
       [12,  4],
       [ 1,  2]]), array([1, 0, 2, 2]), 15122.0), (array([[11.,  3.],
       [ 7.,  4.],
       [13.,  9.],
       [ 7., 10.]]), array([1, 0, 1, 1]), 15130.0), (array([[11, 10],
       [14,  5],
       [ 6,  6],
       [ 2,  7]]), array([1, 0, 3, 3]), 15146.0), (array([[ 6,  1],
       [ 8,  7],
       [ 3,  8],
       [12,  6]]), array([3, 0, 0, 2]), 15440.0), (array([[ 6,  6],
       [ 1,  4],
       [ 5,  0],
       [12,  7]]), array([3, 1, 2, 1]), 15455.0), (array([[ 1, 10],
       [ 1,  4],
       [ 6,  2],
       [10,  6]]), array([1, 2, 2, 2]), 15590.0)]
Generation 24 population configuration: 
[(array([[14,  2],
       [ 7,  0],
       [ 7,  5],
       [ 3,  4]]), array([0, 2, 2, 1]), 13651.0), (array([[14.,  2.],
       [ 7.,  0.],
       [ 7.,  5.],
       [ 3.,  4.]]), array([0, 2, 2, 1]), 13651.0), (array([[14.,  2.],
       [ 7.,  0.],
       [ 7.,  5.],
       [ 3.,  4.]]), array([0, 2, 2, 1]), 13651.0), (array([[14.,  2.],
       [ 7.,  0.],
       [ 7.,  5.],
       [ 3.,  4.]]), array([0, 2, 2, 1]), 13651.0), (array([[11.,  1.],
       [ 7.,  4.],
       [ 3.,  5.],
       [ 4.,  9.]]), array([2, 1, 3, 1]), 13918.0), (array([[11.,  1.],
       [ 7.,  4.],
       [ 3.,  5.],
       [ 4.,  9.]]), array([2, 1, 3, 1]), 13918.0), (array([[11.,  1.],
       [ 7.,  4.],
       [ 3.,  5.],
       [ 4.,  9.]]), array([2, 1, 3, 1]), 13918.0), (array([[11.,  1.],
       [ 7.,  4.],
       [ 3.,  5.],
       [ 4.,  9.]]), array([2, 1, 3, 1]), 13918.0), (array([[11.,  1.],
       [ 7.,  4.],
       [ 3.,  5.],
       [ 4.,  9.]]), array([2, 1, 3, 1]), 13918.0), (array([[11.,  1.],
       [ 7.,  4.],
       [ 3.,  5.],
       [ 4.,  9.]]), array([2, 1, 3, 1]), 13918.0), (array([[11.,  1.],
       [ 7.,  4.],
       [ 3.,  5.],
       [ 4.,  9.]]), array([2, 1, 3, 1]), 13918.0), (array([[11.,  1.],
       [ 7.,  4.],
       [ 3.,  5.],
       [ 4.,  9.]]), array([2, 1, 3, 1]), 13918.0), (array([[11.,  1.],
       [ 7.,  4.],
       [ 3.,  5.],
       [ 4.,  9.]]), array([2, 1, 3, 1]), 13918.0), (array([[11.,  1.],
       [ 7.,  4.],
       [ 3.,  5.],
       [ 4.,  9.]]), array([2, 1, 3, 1]), 13918.0), (array([[14,  7],
       [12,  3],
       [ 7,  8],
       [ 1,  4]]), array([3, 2, 1, 2]), 14746.0), (array([[ 5, 10],
       [10,  8],
       [12,  6],
       [11,  0]]), array([0, 2, 0, 2]), 14748.0), (array([[11,  1],
       [ 6,  0],
       [13, 10],
       [ 7, 10]]), array([2, 2, 1, 1]), 15134.0), (array([[ 7,  2],
       [12,  5],
       [ 9,  8],
       [ 3,  7]]), array([2, 1, 1, 3]), 15447.0), (array([[5, 2],
       [1, 3],
       [3, 6],
       [9, 4]]), array([2, 1, 2, 1]), 15447.0), (array([[ 1,  2],
       [ 3,  8],
       [12,  8],
       [13,  6]]), array([2, 2, 2, 1]), 15448.0)]
Generation 25 population configuration: 
[(array([[14,  2],
       [ 7,  0],
       [ 7,  5],
       [ 3,  4]]), array([0, 2, 2, 1]), 13651.0), (array([[14.,  2.],
       [ 7.,  0.],
       [ 7.,  5.],
       [ 3.,  4.]]), array([0, 2, 2, 1]), 13651.0), (array([[14.,  2.],
       [ 7.,  0.],
       [ 7.,  5.],
       [ 3.,  4.]]), array([0, 2, 2, 1]), 13651.0), (array([[14.,  2.],
       [ 7.,  0.],
       [ 7.,  5.],
       [ 3.,  4.]]), array([0, 2, 2, 1]), 13651.0), (array([[14.,  2.],
       [ 7.,  0.],
       [ 7.,  5.],
       [ 3.,  4.]]), array([0, 2, 2, 1]), 13651.0), (array([[14.,  2.],
       [ 7.,  0.],
       [ 7.,  5.],
       [ 3.,  4.]]), array([0, 2, 2, 1]), 13651.0), (array([[11.,  1.],
       [ 7.,  4.],
       [ 3.,  5.],
       [ 4.,  9.]]), array([2, 1, 3, 1]), 13918.0), (array([[11.,  1.],
       [ 7.,  4.],
       [ 3.,  5.],
       [ 4.,  9.]]), array([2, 1, 3, 1]), 13918.0), (array([[11.,  1.],
       [ 7.,  4.],
       [ 3.,  5.],
       [ 4.,  9.]]), array([2, 1, 3, 1]), 13918.0), (array([[11.,  1.],
       [ 7.,  4.],
       [ 3.,  5.],
       [ 4.,  9.]]), array([2, 1, 3, 1]), 13918.0), (array([[11.,  1.],
       [ 7.,  4.],
       [ 3.,  5.],
       [ 4.,  9.]]), array([2, 1, 3, 1]), 13918.0), (array([[ 4,  7],
       [ 4,  2],
       [ 8,  4],
       [12,  1]]), array([2, 2, 1, 2]), 13919.0), (array([[10,  9],
       [ 9,  3],
       [15,  2],
       [ 1,  3]]), array([2, 2, 3, 2]), 15124.0), (array([[14.,  2.],
       [ 7.,  0.],
       [ 7.,  5.],
       [ 3.,  7.]]), array([0, 2, 2, 3]), 15127.0), (array([[ 8,  6],
       [ 6,  9],
       [ 2,  6],
       [14,  5]]), array([2, 2, 2, 3]), 15127.0), (array([[11.,  1.],
       [ 6.,  0.],
       [13., 10.],
       [ 7., 10.]]), array([2, 2, 1, 1]), 15134.0), (array([[13, 10],
       [10,  9],
       [ 4,  7],
       [ 2,  1]]), array([1, 1, 3, 2]), 15447.0), (array([[ 1.,  2.],
       [ 3.,  8.],
       [12.,  8.],
       [13.,  6.]]), array([2, 2, 2, 1]), 15448.0), (array([[ 4,  4],
       [ 9,  3],
       [ 7,  9],
       [13,  2]]), array([1, 3, 2, 3]), 15448.0), (array([[ 2,  5],
       [ 6,  3],
       [ 9,  7],
       [13,  7]]), array([3, 2, 3, 0]), 15821.0)]
Generation 26 population configuration: 
[(array([[14,  2],
       [ 7,  0],
       [ 7,  5],
       [ 3,  4]]), array([0, 2, 2, 1]), 13651.0), (array([[14.,  2.],
       [ 7.,  0.],
       [ 7.,  5.],
       [ 3.,  4.]]), array([0, 2, 2, 1]), 13651.0), (array([[14.,  2.],
       [ 7.,  0.],
       [ 7.,  5.],
       [ 3.,  4.]]), array([0, 2, 2, 1]), 13651.0), (array([[14.,  2.],
       [ 7.,  0.],
       [ 7.,  5.],
       [ 3.,  4.]]), array([0, 2, 2, 1]), 13651.0), (array([[14.,  2.],
       [ 7.,  0.],
       [ 7.,  5.],
       [ 3.,  4.]]), array([0, 2, 2, 1]), 13651.0), (array([[14.,  2.],
       [ 7.,  0.],
       [ 7.,  5.],
       [ 3.,  4.]]), array([0, 2, 2, 1]), 13651.0), (array([[14.,  2.],
       [ 7.,  0.],
       [ 7.,  5.],
       [ 3.,  4.]]), array([0, 2, 2, 1]), 13651.0), (array([[14.,  2.],
       [ 7.,  0.],
       [ 7.,  5.],
       [ 3.,  4.]]), array([0, 2, 2, 1]), 13651.0), (array([[11.,  1.],
       [ 7.,  4.],
       [ 3.,  5.],
       [ 4.,  9.]]), array([2, 1, 3, 1]), 13918.0), (array([[11.,  1.],
       [ 7.,  4.],
       [ 3.,  5.],
       [ 4.,  9.]]), array([2, 1, 3, 1]), 13918.0), (array([[11.,  1.],
       [ 7.,  4.],
       [ 3.,  5.],
       [ 4.,  9.]]), array([2, 1, 3, 1]), 13918.0), (array([[ 4.,  7.],
       [ 4.,  2.],
       [ 8.,  4.],
       [12.,  1.]]), array([2, 2, 1, 2]), 13919.0), (array([[ 4.,  7.],
       [ 4.,  2.],
       [ 8.,  4.],
       [12.,  1.]]), array([2, 2, 1, 2]), 13919.0), (array([[2, 3],
       [2, 8],
       [8, 2],
       [9, 6]]), array([1, 1, 3, 1]), 15119.0), (array([[ 2,  6],
       [ 7,  0],
       [ 9, 10],
       [12,  4]]), array([1, 2, 0, 1]), 15125.0), (array([[ 1.,  2.],
       [ 3.,  8.],
       [12.,  8.],
       [13.,  6.]]), array([2, 2, 2, 1]), 15448.0), (array([[10, 10],
       [ 7,  7],
       [12,  6],
       [ 8,  2]]), array([0, 0, 1, 2]), 15449.0), (array([[ 9,  5],
       [11,  9],
       [13,  8],
       [ 3,  6]]), array([0, 0, 1, 2]), 15450.0), (array([[ 9,  3],
       [10,  6],
       [ 4,  8],
       [ 1,  3]]), array([1, 2, 2, 2]), 15599.0), (array([[11,  3],
       [ 5,  6],
       [ 1,  1],
       [ 2,  8]]), array([2, 3, 2, 3]), 15605.0)]
Generation 27 population configuration: 
[(array([[14,  2],
       [ 7,  0],
       [ 7,  5],
       [ 3,  4]]), array([0, 2, 2, 1]), 13651.0), (array([[14.,  2.],
       [ 7.,  0.],
       [ 7.,  5.],
       [ 3.,  4.]]), array([0, 2, 2, 1]), 13651.0), (array([[14.,  2.],
       [ 7.,  0.],
       [ 7.,  5.],
       [ 3.,  4.]]), array([0, 2, 2, 1]), 13651.0), (array([[14.,  2.],
       [ 7.,  0.],
       [ 7.,  5.],
       [ 3.,  4.]]), array([0, 2, 2, 1]), 13651.0), (array([[14.,  2.],
       [ 7.,  0.],
       [ 7.,  5.],
       [ 3.,  4.]]), array([0, 2, 2, 1]), 13651.0), (array([[14.,  2.],
       [ 7.,  0.],
       [ 7.,  5.],
       [ 3.,  4.]]), array([0, 2, 2, 1]), 13651.0), (array([[14.,  2.],
       [ 7.,  0.],
       [ 7.,  5.],
       [ 3.,  4.]]), array([0, 2, 2, 1]), 13651.0), (array([[14.,  2.],
       [ 7.,  0.],
       [ 7.,  5.],
       [ 3.,  4.]]), array([0, 2, 2, 1]), 13651.0), (array([[14.,  2.],
       [ 7.,  0.],
       [ 7.,  5.],
       [ 3.,  4.]]), array([0, 2, 2, 1]), 13651.0), (array([[14.,  2.],
       [ 7.,  0.],
       [ 7.,  5.],
       [ 3.,  4.]]), array([0, 2, 2, 1]), 13651.0), (array([[14.,  2.],
       [ 7.,  0.],
       [ 7.,  5.],
       [ 3.,  4.]]), array([0, 2, 2, 1]), 13651.0), (array([[14.,  2.],
       [ 7.,  0.],
       [ 7.,  5.],
       [ 3.,  4.]]), array([0, 2, 2, 1]), 13651.0), (array([[14.,  2.],
       [ 7.,  0.],
       [ 7.,  5.],
       [ 3.,  4.]]), array([0, 2, 2, 1]), 13651.0), (array([[ 9,  8],
       [10,  2],
       [ 3,  9],
       [ 0,  5]]), array([3, 3, 0, 1]), 14743.0), (array([[ 7,  2],
       [12,  2],
       [ 3,  7],
       [10, 10]]), array([0, 3, 2, 1]), 14743.0), (array([[10,  8],
       [12, 10],
       [ 4, 10],
       [10,  1]]), array([0, 1, 0, 2]), 15135.0), (array([[ 4,  5],
       [ 8,  6],
       [ 4, 10],
       [10,  0]]), array([0, 2, 0, 2]), 15438.0), (array([[ 9,  7],
       [13,  6],
       [ 5,  5],
       [ 1,  9]]), array([1, 1, 3, 2]), 15449.0), (array([[ 3,  5],
       [10,  5],
       [10,  0],
       [13,  6]]), array([1, 3, 2, 1]), 15596.0), (array([[ 9.,  3.],
       [10.,  6.],
       [ 4.,  8.],
       [ 1.,  3.]]), array([1, 2, 2, 2]), 15599.0)]
Generation 28 population configuration: 
[(array([[14,  2],
       [ 7,  0],
       [ 7,  5],
       [ 3,  4]]), array([0, 2, 2, 1]), 13651.0), (array([[14.,  2.],
       [ 7.,  0.],
       [ 7.,  5.],
       [ 3.,  4.]]), array([0, 2, 2, 1]), 13651.0), (array([[14.,  2.],
       [ 7.,  0.],
       [ 7.,  5.],
       [ 3.,  4.]]), array([0, 2, 2, 1]), 13651.0), (array([[14.,  2.],
       [ 7.,  0.],
       [ 7.,  5.],
       [ 3.,  4.]]), array([0, 2, 2, 1]), 13651.0), (array([[14.,  2.],
       [ 7.,  0.],
       [ 7.,  5.],
       [ 3.,  4.]]), array([0, 2, 2, 1]), 13651.0), (array([[14.,  2.],
       [ 7.,  0.],
       [ 7.,  5.],
       [ 3.,  4.]]), array([0, 2, 2, 1]), 13651.0), (array([[14.,  2.],
       [ 7.,  0.],
       [ 7.,  5.],
       [ 3.,  4.]]), array([0, 2, 2, 1]), 13651.0), (array([[14.,  2.],
       [ 7.,  0.],
       [ 7.,  5.],
       [ 3.,  4.]]), array([0, 2, 2, 1]), 13651.0), (array([[14.,  2.],
       [ 7.,  0.],
       [ 7.,  5.],
       [ 3.,  4.]]), array([0, 2, 2, 1]), 13651.0), (array([[14.,  3.],
       [ 7.,  1.],
       [ 7.,  6.],
       [ 3.,  5.]]), array([0, 2, 2, 1]), 13653.0), (array([[ 7.,  2.],
       [12.,  2.],
       [ 3.,  7.],
       [10., 10.]]), array([0, 3, 2, 1]), 14743.0), (array([[ 7,  7],
       [10,  8],
       [ 3,  1],
       [12,  1]]), array([0, 1, 3, 2]), 15125.0), (array([[ 1,  1],
       [ 1,  6],
       [10,  6],
       [ 9, 10]]), array([2, 2, 0, 1]), 15130.0), (array([[12,  6],
       [ 7,  7],
       [ 4,  4],
       [ 1,  9]]), array([0, 2, 3, 2]), 15131.0), (array([[ 1,  3],
       [ 6,  2],
       [10, 10],
       [13,  6]]), array([2, 0, 1, 1]), 15139.0), (array([[ 4.,  5.],
       [ 8.,  6.],
       [ 4., 10.],
       [10.,  0.]]), array([0, 2, 0, 2]), 15438.0), (array([[ 3,  3],
       [ 8,  1],
       [10,  2],
       [11,  8]]), array([3, 3, 2, 3]), 15439.0), (array([[14.,  2.],
       [ 7.,  0.],
       [ 7.,  5.],
       [ 3.,  4.]]), array([0, 2, 2, 0]), 15452.0), (array([[11,  9],
       [ 3,  8],
       [10,  1],
       [ 4,  4]]), array([2, 2, 2, 1]), 15594.0), (array([[ 3.,  5.],
       [10.,  5.],
       [10.,  0.],
       [13.,  6.]]), array([1, 3, 2, 1]), 15596.0)]
Generation 29 population configuration: 
[(array([[14,  2],
       [ 7,  0],
       [ 7,  5],
       [ 3,  4]]), array([0, 2, 2, 1]), 13651.0), (array([[14.,  2.],
       [ 7.,  0.],
       [ 7.,  5.],
       [ 3.,  4.]]), array([0, 2, 2, 1]), 13651.0), (array([[14.,  2.],
       [ 7.,  0.],
       [ 7.,  5.],
       [ 3.,  4.]]), array([0, 2, 2, 1]), 13651.0), (array([[14.,  2.],
       [ 7.,  0.],
       [ 7.,  5.],
       [ 3.,  4.]]), array([0, 2, 2, 1]), 13651.0), (array([[14.,  2.],
       [ 7.,  0.],
       [ 7.,  5.],
       [ 3.,  4.]]), array([0, 2, 2, 1]), 13651.0), (array([[14.,  2.],
       [ 7.,  0.],
       [ 7.,  5.],
       [ 3.,  4.]]), array([0, 2, 2, 1]), 13651.0), (array([[14.,  2.],
       [ 7.,  0.],
       [ 7.,  5.],
       [ 3.,  4.]]), array([0, 2, 2, 1]), 13651.0), (array([[14.,  2.],
       [ 7.,  0.],
       [ 7.,  5.],
       [ 3.,  4.]]), array([0, 2, 2, 1]), 13651.0), (array([[14.,  2.],
       [ 7.,  0.],
       [ 7.,  5.],
       [ 3.,  4.]]), array([0, 2, 2, 1]), 13651.0), (array([[14.,  2.],
       [ 7.,  0.],
       [ 7.,  5.],
       [ 3.,  4.]]), array([0, 2, 2, 1]), 13651.0), (array([[14.,  2.],
       [ 7.,  0.],
       [ 7.,  5.],
       [ 3.,  4.]]), array([0, 2, 2, 1]), 13651.0), (array([[14.,  2.],
       [ 7.,  0.],
       [ 7.,  5.],
       [ 3.,  4.]]), array([0, 2, 2, 1]), 13651.0), (array([[ 4,  6],
       [ 7,  8],
       [ 1, 10],
       [12,  6]]), array([0, 1, 1, 3]), 13922.0), (array([[ 7.,  2.],
       [12.,  2.],
       [ 3.,  7.],
       [10., 10.]]), array([0, 3, 2, 1]), 14743.0), (array([[12,  3],
       [11,  7],
       [ 5,  4],
       [ 5,  6]]), array([3, 2, 0, 2]), 14745.0), (array([[14.,  2.],
       [ 7.,  0.],
       [ 7.,  4.],
       [ 3.,  4.]]), array([0, 2, 2, 1]), 15131.0), (array([[ 5, 10],
       [ 6,  4],
       [11,  7],
       [ 4,  1]]), array([1, 1, 3, 3]), 15131.0), (array([[ 0,  9],
       [ 3,  4],
       [ 6,  4],
       [13,  9]]), array([1, 1, 1, 1]), 15133.0), (array([[ 5,  0],
       [ 6,  7],
       [12,  4],
       [11, 10]]), array([2, 3, 2, 0]), 15138.0), (array([[13,  4],
       [10,  8],
       [ 8,  3],
       [ 4,  9]]), array([1, 1, 3, 0]), 15443.0)]
Generation 30 population configuration: 
[(array([[14,  2],
       [ 7,  0],
       [ 7,  5],
       [ 3,  4]]), array([0, 2, 2, 1]), 13651.0), (array([[14.,  2.],
       [ 7.,  0.],
       [ 7.,  5.],
       [ 3.,  4.]]), array([0, 2, 2, 1]), 13651.0), (array([[14.,  2.],
       [ 7.,  0.],
       [ 7.,  5.],
       [ 3.,  4.]]), array([0, 2, 2, 1]), 13651.0), (array([[14.,  2.],
       [ 7.,  0.],
       [ 7.,  5.],
       [ 3.,  4.]]), array([0, 2, 2, 1]), 13651.0), (array([[14.,  2.],
       [ 7.,  0.],
       [ 7.,  5.],
       [ 3.,  4.]]), array([0, 2, 2, 1]), 13651.0), (array([[14.,  2.],
       [ 7.,  0.],
       [ 7.,  5.],
       [ 3.,  4.]]), array([0, 2, 2, 1]), 13651.0), (array([[14.,  2.],
       [ 7.,  0.],
       [ 7.,  5.],
       [ 3.,  4.]]), array([0, 2, 2, 1]), 13651.0), (array([[14.,  2.],
       [ 7.,  0.],
       [ 7.,  5.],
       [ 3.,  4.]]), array([0, 2, 2, 1]), 13651.0), (array([[14.,  2.],
       [ 7.,  0.],
       [ 7.,  5.],
       [ 3.,  4.]]), array([0, 2, 2, 1]), 13651.0), (array([[14.,  2.],
       [ 7.,  0.],
       [ 7.,  5.],
       [ 3.,  4.]]), array([0, 2, 2, 1]), 13651.0), (array([[14.,  2.],
       [ 7.,  0.],
       [ 7.,  5.],
       [ 3.,  4.]]), array([0, 2, 2, 1]), 13651.0), (array([[ 4.,  6.],
       [ 7.,  8.],
       [ 1., 10.],
       [12.,  6.]]), array([0, 1, 1, 3]), 13922.0), (array([[ 4.,  6.],
       [ 7.,  8.],
       [ 1., 10.],
       [12.,  6.]]), array([0, 1, 1, 3]), 13922.0), (array([[3, 2],
       [2, 7],
       [8, 3],
       [8, 8]]), array([0, 1, 0, 2]), 14892.0), (array([[15,  1],
       [ 8,  3],
       [ 8,  6],
       [ 2,  7]]), array([3, 1, 2, 3]), 15116.0), (array([[13,  6],
       [10,  3],
       [ 6,  9],
       [ 1,  3]]), array([1, 1, 2, 2]), 15123.0), (array([[ 2,  0],
       [ 4,  7],
       [13,  5],
       [13,  7]]), array([2, 1, 0, 3]), 15127.0), (array([[ 0.,  9.],
       [ 3.,  4.],
       [ 6.,  4.],
       [13.,  9.]]), array([1, 1, 1, 1]), 15133.0), (array([[10,  8],
       [ 9,  4],
       [13,  4],
       [ 5,  4]]), array([2, 2, 1, 1]), 15442.0), (array([[ 6,  7],
       [ 8,  3],
       [11,  9],
       [12,  2]]), array([2, 2, 2, 0]), 15601.0)]
Generation 31 population configuration: 
[(array([[14,  2],
       [ 7,  0],
       [ 7,  5],
       [ 3,  4]]), array([0, 2, 2, 1]), 13651.0), (array([[14.,  2.],
       [ 7.,  0.],
       [ 7.,  5.],
       [ 3.,  4.]]), array([0, 2, 2, 1]), 13651.0), (array([[14.,  2.],
       [ 7.,  0.],
       [ 7.,  5.],
       [ 3.,  4.]]), array([0, 2, 2, 1]), 13651.0), (array([[14.,  2.],
       [ 7.,  0.],
       [ 7.,  5.],
       [ 3.,  4.]]), array([0, 2, 2, 1]), 13651.0), (array([[14.,  2.],
       [ 7.,  0.],
       [ 7.,  5.],
       [ 3.,  4.]]), array([0, 2, 2, 1]), 13651.0), (array([[14.,  2.],
       [ 7.,  0.],
       [ 7.,  5.],
       [ 3.,  4.]]), array([0, 2, 2, 1]), 13651.0), (array([[14.,  2.],
       [ 7.,  0.],
       [ 7.,  5.],
       [ 3.,  4.]]), array([0, 2, 2, 1]), 13651.0), (array([[14.,  2.],
       [ 7.,  0.],
       [ 7.,  5.],
       [ 3.,  4.]]), array([0, 2, 2, 1]), 13651.0), (array([[14.,  2.],
       [ 7.,  0.],
       [ 7.,  5.],
       [ 3.,  4.]]), array([0, 2, 2, 1]), 13651.0), (array([[14.,  2.],
       [ 7.,  0.],
       [ 7.,  5.],
       [ 3.,  4.]]), array([0, 2, 2, 1]), 13651.0), (array([[14.,  2.],
       [ 7.,  0.],
       [ 7.,  5.],
       [ 3.,  4.]]), array([0, 2, 2, 1]), 13651.0), (array([[14.,  2.],
       [ 7.,  0.],
       [ 7.,  5.],
       [ 3.,  4.]]), array([0, 2, 2, 1]), 13651.0), (array([[14.,  2.],
       [ 7.,  0.],
       [ 7.,  5.],
       [ 3.,  4.]]), array([0, 2, 2, 1]), 13651.0), (array([[ 2,  3],
       [ 7,  6],
       [ 8,  3],
       [11,  1]]), array([1, 2, 0, 2]), 14740.0), (array([[ 9,  2],
       [10,  6],
       [ 4,  3],
       [ 2,  7]]), array([2, 2, 0, 3]), 14748.0), (array([[3., 2.],
       [2., 7.],
       [8., 3.],
       [8., 8.]]), array([0, 1, 0, 2]), 14892.0), (array([[ 2,  6],
       [ 8,  9],
       [11,  3],
       [10,  0]]), array([1, 0, 2, 2]), 14898.0), (array([[ 7,  6],
       [ 2,  6],
       [ 7, 11],
       [ 2,  2]]), array([2, 2, 0, 2]), 15123.0), (array([[ 8,  6],
       [11, 10],
       [ 3,  7],
       [ 3,  4]]), array([1, 1, 2, 0]), 15130.0), (array([[12,  4],
       [13,  3],
       [ 6, 10],
       [ 3, 10]]), array([3, 1, 1, 0]), 15596.0)]
Generation 32 population configuration: 
[(array([[14,  2],
       [ 7,  0],
       [ 7,  5],
       [ 3,  4]]), array([0, 2, 2, 1]), 13651.0), (array([[14.,  2.],
       [ 7.,  0.],
       [ 7.,  5.],
       [ 3.,  4.]]), array([0, 2, 2, 1]), 13651.0), (array([[14.,  2.],
       [ 7.,  0.],
       [ 7.,  5.],
       [ 3.,  4.]]), array([0, 2, 2, 1]), 13651.0), (array([[14.,  2.],
       [ 7.,  0.],
       [ 7.,  5.],
       [ 3.,  4.]]), array([0, 2, 2, 1]), 13651.0), (array([[14.,  2.],
       [ 7.,  0.],
       [ 7.,  5.],
       [ 3.,  4.]]), array([0, 2, 2, 1]), 13651.0), (array([[14.,  2.],
       [ 7.,  0.],
       [ 7.,  5.],
       [ 3.,  4.]]), array([0, 2, 2, 1]), 13651.0), (array([[14.,  2.],
       [ 7.,  0.],
       [ 7.,  5.],
       [ 3.,  4.]]), array([0, 2, 2, 1]), 13651.0), (array([[14.,  2.],
       [ 7.,  0.],
       [ 7.,  5.],
       [ 3.,  4.]]), array([0, 2, 2, 1]), 13651.0), (array([[14.,  2.],
       [ 7.,  0.],
       [ 7.,  5.],
       [ 3.,  4.]]), array([0, 2, 2, 1]), 13651.0), (array([[14.,  2.],
       [ 7.,  0.],
       [ 7.,  5.],
       [ 3.,  4.]]), array([0, 2, 2, 1]), 13651.0), (array([[14.,  2.],
       [ 7.,  0.],
       [ 7.,  5.],
       [ 3.,  4.]]), array([0, 2, 2, 1]), 13651.0), (array([[14.,  2.],
       [ 7.,  0.],
       [ 7.,  5.],
       [ 3.,  4.]]), array([0, 2, 2, 1]), 13651.0), (array([[14.,  2.],
       [ 7.,  0.],
       [ 7.,  5.],
       [ 3.,  4.]]), array([0, 2, 2, 1]), 13651.0), (array([[12, 10],
       [12,  4],
       [ 6, 10],
       [ 5,  2]]), array([0, 3, 1, 2]), 14270.0), (array([[ 8,  7],
       [10,  4],
       [ 6,  3],
       [ 2,  1]]), array([2, 2, 1, 2]), 14740.0), (array([[ 8,  6],
       [ 9,  5],
       [11,  4],
       [ 1,  8]]), array([2, 0, 1, 2]), 14745.0), (array([[ 4,  7],
       [ 0,  9],
       [10,  5],
       [ 2,  1]]), array([1, 1, 3, 2]), 14887.0), (array([[ 2.,  6.],
       [ 8.,  9.],
       [11.,  3.],
       [10.,  0.]]), array([1, 0, 2, 2]), 14898.0), (array([[13,  8],
       [ 8, 10],
       [ 8,  2],
       [ 4,  7]]), array([3, 1, 0, 1]), 15118.0), (array([[ 1,  8],
       [ 8, 10],
       [12,  5],
       [13, 10]]), array([1, 1, 1, 1]), 15130.0)]
Generation 33 population configuration: 
[(array([[14,  2],
       [ 7,  0],
       [ 7,  5],
       [ 3,  4]]), array([0, 2, 2, 1]), 13651.0), (array([[14.,  2.],
       [ 7.,  0.],
       [ 7.,  5.],
       [ 3.,  4.]]), array([0, 2, 2, 1]), 13651.0), (array([[14.,  2.],
       [ 7.,  0.],
       [ 7.,  5.],
       [ 3.,  4.]]), array([0, 2, 2, 1]), 13651.0), (array([[14.,  2.],
       [ 7.,  0.],
       [ 7.,  5.],
       [ 3.,  4.]]), array([0, 2, 2, 1]), 13651.0), (array([[14.,  2.],
       [ 7.,  0.],
       [ 7.,  5.],
       [ 3.,  4.]]), array([0, 2, 2, 1]), 13651.0), (array([[14.,  2.],
       [ 7.,  0.],
       [ 7.,  5.],
       [ 3.,  4.]]), array([0, 2, 2, 1]), 13651.0), (array([[14.,  2.],
       [ 7.,  0.],
       [ 7.,  5.],
       [ 3.,  4.]]), array([0, 2, 2, 1]), 13651.0), (array([[14.,  2.],
       [ 7.,  0.],
       [ 7.,  5.],
       [ 3.,  4.]]), array([0, 2, 2, 1]), 13651.0), (array([[14.,  2.],
       [ 7.,  0.],
       [ 7.,  5.],
       [ 3.,  4.]]), array([0, 2, 2, 1]), 13651.0), (array([[14.,  2.],
       [ 7.,  0.],
       [ 7.,  5.],
       [ 3.,  4.]]), array([0, 2, 2, 1]), 13651.0), (array([[14.,  2.],
       [ 7.,  0.],
       [ 7.,  5.],
       [ 3.,  4.]]), array([0, 2, 2, 1]), 13651.0), (array([[14.,  2.],
       [ 7.,  0.],
       [ 7.,  5.],
       [ 3.,  4.]]), array([0, 2, 2, 1]), 13651.0), (array([[ 8.,  6.],
       [ 9.,  5.],
       [11.,  4.],
       [ 1.,  4.]]), array([2, 0, 1, 1]), 14744.0), (array([[ 2.,  6.],
       [ 8.,  9.],
       [11.,  3.],
       [10.,  0.]]), array([1, 0, 2, 2]), 14898.0), (array([[ 2,  3],
       [ 5,  8],
       [12,  2],
       [11, 10]]), array([1, 2, 3, 1]), 15129.0), (array([[12,  3],
       [ 8,  3],
       [ 6,  9],
       [ 1,  3]]), array([2, 1, 1, 2]), 15129.0), (array([[14,  5],
       [12,  9],
       [ 5,  9],
       [ 2,  4]]), array([0, 2, 0, 1]), 15129.0), (array([[ 8,  2],
       [14,  5],
       [ 2,  6],
       [11,  9]]), array([0, 0, 2, 1]), 15131.0), (array([[ 1,  7],
       [ 6,  2],
       [13,  9],
       [13,  4]]), array([2, 3, 0, 0]), 15138.0), (array([[12,  3],
       [ 8,  1],
       [ 3,  8],
       [ 1,  6]]), array([1, 2, 2, 1]), 15610.0)]
Generation 34 population configuration: 
[(array([[14,  2],
       [ 7,  0],
       [ 7,  5],
       [ 3,  4]]), array([0, 2, 2, 1]), 13651.0), (array([[14.,  2.],
       [ 7.,  0.],
       [ 7.,  5.],
       [ 3.,  4.]]), array([0, 2, 2, 1]), 13651.0), (array([[14.,  2.],
       [ 7.,  0.],
       [ 7.,  5.],
       [ 3.,  4.]]), array([0, 2, 2, 1]), 13651.0), (array([[14.,  2.],
       [ 7.,  0.],
       [ 7.,  5.],
       [ 3.,  4.]]), array([0, 2, 2, 1]), 13651.0), (array([[14.,  2.],
       [ 7.,  0.],
       [ 7.,  5.],
       [ 3.,  4.]]), array([0, 2, 2, 1]), 13651.0), (array([[14.,  2.],
       [ 7.,  0.],
       [ 7.,  5.],
       [ 3.,  4.]]), array([0, 2, 2, 1]), 13651.0), (array([[14.,  2.],
       [ 7.,  0.],
       [ 7.,  5.],
       [ 3.,  4.]]), array([0, 2, 2, 1]), 13651.0), (array([[14.,  2.],
       [ 7.,  0.],
       [ 7.,  5.],
       [ 3.,  4.]]), array([0, 2, 2, 1]), 13651.0), (array([[14.,  2.],
       [ 7.,  0.],
       [ 7.,  5.],
       [ 3.,  4.]]), array([0, 2, 2, 1]), 13651.0), (array([[14.,  2.],
       [ 7.,  0.],
       [ 7.,  5.],
       [ 3.,  4.]]), array([0, 2, 2, 1]), 13651.0), (array([[14.,  2.],
       [ 7.,  0.],
       [ 7.,  5.],
       [ 3.,  4.]]), array([0, 2, 2, 1]), 13651.0), (array([[14.,  2.],
       [ 7.,  0.],
       [ 7.,  5.],
       [ 3.,  4.]]), array([0, 2, 2, 1]), 13651.0), (array([[14.,  2.],
       [ 7.,  0.],
       [ 7.,  5.],
       [ 3.,  4.]]), array([0, 2, 2, 1]), 13651.0), (array([[14.,  2.],
       [ 7.,  0.],
       [ 7.,  5.],
       [ 3.,  4.]]), array([0, 2, 2, 1]), 13651.0), (array([[12,  0],
       [ 7,  4],
       [11,  9],
       [ 5,  8]]), array([2, 0, 1, 3]), 14754.0), (array([[0, 3],
       [0, 9],
       [6, 8],
       [8, 5]]), array([1, 1, 3, 0]), 14896.0), (array([[12,  9],
       [ 8, 10],
       [ 4,  5],
       [ 2,  7]]), array([2, 1, 1, 3]), 15447.0), (array([[ 4, 10],
       [10,  6],
       [ 6,  2],
       [13,  2]]), array([0, 1, 2, 0]), 15459.0), (array([[11,  7],
       [ 6,  7],
       [ 5,  4],
       [ 0, 10]]), array([2, 2, 0, 1]), 15596.0), (array([[ 5,  8],
       [ 1,  5],
       [10,  3],
       [12,  7]]), array([2, 1, 2, 3]), 15596.0)]
Converged in 35 generations!